#n running-time
34 2.710000
34 1.750000
34 2.700000
35 1.590000
35 4.190000
35 5.350000
35 0.430000
35 0.430000
35 2.610000
35 0.330000
35 0.840000
35 2.750000
35 3.760000
35 3.100000
35 1.170000
35 0.250000
35 5.070000
35 1.760000
35 1.020000
35 1.640000
35 1.140000
36 5.000000
36 5.180000
36 1.710000
36 3.970000
36 7.000000
36 0.700000
36 3.130000
36 11.260000
36 0.490000
36 1.610000
36 0.670000
36 11.900000
36 3.570000
36 9.240000
36 0.300000
36 0.760000
36 3.060000
36 0.990000
36 0.950000
36 3.620000
36 2.410000
36 1.690000
36 1.180000
36 0.700000
36 2.490000
36 0.740000
36 2.390000
36 0.860000
36 2.620000
36 0.500000
36 6.390000
36 9.680000
36 0.860000
36 16.770000
36 1.620000
36 5.220000
36 0.990000
36 4.440000
36 1.210000
36 8.890000
36 2.690000
36 5.580000
37 2.570000
37 0.960000
37 2.110000
37 2.280000
37 2.340000
37 0.850000
37 0.320000
37 3.160000
37 1.070000
37 2.860000
37 3.920000
37 1.730000
37 1.250000
37 0.420000
37 13.980000
37 1.070000
37 1.870000
37 2.160000
37 1.700000
37 1.810000
37 1.480000
37 9.340000
37 2.290000
37 6.290000
37 2.290000
37 6.860000
37 0.990000
37 7.140000
37 0.300000
37 0.760000
37 0.920000
37 0.880000
37 3.560000
37 12.340000
37 1.610000
37 0.800000
37 0.600000
37 0.430000
37 0.860000
37 72.780000
37 3.010000
37 1.070000
37 1.330000
37 2.460000
37 2.300000
37 2.520000
37 2.410000
37 4.510000
37 1.420000
37 5.620000
37 2.250000
37 1.080000
37 1.200000
37 4.480000
37 2.150000
37 2.450000
37 2.780000
37 3.840000
37 1.450000
37 6.120000
37 4.680000
37 3.040000
37 6.980000
37 2.410000
37 4.490000
37 3.480000
37 0.530000
37 10.920000
37 12.450000
37 0.650000
37 3.270000
37 1.800000
37 6.900000
37 1.200000
37 1.540000
37 1.160000
37 1.420000
37 11.430000
37 1.570000
37 8.540000
37 0.560000
37 3.950000
37 1.340000
37 2.270000
37 2.530000
37 4.030000
37 1.850000
37 8.320000
37 2.870000
37 0.740000
37 0.950000
37 0.320000
37 0.750000
37 0.740000
37 0.520000
37 2.220000
37 3.680000
37 3.480000
37 5.990000
37 0.280000
37 2.170000
37 4.380000
37 1.190000
37 0.640000
37 1.890000
37 2.060000
37 2.950000
37 30.500000
37 5.010000
37 1.360000
37 1.380000
37 6.870000
37 8.290000
37 0.790000
37 1.130000
37 0.600000
37 1.080000
37 4.530000
37 0.190000
37 2.160000
37 0.670000
37 3.610000
37 7.090000
37 6.550000
37 1.140000
37 3.770000
37 10.300000
37 2.460000
37 5.910000
37 5.530000
37 0.230000
37 2.430000
37 0.320000
37 4.530000
37 6.080000
37 1.120000
37 0.860000
37 0.850000
38 0.590000
38 2.330000
38 0.490000
38 2.930000
38 3.670000
38 1.730000
38 0.480000
38 2.030000
38 3.530000
38 3.690000
38 2.130000
38 1.330000
38 5.060000
38 4.350000
38 0.570000
38 1.120000
38 1.210000
38 2.610000
38 1.130000
38 5.220000
38 0.930000
38 10.650000
38 1.720000
38 1.850000
38 0.390000
38 1.860000
38 0.840000
38 0.480000
38 9.750000
38 1.300000
38 6.620000
38 2.270000
38 0.510000
38 0.910000
38 1.480000
38 3.420000
38 3.130000
38 1.820000
38 7.600000
38 4.950000
38 9.940000
38 2.580000
38 4.300000
38 0.950000
38 3.330000
38 0.610000
38 5.560000
38 3.760000
38 7.820000
38 4.810000
38 7.670000
38 1.250000
38 4.340000
38 2.580000
38 5.780000
38 5.830000
38 0.860000
38 4.810000
38 4.440000
38 2.960000
38 7.920000
38 4.080000
38 4.320000
38 2.830000
38 6.700000
38 0.290000
38 16.750000
38 6.710000
38 4.730000
38 0.750000
38 6.120000
38 4.210000
38 1.880000
38 9.050000
38 0.510000
38 3.490000
38 1.300000
38 61.110000
38 0.740000
38 4.900000
38 0.900000
38 1.910000
38 1.460000
38 2.240000
38 1.650000
38 1.360000
38 12.810000
38 5.550000
38 0.510000
38 1.460000
38 6.450000
38 4.970000
38 3.350000
38 2.250000
38 0.730000
38 7.980000
38 2.020000
38 2.480000
38 2.800000
38 3.970000
38 1.020000
38 0.630000
38 2.150000
38 1.260000
38 3.320000
38 2.390000
38 3.120000
38 16.380000
38 2.030000
38 2.010000
38 2.530000
38 10.500000
38 5.400000
38 0.930000
38 2.130000
38 7.000000
38 2.250000
38 2.610000
38 2.570000
38 1.840000
38 1.220000
38 1.740000
38 5.110000
38 1.800000
38 4.000000
38 9.660000
38 3.900000
38 9.480000
38 12.180000
38 1.590000
38 3.250000
38 6.380000
38 3.930000
38 2.910000
38 8.540000
38 3.330000
38 7.220000
38 1.880000
38 2.020000
38 2.150000
38 1.170000
38 0.370000
38 2.120000
38 6.060000
38 7.600000
38 1.630000
38 1.080000
38 0.500000
38 1.390000
38 1.020000
38 2.780000
38 1.690000
38 1.370000
38 2.700000
38 2.190000
38 5.220000
38 4.680000
38 16.800000
38 1.500000
38 0.870000
38 0.630000
38 2.400000
38 3.300000
38 8.610000
38 0.860000
38 2.180000
38 6.960000
38 1.670000
38 1.480000
38 5.040000
38 1.640000
38 2.460000
38 1.490000
38 4.240000
38 2.110000
38 1.640000
38 6.150000
38 1.540000
38 2.560000
38 2.600000
38 2.110000
38 1.130000
38 1.750000
38 4.100000
38 10.500000
38 6.470000
38 0.790000
38 2.590000
38 2.460000
38 2.620000
38 5.120000
38 2.840000
38 5.070000
38 1.030000
38 0.190000
38 5.230000
38 0.520000
38 1.760000
38 2.310000
38 4.550000
38 1.410000
38 12.750000
38 0.540000
38 3.560000
38 7.100000
38 1.100000
38 10.980000
38 0.780000
38 7.920000
38 4.840000
38 1.210000
38 3.470000
38 8.130000
38 1.310000
38 4.170000
38 1.950000
38 4.220000
38 1.480000
38 12.510000
38 0.660000
38 61.720000
38 1.050000
38 1.720000
38 2.010000
38 2.260000
38 6.480000
38 2.920000
38 0.530000
38 7.210000
38 1.170000
38 1.540000
38 1.760000
38 8.330000
38 3.690000
38 1.530000
38 3.690000
38 0.540000
38 8.680000
38 2.240000
38 3.350000
38 1.150000
38 0.800000
38 9.050000
38 3.370000
38 4.210000
38 1.040000
38 1.000000
38 1.990000
38 2.920000
38 6.120000
38 0.730000
38 1.450000
38 6.810000
38 4.780000
38 13.380000
38 5.130000
38 7.210000
38 13.540000
38 4.520000
38 6.620000
38 1.630000
38 6.450000
38 6.240000
38 2.460000
38 0.490000
38 3.870000
39 2.020000
39 2.770000
39 1.250000
39 2.070000
39 2.900000
39 3.720000
39 1.010000
39 3.780000
39 7.350000
39 1.390000
39 21.480000
39 6.980000
39 2.770000
39 0.590000
39 5.960000
39 5.170000
39 1.680000
39 8.160000
39 10.030000
39 6.910000
39 4.680000
39 2.920000
39 3.400000
39 5.370000
39 2.180000
39 1.590000
39 5.330000
39 2.180000
39 4.090000
39 4.260000
39 9.360000
39 3.020000
39 2.890000
39 1.150000
39 28.490000
39 4.750000
39 7.530000
39 6.580000
39 4.440000
39 12.420000
39 5.510000
39 3.680000
39 2.720000
39 1.940000
39 2.690000
39 1.570000
39 6.000000
39 5.280000
39 34.600000
39 7.190000
39 1.060000
39 1.280000
39 10.530000
39 0.510000
39 1.650000
39 5.520000
39 1.880000
39 2.650000
39 5.030000
39 20.610000
39 8.400000
39 5.240000
39 3.610000
39 9.500000
39 1.830000
39 3.420000
39 6.730000
39 1.760000
39 1.440000
39 5.000000
39 2.550000
39 7.210000
39 1.980000
39 3.980000
39 5.360000
39 2.330000
39 11.300000
39 2.920000
39 6.530000
39 1.970000
39 8.340000
39 0.840000
39 2.020000
39 2.090000
39 7.970000
39 8.350000
39 1.950000
39 20.350000
39 0.780000
39 4.240000
39 2.370000
39 4.690000
39 9.150000
39 5.620000
39 7.180000
39 4.170000
39 4.740000
39 0.870000
39 4.330000
39 1.590000
39 0.690000
39 1.580000
39 3.230000
39 0.700000
39 1.740000
39 4.600000
39 7.220000
39 4.680000
39 4.530000
39 0.910000
39 2.780000
39 2.950000
39 0.740000
39 0.910000
39 2.490000
39 6.390000
39 1.540000
39 4.240000
39 1.030000
39 4.590000
39 4.260000
39 9.290000
39 4.280000
39 1.010000
39 3.050000
39 4.950000
39 3.250000
39 0.490000
39 0.700000
39 5.350000
39 4.280000
39 5.450000
39 13.140000
39 3.720000
39 1.200000
39 7.000000
39 0.990000
39 5.970000
39 13.550000
39 1.510000
39 7.420000
39 2.460000
39 1.740000
39 2.600000
39 7.970000
39 5.280000
39 4.860000
39 0.610000
39 2.250000
39 7.480000
39 0.830000
39 1.430000
39 2.920000
39 3.860000
39 3.860000
39 1.190000
39 7.600000
39 2.160000
39 4.790000
39 2.970000
39 6.320000
39 5.370000
39 4.320000
39 0.740000
39 28.010000
39 10.440000
39 0.790000
39 8.580000
39 3.600000
39 3.760000
39 1.040000
39 12.220000
39 2.960000
39 6.370000
39 3.120000
39 5.300000
39 2.310000
39 6.910000
39 7.330000
39 6.340000
39 6.360000
39 3.000000
39 0.880000
39 0.820000
39 3.130000
39 10.230000
39 12.960000
39 3.470000
39 0.740000
39 5.280000
39 4.290000
39 0.890000
39 31.060000
39 4.500000
39 0.950000
39 11.870000
39 6.470000
39 1.450000
39 2.510000
39 1.190000
39 4.880000
39 10.330000
39 4.530000
39 3.120000
39 1.520000
39 0.960000
39 8.960000
39 3.360000
39 4.580000
39 1.700000
39 9.250000
39 1.790000
39 8.560000
39 11.920000
39 1.200000
39 3.740000
39 5.870000
39 7.630000
39 9.110000
39 5.630000
39 8.860000
39 6.490000
39 1.090000
39 4.620000
39 9.560000
39 3.210000
39 41.180000
39 3.800000
39 14.600000
39 1.920000
39 2.740000
39 3.120000
39 2.020000
39 4.960000
39 1.040000
39 15.900000
39 12.020000
39 5.400000
39 3.870000
39 3.190000
39 2.240000
39 0.680000
39 4.480000
39 2.540000
39 1.960000
39 7.440000
39 17.060000
39 1.310000
39 6.860000
39 9.390000
39 2.570000
39 34.390000
39 3.430000
39 15.110000
39 0.650000
39 0.660000
39 3.500000
39 13.900000
39 1.710000
39 3.190000
39 3.470000
39 8.120000
39 1.100000
39 1.230000
39 4.110000
39 2.480000
39 1.870000
39 5.920000
39 3.290000
39 3.010000
39 2.730000
39 3.380000
39 0.650000
39 0.870000
39 4.850000
39 2.610000
39 6.390000
39 2.270000
39 13.720000
39 1.620000
39 6.720000
39 0.970000
39 9.000000
39 0.770000
39 0.910000
39 1.820000
39 2.690000
39 2.650000
39 5.150000
39 5.360000
39 4.960000
39 3.020000
39 7.280000
39 1.770000
39 11.010000
39 4.480000
39 3.080000
39 1.330000
39 3.830000
39 1.810000
39 7.810000
39 8.190000
39 1.740000
39 0.260000
39 5.950000
39 3.390000
39 5.930000
39 62.750000
39 2.150000
39 0.940000
39 13.490000
39 25.320000
39 4.500000
39 0.640000
39 1.760000
39 2.370000
39 0.490000
39 1.270000
39 4.850000
39 15.440000
39 4.140000
39 2.260000
39 1.010000
39 24.370000
39 2.460000
39 7.060000
39 4.950000
39 1.850000
39 1.380000
39 1.410000
39 21.790000
39 2.720000
39 2.430000
39 4.290000
39 6.010000
39 1.020000
39 4.500000
39 5.950000
39 0.920000
39 11.690000
39 6.240000
39 1.880000
39 7.350000
39 3.660000
39 8.690000
39 6.060000
39 2.620000
39 4.600000
39 2.900000
39 2.990000
39 5.460000
39 3.970000
39 1.650000
39 6.110000
39 1.800000
39 0.640000
39 2.310000
39 1.880000
39 1.410000
39 1.630000
39 6.990000
39 9.990000
39 1.460000
39 9.430000
39 1.570000
39 1.130000
39 1.510000
39 1.960000
39 11.940000
39 5.550000
39 5.860000
39 0.350000
39 2.800000
39 1.840000
39 114.330000
39 4.080000
39 0.710000
39 16.470000
39 1.540000
39 2.240000
39 12.530000
39 3.420000
39 2.300000
39 2.160000
39 5.160000
39 2.250000
39 6.000000
39 2.970000
39 1.900000
39 10.610000
39 2.270000
39 1.080000
39 2.400000
39 1.560000
39 4.190000
39 0.600000
39 2.480000
39 5.480000
39 6.500000
39 0.480000
39 1.780000
39 1.790000
39 4.550000
39 5.660000
39 1.240000
39 6.260000
40 2.310000
40 0.520000
40 4.230000
40 1.380000
40 5.730000
40 2.040000
40 10.750000
40 1.730000
40 8.800000
40 1.900000
40 30.970000
40 2.570000
40 5.270000
40 2.260000
40 18.410000
40 23.360000
40 0.680000
40 2.760000
40 5.060000
40 0.660000
40 9.000000
40 8.470000
40 3.220000
40 0.770000
40 6.420000
40 3.150000
40 2.900000
40 14.940000
40 5.420000
40 1.080000
40 10.870000
40 14.300000
40 20.960000
40 2.970000
40 0.440000
40 7.790000
40 12.350000
40 3.480000
40 7.140000
40 2.320000
40 29.800000
40 10.600000
40 1.730000
40 15.260000
40 10.900000
40 0.850000
40 2.110000
40 2.890000
40 3.180000
40 2.900000
40 4.140000
40 2.600000
40 1.720000
40 1.200000
40 6.600000
40 5.980000
40 2.510000
40 4.170000
40 4.490000
40 1.180000
40 3.140000
40 10.000000
40 6.930000
40 8.520000
40 2.110000
40 0.900000
40 16.700000
40 1.210000
40 5.090000
40 11.560000
40 11.130000
40 2.720000
40 16.550000
40 5.330000
40 7.200000
40 9.620000
40 7.680000
40 1.940000
40 6.240000
40 14.310000
40 3.980000
40 6.710000
40 4.350000
40 3.360000
40 16.740000
40 12.510000
40 16.780000
40 5.620000
40 3.980000
40 3.670000
40 5.790000
40 1.690000
40 12.330000
40 63.730000
40 0.780000
40 4.340000
40 7.240000
40 14.860000
40 2.380000
40 3.270000
40 3.630000
40 120.000000
40 1.210000
40 8.480000
40 1.040000
40 67.150000
40 0.750000
40 5.410000
40 11.020000
40 0.720000
40 6.850000
40 2.460000
40 2.620000
40 21.710000
40 3.980000
40 2.630000
40 2.310000
40 1.710000
40 4.360000
40 6.910000
40 1.640000
40 2.100000
40 2.120000
40 14.680000
40 1.610000
40 4.740000
40 2.260000
40 5.040000
40 2.370000
40 32.470000
40 3.080000
40 7.060000
40 3.910000
40 2.900000
40 5.340000
40 13.410000
40 20.640000
40 4.470000
40 20.150000
40 8.580000
40 3.400000
40 0.940000
40 2.540000
40 1.860000
40 9.670000
40 1.640000
40 2.540000
40 10.380000
40 4.710000
40 10.090000
40 2.280000
40 3.430000
40 2.550000
40 0.860000
40 5.230000
40 1.150000
40 11.860000
40 2.690000
40 5.650000
40 5.900000
40 10.900000
40 12.290000
40 4.070000
40 3.230000
40 7.080000
40 5.340000
40 9.440000
40 5.350000
40 20.490000
40 1.640000
40 1.430000
40 8.670000
40 11.850000
40 4.030000
40 2.500000
40 2.020000
40 7.570000
40 16.890000
40 5.570000
40 4.270000
40 4.250000
40 5.300000
40 1.350000
40 4.100000
40 8.130000
40 4.020000
40 11.560000
40 1.080000
40 10.650000
40 8.580000
40 9.110000
40 6.930000
40 4.870000
40 4.390000
40 1.730000
40 1.630000
40 3.730000
40 3.720000
40 0.330000
40 2.750000
40 9.480000
40 2.750000
40 17.940000
40 0.940000
40 0.900000
40 2.710000
40 16.450000
40 5.930000
40 22.550000
40 17.640000
40 8.670000
40 5.590000
40 1.110000
40 8.010000
40 2.680000
40 12.820000
40 9.040000
40 10.980000
40 5.230000
40 6.030000
40 2.150000
40 8.640000
40 8.810000
40 4.590000
40 1.950000
40 7.210000
40 3.750000
40 15.980000
40 5.400000
40 15.700000
40 3.680000
40 3.080000
40 4.020000
40 4.720000
40 6.520000
40 9.620000
40 2.750000
40 3.560000
40 86.360000
40 7.790000
40 4.570000
40 5.930000
40 9.500000
40 7.590000
40 4.530000
40 4.600000
40 3.990000
40 2.290000
40 1.930000
40 8.480000
40 2.680000
40 1.550000
40 4.830000
40 11.400000
40 6.220000
40 4.610000
40 2.170000
40 27.820000
40 0.730000
40 0.920000
40 1.410000
40 3.640000
40 1.060000
40 18.830000
40 6.160000
40 2.500000
40 1.300000
40 2.500000
40 5.790000
40 27.410000
40 6.750000
40 4.400000
40 4.570000
40 1.750000
40 33.160000
40 1.640000
40 0.700000
40 6.390000
40 4.300000
40 2.570000
40 4.370000
40 9.710000
40 2.300000
40 0.740000
40 22.910000
40 8.880000
40 7.900000
40 0.880000
40 2.460000
40 1.330000
40 8.640000
40 15.820000
40 3.780000
40 2.510000
40 4.400000
40 5.390000
40 4.890000
40 22.700000
40 3.920000
40 0.700000
40 1.110000
40 8.970000
40 2.000000
40 6.650000
40 3.970000
40 1.510000
40 1.360000
40 1.270000
40 0.940000
40 1.210000
40 3.090000
40 3.580000
40 2.320000
40 4.000000
40 2.660000
40 6.680000
40 2.040000
40 2.740000
40 2.390000
40 7.230000
40 4.680000
40 2.600000
40 13.640000
40 1.540000
40 1.980000
40 13.360000
40 59.550000
40 4.330000
40 4.330000
40 4.580000
40 2.670000
40 10.630000
40 4.870000
40 0.990000
40 0.960000
40 3.000000
40 129.200000
40 4.520000
40 9.020000
40 16.600000
40 5.980000
40 3.640000
40 3.450000
40 1.880000
40 11.740000
40 5.870000
40 6.480000
40 5.740000
40 7.580000
40 2.420000
40 58.320000
40 11.010000
40 2.520000
40 1.870000
40 4.190000
40 5.910000
40 13.490000
40 4.460000
40 2.960000
40 1.010000
40 35.820000
40 2.240000
40 2.950000
40 4.470000
40 12.930000
40 17.240000
40 4.240000
40 3.980000
40 2.070000
40 1.750000
40 0.730000
40 5.940000
40 9.110000
40 1.780000
40 5.640000
40 3.590000
40 1.920000
40 1.560000
40 41.170000
40 5.020000
40 1.340000
40 5.830000
40 1.010000
40 2.420000
40 5.790000
40 9.250000
40 1.550000
40 1.100000
40 3.020000
40 13.760000
40 2.930000
40 3.440000
40 2.560000
40 4.030000
40 5.940000
40 7.830000
40 2.170000
40 0.860000
40 0.570000
40 18.720000
40 7.970000
40 2.120000
40 7.300000
40 5.020000
40 0.810000
40 10.520000
40 6.290000
40 3.810000
40 3.460000
40 2.610000
40 23.250000
40 5.820000
40 2.420000
40 1.710000
40 18.490000
40 14.400000
40 0.810000
40 3.150000
40 3.250000
40 0.960000
40 1.760000
40 1.710000
40 5.070000
40 7.350000
40 3.290000
40 9.100000
40 2.670000
40 8.050000
40 2.490000
40 5.450000
40 34.050000
40 3.800000
40 10.650000
40 2.340000
40 8.910000
40 5.010000
40 1.360000
40 32.880000
40 8.960000
40 32.760000
40 16.150000
40 5.510000
40 5.800000
40 7.430000
40 7.300000
40 1.520000
40 5.490000
40 4.010000
40 6.160000
40 6.270000
40 4.710000
40 2.710000
40 24.980000
40 7.260000
40 4.710000
40 0.850000
40 2.890000
40 3.560000
40 11.290000
40 3.800000
40 11.540000
40 8.680000
40 2.770000
40 21.690000
40 8.580000
40 19.620000
40 1.180000
40 1.520000
40 5.050000
40 7.690000
40 27.210000
40 4.590000
40 6.400000
40 7.300000
40 1.330000
40 7.560000
40 4.680000
40 5.130000
40 7.740000
40 9.270000
40 1.400000
41 3.250000
41 13.220000
41 1.990000
41 16.510000
41 2.850000
41 1.410000
41 15.010000
41 6.410000
41 9.060000
41 8.500000
41 3.480000
41 19.210000
41 3.660000
41 6.090000
41 7.650000
41 1.040000
41 5.150000
41 4.670000
41 5.250000
41 23.310000
41 1.350000
41 5.960000
41 5.530000
41 1.910000
41 9.500000
41 2.670000
41 11.820000
41 24.500000
41 0.430000
41 9.560000
41 3.640000
41 12.460000
41 5.920000
41 3.840000
41 1.710000
41 1.780000
41 3.410000
41 4.450000
41 1.070000
41 5.240000
41 1.820000
41 18.570000
41 4.600000
41 5.440000
41 6.640000
41 5.500000
41 2.450000
41 2.780000
41 3.720000
41 39.650000
41 3.640000
41 1.200000
41 4.660000
41 8.290000
41 13.880000
41 1.190000
41 2.250000
41 3.080000
41 4.720000
41 2.190000
41 2.460000
41 3.840000
41 16.060000
41 13.290000
41 6.130000
41 6.180000
41 2.860000
41 20.190000
41 1.640000
41 14.210000
41 5.380000
41 37.910000
41 8.620000
41 17.450000
41 12.270000
41 2.810000
41 4.420000
41 3.160000
41 7.840000
41 1.790000
41 0.880000
41 6.740000
41 15.080000
41 3.500000
41 1.430000
41 8.150000
41 4.350000
41 1.340000
41 15.790000
41 4.090000
41 5.970000
41 7.740000
41 2.100000
41 2.310000
41 0.760000
41 10.190000
41 8.690000
41 29.160000
41 2.380000
41 9.570000
41 2.350000
41 6.550000
41 54.990000
41 5.890000
41 1.580000
41 0.930000
41 4.870000
41 25.220000
41 2.240000
41 9.840000
41 8.820000
41 2.460000
41 29.360000
41 7.270000
41 6.050000
41 3.300000
41 8.090000
41 3.530000
41 2.840000
41 11.870000
41 1.320000
41 1.540000
41 2.190000
41 5.690000
41 67.000000
41 24.600000
41 5.970000
41 2.260000
41 11.250000
41 6.270000
41 5.980000
41 5.180000
41 1.500000
41 3.080000
41 13.870000
41 9.420000
41 10.070000
41 9.720000
41 22.380000
41 12.000000
41 5.770000
41 2.890000
41 1.540000
41 4.640000
41 6.590000
41 8.740000
41 4.190000
41 1.520000
41 6.200000
41 1.660000
41 12.570000
41 14.060000
41 9.690000
41 8.800000
41 3.710000
41 5.920000
41 5.180000
41 90.310000
41 2.310000
41 6.140000
41 30.120000
41 4.850000
41 8.710000
41 2.430000
41 4.810000
41 9.540000
41 63.460000
41 9.910000
41 17.010000
41 5.200000
41 4.590000
41 3.940000
41 2.020000
41 4.720000
41 7.270000
41 4.380000
41 1.750000
41 4.070000
41 4.240000
41 24.220000
41 2.160000
41 13.120000
41 17.680000
41 6.940000
41 6.390000
41 0.880000
41 0.650000
41 8.230000
41 8.430000
41 4.190000
41 3.210000
41 8.870000
41 19.780000
41 45.600000
41 3.400000
41 4.870000
41 5.160000
41 8.070000
41 19.200000
41 12.600000
41 4.850000
41 12.380000
41 3.780000
41 1.020000
41 0.960000
41 3.280000
41 18.110000
41 1.480000
41 4.130000
41 1.420000
41 1.670000
41 3.040000
41 0.670000
41 1.300000
41 3.280000
41 18.150000
41 8.830000
41 7.190000
41 28.260000
41 7.530000
41 3.050000
41 30.870000
41 1.310000
41 8.270000
41 8.260000
41 1.130000
41 0.880000
41 5.380000
41 12.710000
41 1.950000
41 14.560000
41 5.900000
41 13.060000
41 7.850000
41 41.080000
41 6.220000
41 34.370000
41 1.060000
41 3.810000
41 1.280000
41 3.950000
41 12.990000
41 0.980000
41 2.690000
41 2.600000
41 1.960000
41 7.390000
41 4.320000
41 3.350000
41 5.430000
41 1.580000
41 7.870000
41 46.150000
41 1.820000
41 39.710000
41 61.850000
41 16.920000
41 7.740000
41 4.300000
41 3.400000
41 16.200000
41 6.690000
41 6.840000
41 8.690000
41 0.680000
41 2.920000
41 3.770000
41 1.540000
41 21.570000
41 5.610000
41 8.130000
41 3.090000
41 5.580000
41 3.590000
41 6.940000
41 4.280000
41 7.960000
41 19.010000
41 15.780000
41 0.650000
41 8.340000
41 14.000000
41 4.830000
41 44.570000
41 2.670000
41 16.320000
41 2.930000
41 12.670000
41 2.890000
41 2.190000
41 4.040000
41 6.590000
41 26.530000
41 1.890000
41 16.840000
41 6.730000
41 6.990000
41 3.780000
41 15.120000
41 12.260000
41 3.730000
41 3.180000
41 6.030000
41 3.510000
41 1.640000
41 4.080000
41 4.620000
41 1.310000
41 6.130000
41 19.130000
41 15.200000
41 3.720000
41 6.380000
41 12.270000
41 20.970000
41 15.100000
41 32.590000
41 1.330000
41 9.620000
41 10.390000
41 8.310000
41 7.510000
41 11.150000
41 1.010000
41 6.880000
41 10.160000
41 5.890000
41 5.750000
41 3.680000
41 6.120000
41 4.080000
41 20.080000
41 1.050000
41 2.160000
41 1.140000
41 1.060000
41 6.250000
41 1.540000
41 14.270000
41 1.050000
41 5.310000
41 3.690000
41 1.850000
41 3.140000
41 0.870000
41 11.040000
41 6.290000
41 11.360000
41 14.310000
41 4.320000
41 21.140000
41 0.730000
41 2.210000
41 1.450000
41 9.070000
41 6.400000
41 19.110000
41 3.920000
41 26.970000
41 8.250000
41 23.030000
41 5.130000
41 1.430000
41 12.790000
41 5.230000
41 9.890000
41 1.700000
41 149.790000
41 6.120000
41 2.240000
41 22.670000
41 9.960000
41 4.800000
41 4.880000
41 10.610000
41 9.630000
41 1.180000
41 1.390000
41 5.580000
41 3.010000
41 6.280000
41 2.880000
41 2.990000
41 4.410000
41 12.330000
41 4.900000
41 7.330000
41 7.970000
41 3.590000
41 1.780000
41 1.600000
41 2.520000
41 4.610000
41 5.750000
41 6.190000
41 8.230000
41 9.260000
41 1.730000
41 11.730000
41 2.690000
41 2.490000
41 8.680000
41 2.450000
41 13.140000
41 44.070000
41 3.760000
41 42.440000
41 3.360000
41 19.690000
41 1.010000
41 9.930000
41 22.090000
41 6.120000
41 7.300000
41 2.340000
41 4.670000
41 10.400000
41 18.460000
41 2.740000
41 10.920000
41 5.030000
41 4.930000
41 4.740000
41 19.030000
41 2.660000
41 6.410000
41 3.390000
41 4.840000
41 3.620000
41 13.960000
41 4.670000
41 7.580000
41 2.490000
41 7.450000
41 9.610000
41 5.460000
41 4.910000
41 1.360000
41 2.850000
41 0.750000
41 5.400000
41 1.230000
41 5.080000
41 37.310000
41 2.510000
41 3.410000
41 2.650000
41 7.750000
41 4.810000
41 8.300000
41 12.850000
41 4.870000
41 4.150000
41 8.310000
41 5.050000
41 4.830000
41 79.680000
41 5.690000
41 1.550000
41 23.860000
41 5.830000
41 9.720000
41 4.930000
41 14.630000
41 7.430000
41 23.160000
41 8.260000
41 2.430000
41 6.710000
41 9.690000
41 1.880000
41 7.440000
41 1.190000
41 2.980000
41 6.620000
41 2.420000
41 3.170000
41 9.460000
41 4.660000
41 3.140000
41 13.680000
41 2.240000
41 4.700000
41 1.580000
41 8.320000
41 4.020000
41 52.790000
41 5.560000
41 2.700000
41 3.350000
41 11.420000
41 9.400000
41 30.790000
41 17.320000
41 7.140000
41 12.570000
41 7.990000
41 2.800000
41 8.290000
41 5.950000
41 44.490000
41 3.400000
41 18.320000
41 10.310000
41 5.910000
41 3.820000
41 7.350000
41 2.430000
41 6.860000
41 3.700000
41 1.810000
41 62.600000
41 5.340000
41 18.020000
41 2.150000
41 62.110000
41 6.380000
41 2.780000
41 16.750000
41 1.800000
41 35.380000
41 1.850000
41 11.230000
41 9.740000
41 4.850000
41 2.130000
41 34.430000
41 13.160000
41 7.430000
41 1.080000
41 12.700000
41 2.220000
41 20.710000
41 101.900000
41 4.690000
41 1.310000
41 3.370000
41 27.210000
41 8.070000
41 3.890000
41 5.200000
41 4.550000
41 5.640000
41 2.310000
41 8.110000
41 6.560000
41 4.390000
41 3.410000
41 25.780000
41 3.810000
41 5.130000
41 45.040000
41 9.850000
41 9.530000
41 2.760000
41 12.720000
41 189.410000
41 7.830000
41 20.980000
41 5.660000
41 0.840000
41 49.790000
41 4.680000
41 0.690000
41 5.140000
41 11.380000
41 16.940000
41 3.710000
