#n running-time
15 0.070000
16 0.170000
16 0.100000
16 0.090000
16 0.100000
16 0.100000
16 0.070000
16 0.110000
16 0.140000
16 0.110000
16 0.170000
16 0.190000
16 0.130000
16 0.120000
17 0.320000
17 0.190000
17 0.310000
17 0.360000
17 0.170000
17 0.250000
17 0.210000
17 0.360000
17 0.210000
17 0.550000
17 0.170000
17 0.140000
17 0.210000
17 0.120000
17 0.270000
17 0.150000
17 0.100000
17 0.180000
17 0.850000
17 0.240000
17 0.360000
17 0.150000
17 0.140000
17 0.560000
17 0.280000
17 0.210000
17 0.180000
17 0.230000
18 0.400000
18 0.420000
18 0.230000
18 0.350000
18 0.240000
18 0.220000
18 0.350000
18 0.270000
18 0.620000
18 0.420000
18 0.380000
18 0.400000
18 0.460000
18 0.320000
18 0.500000
18 0.230000
18 0.530000
18 0.240000
18 0.550000
18 0.570000
18 0.190000
18 0.330000
18 0.680000
18 0.260000
18 0.210000
18 0.440000
18 0.260000
18 0.510000
18 0.380000
18 0.330000
18 0.540000
18 0.380000
18 0.240000
18 0.400000
18 0.290000
18 0.230000
18 0.580000
18 0.290000
18 0.130000
18 0.240000
18 0.440000
18 0.360000
18 0.610000
18 0.770000
18 0.640000
18 0.180000
18 0.400000
18 0.400000
18 0.320000
18 0.560000
18 0.630000
18 0.280000
18 0.440000
18 0.290000
18 0.280000
18 0.570000
18 0.410000
18 0.790000
18 0.810000
18 0.120000
18 0.370000
18 0.280000
18 0.300000
18 0.350000
18 0.550000
18 0.700000
18 0.200000
18 0.410000
18 0.540000
18 0.220000
18 0.360000
18 0.580000
18 0.460000
18 0.120000
18 0.220000
18 0.140000
18 0.400000
18 0.420000
18 0.560000
18 0.210000
18 0.390000
18 0.160000
18 0.570000
18 0.690000
18 0.390000
18 0.410000
18 1.160000
18 0.460000
18 0.380000
18 0.360000
18 0.430000
18 0.400000
18 0.350000
18 0.380000
18 0.820000
18 0.460000
18 0.330000
18 0.510000
18 0.230000
18 0.420000
18 0.210000
18 0.310000
18 0.560000
18 0.200000
18 0.180000
18 0.360000
18 0.430000
19 0.580000
19 0.720000
19 1.180000
19 1.300000
19 0.670000
19 0.390000
19 0.630000
19 0.840000
19 1.230000
19 0.820000
19 1.480000
19 0.690000
19 1.160000
19 0.820000
19 0.830000
19 1.150000
19 1.310000
19 0.540000
19 1.080000
19 0.720000
19 0.760000
19 0.240000
19 0.540000
19 1.460000
19 0.700000
19 0.320000
19 1.020000
19 1.370000
19 1.030000
19 0.710000
19 0.290000
19 0.650000
19 0.580000
19 0.220000
19 0.900000
19 0.770000
19 1.040000
19 0.690000
19 0.600000
19 1.150000
19 1.230000
19 0.530000
19 1.620000
19 0.260000
19 0.620000
19 0.390000
19 0.520000
19 0.720000
19 0.510000
19 0.470000
19 0.680000
19 0.390000
19 0.600000
19 0.340000
19 0.420000
19 0.290000
19 0.500000
19 0.970000
19 0.830000
19 0.340000
19 0.980000
19 0.520000
19 0.390000
19 0.370000
19 0.220000
19 0.280000
19 0.530000
19 0.590000
19 0.230000
19 0.330000
19 1.490000
19 0.470000
19 0.690000
19 0.890000
19 0.620000
19 0.280000
19 0.440000
19 1.460000
19 0.280000
19 0.760000
19 1.200000
19 0.500000
19 0.560000
19 0.450000
19 1.120000
19 0.980000
19 0.770000
19 0.230000
19 0.640000
19 1.140000
19 0.410000
19 0.230000
19 0.290000
19 0.320000
19 0.950000
19 0.540000
19 0.310000
19 0.670000
19 0.970000
19 0.570000
19 0.430000
19 0.220000
19 1.100000
19 1.490000
19 0.430000
19 0.390000
19 1.190000
19 0.570000
19 0.830000
19 1.070000
19 1.050000
19 1.370000
19 0.520000
19 0.370000
19 0.250000
19 0.630000
19 0.430000
19 1.010000
19 0.350000
19 0.560000
19 0.440000
19 0.780000
19 0.490000
19 0.580000
19 0.870000
19 0.240000
19 0.620000
19 0.860000
19 0.840000
19 0.850000
19 0.840000
19 1.040000
19 0.370000
19 0.600000
19 0.400000
19 0.620000
19 0.600000
19 0.900000
19 1.180000
19 0.250000
19 0.570000
19 1.270000
19 0.680000
19 0.430000
19 0.500000
19 0.580000
19 0.620000
19 0.690000
19 0.500000
19 0.450000
19 0.790000
19 0.620000
19 0.690000
19 0.370000
19 0.290000
19 0.340000
19 0.340000
19 0.510000
19 0.520000
19 0.610000
19 0.660000
19 0.320000
19 1.320000
19 0.520000
19 0.680000
19 0.490000
19 0.680000
19 1.040000
19 1.210000
19 0.900000
19 0.350000
19 0.500000
19 0.540000
19 0.880000
19 0.340000
19 0.270000
19 0.550000
19 0.360000
19 0.620000
19 0.790000
19 0.210000
19 1.040000
19 1.300000
19 0.690000
19 0.830000
19 0.680000
19 1.050000
19 0.700000
19 0.890000
19 0.760000
19 0.770000
19 1.180000
19 0.570000
19 0.580000
19 2.450000
19 1.730000
19 0.410000
19 0.860000
19 0.830000
20 1.120000
20 0.990000
20 1.550000
20 0.720000
20 1.330000
20 1.490000
20 1.420000
20 0.530000
20 0.770000
20 0.730000
20 0.810000
20 1.080000
20 1.680000
20 0.920000
20 0.600000
20 0.680000
20 0.990000
20 0.700000
20 1.080000
20 0.990000
20 1.850000
20 1.340000
20 1.290000
20 0.260000
20 1.940000
20 1.560000
20 1.310000
20 0.960000
20 1.990000
20 1.530000
20 2.910000
20 2.270000
20 2.010000
20 0.910000
20 2.270000
20 1.410000
20 2.370000
20 0.890000
20 1.470000
20 1.450000
20 1.100000
20 0.900000
20 1.550000
20 0.770000
20 0.610000
20 0.830000
20 0.960000
20 3.200000
20 0.840000
20 1.040000
20 0.750000
20 0.670000
20 1.550000
20 1.020000
20 0.680000
20 1.840000
20 1.130000
20 0.670000
20 1.420000
20 1.800000
20 0.780000
20 1.990000
20 0.740000
20 1.820000
20 0.740000
20 1.210000
20 1.680000
20 1.290000
20 0.710000
20 0.700000
20 0.640000
20 2.170000
20 0.970000
20 0.510000
20 1.900000
20 1.400000
20 1.810000
20 2.100000
20 0.870000
20 1.290000
20 0.600000
20 0.800000
20 2.240000
20 0.310000
20 0.900000
20 0.580000
20 0.710000
20 1.610000
20 0.670000
20 1.550000
20 1.820000
20 0.780000
20 0.850000
20 0.850000
20 1.900000
20 1.900000
20 0.850000
20 3.220000
20 1.140000
20 0.880000
20 2.420000
20 2.180000
20 0.400000
20 0.910000
20 1.170000
20 1.060000
20 1.370000
20 0.800000
20 1.070000
20 1.200000
20 1.510000
20 1.810000
20 1.050000
20 0.540000
20 0.470000
20 0.630000
20 1.670000
20 1.290000
20 2.540000
20 1.190000
20 0.850000
20 1.890000
20 1.370000
20 0.860000
20 2.210000
20 1.060000
20 0.730000
20 0.670000
20 1.090000
20 1.180000
20 1.380000
20 2.010000
20 1.430000
20 1.150000
20 0.510000
20 2.040000
20 2.360000
20 1.580000
20 0.970000
20 0.720000
20 4.400000
20 0.450000
20 1.070000
20 1.230000
20 1.850000
20 1.970000
20 1.170000
20 0.300000
20 1.330000
20 1.100000
20 1.170000
20 1.090000
20 1.720000
20 1.080000
20 1.260000
20 0.660000
20 0.750000
20 0.960000
20 0.980000
20 0.770000
20 0.770000
20 0.940000
20 1.130000
20 1.380000
20 0.760000
20 1.240000
20 1.110000
20 2.100000
20 2.360000
20 1.330000
20 0.780000
20 0.660000
20 1.040000
20 0.930000
20 0.700000
20 1.040000
20 0.710000
20 0.940000
20 0.800000
20 1.210000
20 1.040000
20 1.700000
20 0.430000
20 1.040000
20 1.170000
20 0.780000
20 0.670000
20 0.690000
20 1.400000
20 1.530000
20 0.870000
20 1.180000
20 2.050000
20 1.040000
20 1.710000
20 0.490000
20 0.590000
20 0.240000
20 0.530000
20 1.960000
20 0.550000
20 0.640000
20 0.550000
20 1.740000
20 2.810000
20 0.490000
20 1.350000
20 1.920000
20 0.350000
20 0.990000
20 0.850000
20 0.520000
20 2.080000
20 1.000000
20 0.350000
20 2.080000
20 1.640000
20 1.510000
20 1.540000
20 0.980000
20 1.490000
20 0.780000
20 0.980000
20 1.310000
20 1.470000
20 0.750000
20 1.340000
20 0.740000
20 1.910000
20 1.800000
20 1.390000
20 2.010000
20 0.900000
20 0.870000
20 1.290000
20 1.150000
20 0.880000
20 0.970000
20 0.840000
20 0.440000
20 1.270000
20 1.590000
20 1.210000
20 1.470000
20 3.270000
20 1.310000
20 1.160000
20 2.070000
20 0.590000
20 1.810000
20 1.350000
20 1.380000
20 0.500000
20 0.720000
20 1.100000
20 0.970000
20 1.700000
20 1.740000
20 1.260000
20 1.660000
20 1.840000
20 0.560000
20 0.680000
20 0.830000
20 1.620000
20 3.460000
20 0.670000
20 0.870000
20 1.540000
20 2.410000
20 0.370000
20 1.580000
20 0.970000
20 0.540000
21 3.050000
21 1.740000
21 2.290000
21 1.890000
21 1.560000
21 2.200000
21 1.510000
21 1.880000
21 3.080000
21 2.050000
21 1.490000
21 3.280000
21 1.810000
21 1.410000
21 2.160000
21 1.930000
21 1.920000
21 2.160000
21 1.590000
21 1.350000
21 3.290000
21 3.980000
21 2.990000
21 1.660000
21 0.770000
21 1.330000
21 3.310000
21 1.020000
21 1.120000
21 2.320000
21 1.380000
21 1.750000
21 2.140000
21 1.580000
21 1.560000
21 1.860000
21 2.790000
21 2.930000
21 0.940000
21 2.960000
21 1.640000
21 1.980000
21 1.660000
21 3.770000
21 4.350000
21 1.510000
21 3.470000
21 1.720000
21 6.100000
21 1.600000
21 2.260000
21 2.260000
21 1.790000
21 2.520000
21 1.870000
21 1.470000
21 1.990000
21 1.920000
21 1.370000
21 3.260000
21 3.050000
21 3.050000
21 3.110000
21 1.120000
21 1.540000
21 1.280000
21 2.160000
21 0.640000
21 2.740000
21 2.790000
21 1.100000
21 3.850000
21 1.520000
21 1.650000
21 2.870000
21 1.430000
21 1.880000
21 1.130000
21 0.770000
21 2.200000
21 2.220000
21 1.930000
21 1.390000
21 3.890000
21 1.440000
21 1.790000
21 2.190000
21 2.230000
21 1.700000
21 3.270000
21 2.600000
21 1.610000
21 2.730000
21 2.650000
21 1.690000
21 1.920000
21 0.750000
21 3.510000
21 1.980000
21 3.210000
21 1.050000
21 1.520000
21 1.650000
21 0.880000
21 1.230000
21 4.440000
21 1.350000
21 2.160000
21 1.370000
21 1.540000
21 3.170000
21 4.070000
21 1.950000
21 1.240000
21 2.030000
21 3.920000
21 3.690000
21 3.390000
21 2.030000
21 3.650000
21 1.550000
21 1.960000
21 1.620000
21 2.640000
21 4.340000
21 0.910000
21 3.080000
21 3.060000
21 2.090000
21 0.510000
21 1.380000
21 2.180000
21 0.920000
21 1.230000
21 1.500000
21 2.870000
21 0.610000
21 1.090000
21 3.500000
21 0.990000
21 1.510000
21 1.120000
21 2.300000
21 4.490000
21 2.510000
21 1.790000
21 1.310000
21 2.630000
21 1.960000
21 3.000000
21 3.390000
21 2.060000
21 0.920000
21 1.490000
21 2.580000
21 0.740000
21 5.350000
21 1.350000
21 1.510000
21 1.470000
21 1.450000
21 1.780000
21 0.980000
21 1.680000
21 1.690000
21 1.900000
21 1.370000
21 1.740000
21 3.080000
21 2.290000
21 3.670000
21 3.060000
21 3.740000
21 0.760000
21 1.340000
21 1.810000
21 1.790000
21 1.430000
21 3.140000
21 1.890000
21 1.510000
21 3.340000
21 1.590000
21 1.010000
21 1.720000
21 1.070000
21 5.070000
21 1.040000
21 1.770000
21 1.200000
21 4.820000
21 2.740000
21 6.250000
21 0.670000
21 2.960000
21 1.790000
21 3.220000
21 1.550000
21 0.950000
21 0.940000
21 3.460000
21 2.730000
21 3.480000
21 1.020000
21 1.470000
21 0.730000
21 1.510000
21 4.170000
21 1.190000
21 1.800000
21 1.150000
21 2.930000
21 1.970000
21 1.290000
21 0.930000
21 2.090000
21 0.820000
21 2.820000
21 1.360000
21 1.880000
21 1.160000
21 0.770000
21 2.620000
21 1.150000
21 5.150000
21 3.810000
21 2.500000
21 3.730000
21 1.890000
21 1.550000
21 3.310000
21 1.870000
21 2.430000
21 1.570000
21 1.180000
21 1.490000
21 2.360000
21 0.590000
21 1.780000
21 0.920000
21 5.700000
21 1.220000
21 1.740000
21 3.590000
21 2.990000
21 1.280000
21 0.920000
21 2.070000
21 0.600000
21 3.300000
21 1.830000
21 4.310000
21 1.720000
21 1.120000
21 2.390000
21 3.240000
21 2.440000
21 3.770000
21 3.470000
21 3.170000
21 2.330000
21 3.160000
21 1.030000
21 1.690000
21 2.050000
21 0.940000
21 2.710000
21 1.070000
21 0.860000
21 2.030000
21 1.500000
21 1.000000
21 3.310000
21 1.670000
21 3.840000
21 2.300000
21 3.100000
21 2.800000
21 2.190000
21 1.810000
21 5.030000
21 0.820000
21 0.930000
21 1.560000
21 3.510000
21 1.740000
21 1.650000
21 0.990000
21 3.360000
21 0.920000
21 2.280000
21 2.200000
21 2.530000
21 2.750000
21 4.240000
21 4.740000
21 5.620000
21 2.120000
21 2.060000
21 1.650000
21 1.560000
21 1.740000
21 1.960000
21 1.920000
21 3.340000
21 2.440000
21 2.610000
21 1.820000
21 1.430000
21 3.210000
21 1.900000
21 1.430000
21 1.390000
21 2.080000
21 2.800000
21 1.690000
21 2.330000
21 2.530000
21 1.320000
21 1.880000
21 1.340000
21 1.350000
21 2.420000
21 2.550000
21 1.510000
21 2.390000
21 1.090000
21 1.700000
21 1.560000
21 2.250000
21 3.370000
21 1.280000
21 1.950000
21 1.440000
21 1.800000
21 1.020000
21 2.510000
21 3.400000
21 1.170000
21 0.520000
21 2.610000
21 0.980000
21 2.710000
21 2.420000
21 0.990000
21 3.060000
21 1.390000
21 1.310000
21 1.790000
21 1.290000
21 3.880000
21 1.270000
21 1.570000
21 2.650000
21 4.370000
21 0.820000
21 2.700000
21 2.090000
21 1.550000
21 3.140000
21 1.540000
21 2.240000
21 2.200000
21 1.440000
21 4.100000
21 1.600000
21 0.960000
21 2.230000
21 1.610000
21 1.680000
21 3.450000
21 1.360000
21 1.830000
21 1.290000
21 2.690000
21 1.380000
21 1.510000
21 1.930000
21 1.220000
21 1.650000
21 1.610000
21 0.730000
21 3.410000
21 4.050000
21 1.610000
21 4.580000
21 1.190000
21 1.990000
21 1.600000
21 1.490000
21 1.720000
21 3.370000
21 2.310000
21 2.480000
21 0.900000
21 1.540000
22 5.410000
22 6.210000
22 3.800000
22 3.400000
22 5.040000
22 2.810000
22 4.170000
22 2.650000
22 1.970000
22 3.750000
22 3.830000
22 1.830000
22 2.780000
22 4.640000
22 6.000000
22 2.410000
22 4.050000
22 6.880000
22 2.350000
22 3.440000
22 4.970000
22 3.400000
22 3.770000
22 4.050000
22 2.310000
22 2.850000
22 3.150000
22 2.680000
22 1.590000
22 1.590000
22 2.760000
22 5.830000
22 3.030000
22 2.690000
22 2.840000
22 3.000000
22 2.430000
22 6.450000
22 6.150000
22 5.380000
22 1.860000
22 3.470000
22 7.530000
22 3.230000
22 2.500000
22 4.910000
22 3.610000
22 2.980000
22 12.500000
22 4.500000
22 2.090000
22 3.220000
22 3.940000
22 4.660000
22 6.110000
22 3.090000
22 6.400000
22 4.860000
22 3.680000
22 3.590000
22 3.100000
22 5.430000
22 3.380000
22 3.640000
22 2.950000
22 2.970000
22 3.440000
22 3.110000
22 5.630000
22 4.260000
22 5.330000
22 5.700000
22 4.490000
22 6.460000
22 1.810000
22 3.240000
22 3.030000
22 3.760000
22 1.270000
22 2.560000
22 3.430000
22 5.140000
22 2.680000
22 4.370000
22 2.500000
22 2.320000
22 2.970000
22 6.940000
22 2.870000
22 1.100000
22 3.770000
22 4.940000
22 3.470000
22 4.410000
22 5.470000
22 2.280000
22 7.880000
22 3.920000
22 5.870000
22 3.880000
22 7.420000
22 5.240000
22 3.790000
22 4.280000
22 1.860000
22 5.330000
22 1.330000
22 3.710000
22 1.060000
22 3.020000
22 2.910000
22 3.230000
22 2.760000
22 4.690000
22 1.290000
22 2.730000
22 6.280000
22 1.150000
22 2.990000
22 1.510000
22 10.270000
22 4.740000
22 2.590000
22 5.770000
22 4.020000
22 3.300000
22 2.960000
22 5.960000
22 6.460000
22 2.760000
22 3.420000
22 2.970000
22 0.970000
22 3.040000
22 3.240000
22 2.740000
22 1.390000
22 1.810000
22 3.820000
22 4.490000
22 3.580000
22 3.960000
22 2.190000
22 6.860000
22 3.250000
22 3.710000
22 4.230000
22 3.290000
22 4.330000
22 1.730000
22 1.130000
22 3.240000
22 2.990000
22 4.850000
22 3.620000
22 1.110000
22 2.620000
22 2.820000
22 3.360000
22 4.580000
22 7.410000
22 2.500000
22 5.050000
22 2.500000
22 5.220000
22 3.110000
22 2.220000
22 2.860000
22 3.220000
22 3.280000
22 2.110000
22 3.300000
22 10.920000
22 2.740000
22 1.960000
22 4.610000
22 4.870000
22 3.580000
22 7.410000
22 3.480000
22 2.920000
22 3.520000
22 1.770000
22 6.340000
22 4.420000
22 2.250000
22 3.160000
22 4.710000
22 4.350000
22 4.840000
22 3.310000
22 4.570000
22 2.680000
22 2.390000
22 1.090000
22 1.140000
22 2.630000
22 3.000000
22 4.000000
22 4.570000
22 4.100000
22 5.170000
22 4.610000
22 3.840000
22 4.060000
22 5.630000
22 4.270000
22 1.990000
22 2.680000
22 1.180000
22 2.090000
22 1.990000
22 4.480000
22 7.250000
22 1.250000
22 2.890000
22 3.140000
22 1.770000
22 3.370000
22 3.690000
22 5.000000
22 4.160000
22 3.100000
22 6.760000
22 3.680000
22 4.440000
22 6.080000
22 2.940000
22 2.110000
22 3.080000
22 3.990000
22 4.980000
22 3.130000
22 2.130000
22 2.210000
22 1.880000
22 3.730000
22 2.180000
22 2.030000
22 5.610000
22 2.390000
22 2.590000
22 3.630000
22 2.660000
22 2.370000
22 2.250000
22 5.980000
22 3.720000
22 3.480000
22 6.210000
22 4.810000
22 5.200000
22 3.220000
22 2.090000
22 1.700000
22 1.780000
22 3.470000
22 5.980000
22 3.670000
22 2.880000
22 8.020000
22 4.860000
22 7.620000
22 3.880000
22 3.460000
22 1.210000
22 3.870000
22 5.400000
22 6.910000
22 6.260000
22 4.890000
22 3.490000
22 1.460000
22 2.300000
22 2.000000
22 4.200000
22 1.420000
22 3.090000
22 4.630000
22 4.950000
22 2.840000
22 1.530000
22 4.040000
22 4.070000
22 3.310000
22 2.100000
22 5.670000
22 1.440000
22 2.020000
22 1.710000
22 1.420000
22 3.100000
22 2.650000
22 1.510000
22 5.060000
22 3.830000
22 4.740000
22 2.490000
22 0.650000
22 5.640000
22 2.800000
22 3.980000
22 6.540000
22 4.550000
22 6.730000
22 0.720000
22 4.320000
22 5.640000
22 1.520000
22 3.510000
22 1.920000
22 5.490000
22 2.040000
22 3.200000
22 4.420000
22 2.890000
22 1.550000
22 3.960000
22 2.200000
22 4.440000
22 5.950000
22 4.760000
22 1.460000
22 4.980000
22 3.570000
22 3.700000
22 2.400000
22 2.030000
22 3.340000
22 4.210000
22 1.460000
22 2.790000
22 2.850000
22 1.600000
22 2.070000
22 0.870000
22 6.760000
22 3.150000
22 3.250000
22 3.320000
22 2.660000
22 10.270000
22 4.250000
22 7.350000
22 1.580000
22 5.990000
22 3.570000
22 3.920000
22 3.110000
22 5.940000
22 2.930000
22 2.310000
22 3.240000
22 5.410000
22 2.650000
22 2.140000
22 5.720000
22 2.660000
22 2.210000
22 5.390000
22 3.750000
22 3.200000
22 4.530000
22 1.990000
22 2.370000
22 2.500000
22 5.040000
22 1.570000
22 3.240000
22 3.650000
22 4.820000
22 3.250000
22 4.350000
22 2.790000
22 7.780000
22 2.010000
22 8.110000
22 1.480000
22 1.900000
22 5.550000
22 5.330000
22 2.090000
22 5.970000
22 2.010000
22 2.870000
22 1.710000
22 1.170000
22 3.220000
22 5.240000
22 5.530000
22 5.500000
22 3.150000
22 5.460000
22 5.020000
22 7.090000
22 4.410000
22 2.780000
22 2.180000
22 2.510000
22 11.370000
22 1.130000
22 3.940000
22 2.330000
22 2.500000
22 4.330000
22 4.350000
22 3.360000
22 3.630000
22 4.390000
22 5.260000
22 1.470000
22 3.520000
22 4.830000
22 4.360000
22 5.280000
22 3.070000
22 4.120000
22 1.420000
22 3.460000
22 2.780000
22 4.480000
22 9.350000
22 2.490000
22 6.300000
22 4.210000
22 4.940000
22 2.560000
22 3.150000
22 1.990000
22 5.860000
22 2.150000
22 1.880000
23 9.590000
23 4.570000
23 4.060000
23 7.320000
23 3.410000
23 8.200000
23 3.760000
23 5.420000
23 6.670000
23 1.710000
23 4.500000
23 5.670000
23 6.510000
23 8.490000
23 8.940000
23 8.140000
23 4.750000
23 6.750000
23 5.910000
23 4.190000
23 4.350000
23 4.110000
23 4.930000
23 3.940000
23 5.010000
23 5.530000
23 4.430000
23 3.790000
23 7.150000
23 2.910000
23 5.970000
23 8.450000
23 9.520000
23 4.560000
23 5.950000
23 5.610000
23 4.300000
23 10.320000
23 5.810000
23 11.270000
23 10.100000
23 4.860000
23 14.730000
23 7.160000
23 4.090000
23 3.580000
23 5.770000
23 6.010000
23 8.410000
23 7.420000
23 4.690000
23 9.430000
23 2.220000
23 3.580000
23 3.280000
23 4.000000
23 7.810000
23 9.390000
23 5.580000
23 4.950000
23 6.010000
23 8.650000
23 6.560000
23 4.960000
23 4.590000
23 9.820000
23 3.560000
23 6.280000
23 4.360000
23 4.720000
23 7.090000
23 2.950000
23 3.110000
23 4.700000
23 3.000000
23 2.970000
23 2.400000
23 2.460000
23 5.720000
23 9.610000
23 5.620000
23 5.120000
23 7.840000
23 5.650000
23 7.440000
23 7.660000
23 3.880000
23 5.120000
23 2.680000
23 8.320000
23 5.860000
23 5.470000
23 4.730000
23 6.020000
23 5.950000
23 3.940000
23 8.140000
23 6.050000
23 4.870000
23 6.800000
23 5.220000
23 7.220000
23 7.520000
23 6.510000
23 6.000000
23 7.570000
23 4.810000
23 5.050000
23 2.780000
23 8.390000
23 7.090000
23 6.030000
23 2.630000
23 16.230000
23 4.120000
23 15.910000
23 6.660000
23 2.620000
23 5.490000
23 5.010000
23 9.300000
23 3.200000
23 2.040000
23 5.220000
23 5.320000
23 6.630000
23 3.820000
23 6.730000
23 5.140000
23 4.770000
23 3.160000
23 5.100000
23 2.760000
23 5.510000
23 4.770000
23 3.550000
23 7.310000
23 8.370000
23 5.850000
23 4.540000
23 6.070000
23 4.540000
23 3.580000
23 7.160000
23 9.160000
23 5.170000
23 7.870000
23 6.770000
23 4.890000
23 4.530000
23 10.940000
23 6.120000
23 3.150000
23 5.670000
23 5.790000
23 6.010000
23 7.040000
23 4.430000
23 3.380000
23 5.030000
23 3.100000
23 4.840000
23 6.910000
23 3.820000
23 6.960000
23 6.130000
23 6.730000
23 6.890000
23 5.120000
23 2.350000
23 6.860000
23 4.330000
23 6.150000
23 4.080000
23 7.950000
23 2.870000
23 2.460000
23 6.100000
23 7.920000
23 15.020000
23 4.630000
23 4.030000
23 3.150000
23 5.230000
23 7.140000
23 7.820000
23 6.960000
23 3.160000
23 5.030000
23 3.430000
23 16.030000
23 8.150000
23 4.980000
23 5.030000
23 2.970000
23 0.840000
23 5.830000
23 2.700000
23 2.010000
23 2.840000
23 13.510000
23 4.380000
23 4.870000
23 9.770000
23 3.190000
23 3.040000
23 4.810000
23 7.890000
23 5.530000
23 5.420000
23 6.100000
23 10.870000
23 7.090000
23 14.190000
23 8.480000
23 3.190000
23 7.040000
23 6.510000
23 4.600000
23 8.030000
23 2.750000
23 3.540000
23 5.760000
23 3.790000
23 3.430000
23 6.770000
23 6.630000
23 4.950000
23 10.110000
23 6.190000
23 14.460000
23 3.320000
23 3.800000
23 14.360000
23 8.450000
23 4.300000
23 3.280000
23 6.740000
23 5.060000
23 3.070000
23 7.200000
23 5.040000
23 11.460000
23 4.000000
23 8.490000
23 3.370000
23 1.900000
23 5.100000
23 5.840000
23 5.450000
23 5.400000
23 5.260000
23 3.500000
23 5.860000
23 4.070000
23 13.310000
23 6.420000
23 3.770000
23 11.530000
23 2.490000
23 9.720000
23 12.730000
23 6.810000
23 6.010000
23 5.550000
23 6.560000
23 4.080000
23 10.700000
23 4.720000
23 2.870000
23 4.760000
23 6.000000
23 8.450000
23 7.910000
23 10.070000
23 2.430000
23 2.920000
23 10.710000
23 4.420000
23 8.910000
23 5.020000
23 8.410000
23 3.000000
23 8.270000
23 5.220000
23 3.910000
23 4.770000
23 1.590000
23 5.670000
23 15.320000
23 5.370000
23 11.500000
23 6.950000
23 2.070000
23 3.610000
23 5.760000
23 4.140000
23 5.340000
23 14.560000
23 5.830000
23 5.150000
23 3.650000
23 5.290000
23 4.960000
23 4.550000
23 6.270000
23 6.640000
23 13.880000
23 7.770000
23 9.310000
23 6.370000
23 3.790000
23 4.870000
23 4.190000
23 13.420000
23 6.550000
23 3.430000
23 3.570000
23 4.640000
23 7.240000
23 2.460000
23 4.960000
23 2.680000
23 3.790000
23 6.460000
23 7.650000
23 8.410000
23 2.370000
23 3.170000
23 4.510000
23 2.280000
23 7.410000
23 2.770000
23 5.550000
23 4.010000
23 11.470000
23 2.610000
23 2.030000
23 3.510000
23 7.780000
23 3.450000
23 4.580000
23 7.590000
23 9.350000
23 2.710000
23 8.870000
23 3.630000
23 5.720000
23 8.190000
23 8.610000
23 4.360000
23 7.350000
23 6.210000
23 6.850000
23 2.790000
23 5.390000
23 5.290000
23 7.080000
23 10.190000
23 6.620000
23 6.460000
23 4.280000
23 11.670000
23 4.000000
23 5.460000
23 4.280000
23 5.970000
23 2.670000
23 5.680000
23 4.970000
23 3.380000
23 2.950000
23 6.670000
23 2.620000
23 1.920000
23 9.470000
23 4.290000
23 2.620000
23 3.140000
23 6.610000
23 2.950000
23 5.020000
23 7.360000
23 4.200000
23 1.890000
23 3.300000
23 4.860000
23 7.850000
23 10.550000
23 11.160000
23 5.650000
23 4.450000
23 8.070000
23 6.000000
23 2.510000
23 9.180000
23 4.170000
23 2.970000
23 6.080000
23 4.380000
23 4.900000
23 4.590000
23 5.100000
23 5.830000
23 5.520000
23 3.890000
23 3.350000
23 2.490000
23 7.310000
23 3.380000
23 3.850000
23 5.990000
23 3.250000
23 9.850000
23 6.650000
23 5.510000
23 4.460000
23 4.880000
23 7.670000
23 5.930000
23 5.500000
23 8.740000
23 3.420000
23 3.430000
23 3.640000
23 5.690000
23 3.910000
23 5.440000
23 4.360000
23 8.140000
23 6.320000
23 5.660000
23 8.010000
23 3.480000
23 5.740000
23 7.010000
23 6.080000
23 4.230000
23 3.510000
23 7.760000
23 2.990000
23 8.060000
23 3.790000
23 8.050000
23 7.980000
23 7.130000
23 4.850000
23 8.910000
23 5.650000
23 6.090000
23 11.170000
23 8.100000
23 5.820000
23 3.580000
23 8.810000
23 6.380000
23 5.630000
23 9.400000
23 5.710000
23 6.120000
23 5.750000
23 6.490000
23 5.420000
23 3.400000
