#n running-time
11 0.100000
11 0.080000
11 0.090000
11 0.200000
12 0.120000
12 0.090000
12 0.090000
12 0.120000
12 0.180000
12 0.160000
12 0.060000
12 0.080000
12 0.200000
12 0.170000
12 0.370000
12 0.100000
12 0.080000
12 0.570000
12 0.380000
13 0.180000
13 0.140000
13 0.080000
13 0.480000
13 0.210000
13 0.170000
13 0.180000
13 0.080000
13 0.130000
13 0.100000
13 0.180000
13 0.120000
13 0.080000
13 0.070000
13 0.160000
13 0.170000
13 0.240000
13 0.260000
13 0.120000
13 0.180000
13 0.110000
13 0.270000
13 0.180000
13 0.270000
13 0.150000
13 0.110000
13 0.140000
13 0.050000
13 0.220000
13 0.150000
13 0.130000
13 0.090000
13 0.080000
13 0.400000
13 0.130000
13 0.180000
13 0.340000
13 0.050000
13 0.060000
13 0.260000
13 0.220000
13 0.120000
13 0.080000
13 0.120000
13 0.210000
13 0.080000
13 0.120000
13 0.140000
13 0.160000
13 0.330000
14 0.350000
14 0.260000
14 0.200000
14 0.350000
14 0.140000
14 0.050000
14 0.160000
14 0.250000
14 0.190000
14 0.400000
14 0.310000
14 0.380000
14 0.150000
14 0.160000
14 0.070000
14 0.420000
14 0.320000
14 0.220000
14 0.290000
14 0.340000
14 0.410000
14 0.340000
14 0.080000
14 0.160000
14 0.230000
14 0.160000
14 0.370000
14 0.140000
14 0.140000
14 0.190000
14 0.140000
14 0.200000
14 0.070000
14 0.240000
14 0.150000
14 0.410000
14 0.220000
14 0.310000
14 0.230000
14 0.270000
14 0.110000
14 0.170000
14 0.150000
14 0.140000
14 0.330000
14 0.130000
14 0.160000
14 0.130000
14 0.180000
14 0.070000
14 0.230000
14 0.110000
14 0.140000
14 0.070000
14 0.090000
14 0.200000
14 0.310000
14 0.160000
14 0.150000
14 0.160000
14 0.220000
14 0.130000
14 0.240000
14 0.080000
14 0.070000
14 0.150000
14 0.160000
14 0.300000
14 0.140000
14 0.810000
14 0.280000
14 0.160000
14 0.120000
14 0.200000
14 0.280000
14 0.320000
14 0.200000
14 0.240000
14 0.220000
14 0.130000
14 0.520000
14 0.220000
14 0.210000
14 0.320000
14 0.140000
14 0.090000
14 0.110000
14 0.230000
14 0.320000
14 0.240000
14 0.110000
14 0.140000
14 0.310000
14 0.130000
14 0.160000
14 0.340000
14 0.180000
14 0.210000
14 0.310000
14 0.110000
14 0.150000
14 0.580000
14 0.350000
14 0.200000
14 0.160000
14 0.160000
14 0.470000
14 0.110000
14 0.100000
14 0.330000
14 0.140000
14 0.260000
14 0.150000
14 0.140000
14 0.350000
14 0.160000
14 0.090000
14 0.310000
14 0.660000
14 0.050000
14 0.490000
14 0.280000
15 0.130000
15 0.600000
15 0.490000
15 0.210000
15 0.070000
15 0.340000
15 0.210000
15 0.140000
15 0.490000
15 0.480000
15 0.100000
15 0.180000
15 0.350000
15 0.470000
15 0.130000
15 0.660000
15 0.190000
15 0.150000
15 0.150000
15 0.830000
15 0.340000
15 0.210000
15 0.190000
15 0.260000
15 0.240000
15 0.310000
15 0.140000
15 0.170000
15 0.460000
15 0.370000
15 0.180000
15 0.160000
15 0.410000
15 0.360000
15 0.140000
15 0.160000
15 0.150000
15 0.130000
15 0.210000
15 0.380000
15 0.090000
15 0.320000
15 0.180000
15 0.560000
15 0.240000
15 0.120000
15 0.260000
15 0.290000
15 0.240000
15 0.390000
15 0.590000
15 0.260000
15 0.500000
15 0.360000
15 0.200000
15 0.370000
15 0.420000
15 0.430000
15 0.200000
15 0.060000
15 0.640000
15 0.300000
15 0.140000
15 0.410000
15 0.200000
15 0.280000
15 0.230000
15 0.270000
15 0.300000
15 0.220000
15 0.280000
15 0.350000
15 0.270000
15 0.230000
15 0.160000
15 0.070000
15 0.360000
15 0.380000
15 0.290000
15 0.230000
15 0.210000
15 0.160000
15 0.120000
15 0.370000
15 0.330000
15 0.780000
15 0.130000
15 0.190000
15 0.080000
15 0.340000
15 0.490000
15 0.230000
15 0.290000
15 0.190000
15 0.170000
15 0.870000
15 0.420000
15 0.280000
15 0.180000
15 0.270000
15 0.100000
15 0.530000
15 0.060000
15 0.140000
15 0.140000
15 0.320000
15 0.160000
15 0.280000
15 0.260000
15 0.290000
15 0.580000
15 0.220000
15 0.090000
15 0.480000
15 0.310000
15 0.420000
15 0.140000
15 0.380000
15 0.520000
15 0.450000
15 0.210000
15 0.260000
15 0.170000
15 0.260000
15 0.380000
15 0.120000
15 0.170000
15 0.380000
15 0.140000
15 0.260000
15 0.260000
15 0.230000
15 0.210000
15 0.690000
15 0.140000
15 0.320000
15 0.130000
15 0.210000
15 0.370000
15 0.100000
15 0.180000
15 0.350000
15 0.090000
15 0.260000
15 0.510000
15 0.270000
15 0.150000
15 0.280000
15 0.110000
15 0.140000
15 0.460000
15 0.120000
15 0.210000
15 0.260000
15 0.250000
15 0.160000
15 0.210000
15 0.320000
15 0.330000
15 0.160000
15 0.390000
15 0.190000
15 0.180000
15 0.140000
15 0.110000
15 0.230000
15 0.230000
15 0.080000
15 0.120000
15 0.440000
15 0.520000
15 0.350000
15 0.110000
15 0.240000
15 0.190000
15 0.290000
15 0.390000
15 0.170000
15 0.370000
15 0.230000
15 0.150000
15 0.190000
15 0.210000
15 0.140000
15 0.540000
15 0.340000
15 0.180000
15 0.100000
15 0.860000
15 0.140000
15 0.180000
15 0.530000
15 0.650000
15 0.110000
15 0.490000
15 0.350000
15 0.350000
15 0.270000
15 0.140000
15 0.430000
15 0.270000
16 1.250000
16 0.660000
16 0.380000
16 0.480000
16 0.480000
16 0.140000
16 0.220000
16 0.170000
16 0.870000
16 0.170000
16 0.350000
16 0.250000
16 0.290000
16 0.470000
16 1.080000
16 0.610000
16 0.160000
16 0.310000
16 0.170000
16 1.850000
16 0.230000
16 0.140000
16 0.380000
16 0.830000
16 0.300000
16 0.180000
16 0.330000
16 0.310000
16 0.280000
16 0.230000
16 0.320000
16 0.190000
16 0.180000
16 0.230000
16 0.620000
16 0.140000
16 0.190000
16 0.540000
16 0.170000
16 2.520000
16 0.270000
16 0.190000
16 0.470000
16 0.370000
16 0.280000
16 0.170000
16 0.600000
16 0.160000
16 0.310000
16 0.560000
16 0.300000
16 0.210000
16 0.340000
16 0.250000
16 0.680000
16 0.160000
16 0.250000
16 0.170000
16 0.650000
16 0.430000
16 0.790000
16 0.270000
16 0.330000
16 0.310000
16 0.450000
16 0.370000
16 0.490000
16 0.220000
16 0.340000
16 0.250000
16 0.210000
16 0.650000
16 0.420000
16 0.300000
16 0.160000
16 0.350000
16 0.250000
16 1.170000
16 0.230000
16 0.240000
16 0.370000
16 0.140000
16 0.310000
16 0.520000
16 0.340000
16 0.340000
16 0.240000
16 0.550000
16 0.260000
16 0.150000
16 0.490000
16 0.230000
16 0.170000
16 0.240000
16 0.180000
16 0.450000
16 0.290000
16 0.300000
16 0.670000
16 0.220000
16 0.660000
16 0.350000
16 0.270000
16 0.980000
16 0.190000
16 0.180000
16 0.130000
16 0.520000
16 0.170000
16 0.320000
16 0.160000
16 0.260000
16 0.590000
16 0.530000
16 1.430000
16 0.170000
16 0.280000
16 0.150000
16 0.180000
16 1.500000
16 1.040000
16 0.270000
16 0.240000
16 0.220000
16 0.580000
16 0.170000
16 0.610000
16 0.530000
16 0.160000
16 0.720000
16 0.690000
16 1.000000
16 0.170000
16 0.220000
16 0.730000
16 0.410000
16 0.780000
16 0.340000
16 0.130000
16 0.470000
16 0.860000
16 0.330000
16 0.270000
16 0.290000
16 0.110000
16 0.350000
16 0.220000
16 0.880000
16 1.150000
16 0.170000
16 0.190000
16 0.310000
16 0.340000
16 0.640000
16 0.420000
16 0.550000
16 0.300000
16 0.430000
16 0.210000
16 0.500000
16 0.700000
16 0.370000
16 0.330000
16 0.200000
16 0.280000
16 0.340000
16 1.050000
16 0.120000
16 0.580000
16 0.330000
16 0.240000
16 0.420000
16 0.320000
16 0.630000
16 0.520000
16 0.210000
16 0.120000
16 0.250000
16 0.690000
16 0.210000
16 0.430000
16 0.540000
16 0.300000
16 0.190000
16 0.340000
16 0.230000
16 0.520000
16 0.620000
16 0.210000
16 0.240000
16 0.190000
16 0.250000
16 0.440000
16 0.420000
16 0.360000
16 0.400000
16 0.840000
16 0.360000
16 0.420000
16 0.530000
16 0.330000
16 0.430000
16 0.190000
16 0.230000
16 0.410000
16 0.990000
16 0.160000
16 0.240000
16 0.450000
16 0.640000
16 0.440000
16 0.220000
16 0.350000
16 1.310000
16 0.090000
16 0.550000
16 0.710000
16 0.320000
16 0.260000
16 0.670000
16 0.540000
16 0.210000
16 0.390000
16 0.270000
16 0.380000
16 0.260000
16 0.160000
16 0.200000
16 0.390000
16 0.130000
16 0.310000
16 0.150000
16 0.370000
16 0.320000
16 0.480000
16 0.350000
16 0.250000
16 0.400000
16 0.330000
16 0.390000
16 0.460000
16 0.150000
16 0.380000
16 0.120000
16 0.540000
16 0.120000
16 0.260000
16 0.190000
16 0.340000
16 0.320000
16 0.560000
16 0.210000
16 0.500000
16 0.120000
16 0.670000
16 0.340000
16 0.360000
16 0.180000
16 0.420000
16 0.310000
16 0.130000
16 0.260000
16 0.330000
16 0.470000
16 0.230000
16 0.110000
16 0.360000
16 0.150000
16 0.900000
16 0.250000
16 0.220000
16 0.480000
16 0.580000
16 0.600000
16 0.610000
16 0.840000
16 0.310000
16 0.390000
16 0.490000
16 0.080000
16 0.460000
16 0.240000
16 0.370000
16 0.190000
16 0.540000
16 0.370000
16 0.230000
16 0.380000
16 0.760000
16 0.150000
16 0.150000
16 0.410000
16 0.730000
16 0.120000
16 0.460000
16 0.520000
16 0.330000
16 0.200000
16 0.170000
16 0.190000
16 0.150000
16 0.300000
16 0.900000
16 0.180000
16 0.280000
16 0.100000
16 0.330000
16 0.470000
16 0.190000
16 0.140000
16 0.930000
16 0.670000
16 0.410000
16 0.590000
16 0.200000
16 0.350000
16 0.510000
16 0.270000
16 0.380000
16 0.670000
16 1.090000
16 0.200000
16 0.130000
16 0.330000
16 0.150000
16 0.170000
16 0.090000
16 0.490000
16 0.400000
16 0.420000
16 0.430000
16 0.520000
16 0.480000
16 0.300000
16 0.320000
16 0.370000
16 0.440000
16 0.650000
16 0.610000
16 0.230000
16 0.170000
16 0.370000
16 0.260000
16 0.530000
16 0.420000
16 0.520000
16 0.240000
16 0.280000
16 0.530000
16 0.270000
16 0.480000
16 0.440000
16 0.490000
16 0.260000
16 0.340000
16 0.310000
16 0.370000
16 0.320000
16 0.220000
16 0.780000
16 0.420000
16 0.460000
16 0.500000
16 0.440000
16 0.300000
17 0.370000
17 0.350000
17 0.960000
17 0.500000
17 0.220000
17 0.440000
17 0.720000
17 0.910000
17 0.240000
17 0.220000
17 0.680000
17 0.120000
17 0.380000
17 0.150000
17 0.440000
17 0.170000
17 0.760000
17 0.550000
17 0.610000
17 0.440000
17 0.230000
17 0.530000
17 1.250000
17 0.240000
17 0.940000
17 0.220000
17 0.820000
17 0.570000
17 0.310000
17 0.740000
17 0.570000
17 0.450000
17 0.690000
17 0.420000
17 0.340000
17 0.150000
17 0.460000
17 0.610000
17 0.200000
17 0.250000
17 0.110000
17 0.410000
17 0.260000
17 0.600000
17 0.180000
17 0.380000
17 0.660000
17 0.610000
17 1.040000
17 0.400000
17 0.300000
17 0.440000
17 0.640000
17 0.540000
17 0.120000
17 0.490000
17 0.540000
17 0.540000
17 0.610000
17 0.130000
17 0.610000
17 0.310000
17 0.360000
17 0.740000
17 0.430000
17 0.590000
17 0.360000
17 0.980000
17 0.270000
17 0.630000
17 0.190000
17 0.250000
17 0.970000
17 0.700000
17 0.390000
17 0.320000
17 0.280000
17 0.480000
17 0.500000
17 0.800000
17 0.510000
17 0.650000
17 0.480000
17 0.310000
17 0.680000
17 0.450000
17 1.130000
17 0.200000
17 0.840000
17 1.590000
17 0.680000
17 0.150000
17 0.400000
17 0.240000
17 0.330000
17 0.230000
17 0.190000
17 0.880000
17 0.430000
17 0.720000
17 0.550000
17 0.590000
17 0.520000
17 0.330000
17 0.360000
17 0.920000
17 0.240000
17 0.780000
17 0.370000
17 1.260000
17 0.490000
17 0.530000
17 0.300000
17 0.160000
17 0.580000
17 0.260000
17 0.610000
17 0.200000
17 0.560000
17 0.320000
17 0.310000
17 0.270000
17 0.210000
17 0.330000
17 0.690000
17 0.530000
17 0.190000
17 0.290000
17 0.230000
17 0.940000
17 0.290000
17 0.260000
17 0.440000
17 0.190000
17 0.680000
17 0.530000
17 0.270000
17 0.260000
17 0.530000
17 0.850000
17 0.270000
17 0.280000
17 0.400000
17 0.530000
17 0.300000
17 0.640000
17 0.210000
17 1.120000
17 1.010000
17 0.310000
17 0.260000
17 1.000000
17 0.320000
17 0.900000
17 0.460000
17 0.450000
17 0.850000
17 0.410000
17 0.660000
17 0.640000
17 0.710000
17 0.230000
17 0.310000
17 0.290000
17 0.140000
17 0.290000
17 1.010000
17 0.410000
17 0.430000
17 0.460000
17 0.350000
17 0.430000
17 0.550000
17 0.520000
17 0.630000
17 0.240000
17 0.350000
17 0.310000
17 0.260000
17 0.140000
17 0.510000
17 1.000000
17 0.130000
17 0.530000
17 0.600000
17 0.230000
17 0.430000
17 0.420000
17 0.540000
17 0.810000
17 0.560000
17 0.630000
17 0.590000
17 0.120000
17 0.400000
17 0.300000
17 1.380000
17 0.350000
17 0.600000
17 0.170000
17 0.570000
17 0.700000
17 0.290000
17 0.530000
17 0.160000
17 0.710000
17 0.180000
17 0.280000
17 1.070000
17 0.720000
17 0.310000
17 0.350000
17 0.190000
17 0.300000
17 0.290000
17 0.610000
17 0.430000
17 0.240000
17 0.260000
17 1.050000
17 0.270000
17 0.520000
17 0.700000
17 0.340000
17 0.450000
17 0.400000
17 0.320000
17 0.610000
17 0.590000
17 1.540000
17 0.490000
17 0.240000
17 0.430000
17 0.900000
17 0.440000
17 0.470000
17 0.450000
17 0.870000
17 0.360000
17 0.380000
17 0.160000
17 0.290000
17 0.490000
17 0.840000
17 0.300000
17 0.390000
17 1.410000
17 1.340000
17 0.280000
17 0.640000
17 0.220000
17 0.460000
17 0.240000
17 0.380000
17 0.400000
17 0.670000
17 0.760000
17 0.210000
17 0.510000
17 0.530000
17 0.280000
17 0.260000
17 0.560000
17 0.240000
17 0.190000
17 0.270000
17 0.450000
17 0.390000
17 1.140000
17 0.500000
17 1.350000
17 0.460000
17 0.360000
17 0.670000
17 0.260000
17 0.730000
17 0.830000
17 0.420000
17 0.230000
17 0.160000
17 0.270000
17 0.570000
17 0.460000
17 0.440000
17 0.570000
17 0.330000
17 1.610000
17 0.770000
17 0.800000
17 0.340000
17 1.820000
17 1.300000
17 1.120000
17 0.490000
17 0.190000
17 0.670000
17 1.130000
17 0.440000
17 0.330000
17 0.180000
17 0.710000
17 0.730000
17 0.380000
17 0.390000
17 0.200000
17 0.300000
17 0.260000
17 0.190000
17 0.310000
17 1.050000
17 1.070000
17 0.170000
17 0.440000
17 0.830000
17 0.290000
17 0.720000
17 0.450000
17 0.120000
17 0.750000
17 0.720000
17 0.720000
17 0.470000
17 0.360000
17 0.650000
17 0.730000
17 0.660000
17 0.150000
17 0.600000
17 0.350000
17 0.200000
17 0.180000
17 0.450000
17 0.940000
17 0.230000
17 0.940000
17 0.430000
17 0.600000
17 0.520000
17 0.800000
17 0.600000
17 0.500000
17 0.380000
17 0.170000
17 0.740000
17 0.510000
17 0.380000
17 0.200000
17 0.270000
17 0.580000
17 0.720000
17 0.250000
17 0.360000
17 0.500000
17 0.290000
17 0.290000
17 0.390000
17 0.360000
17 0.250000
17 1.230000
17 0.240000
17 0.600000
17 0.710000
17 0.720000
17 0.610000
17 0.190000
17 1.310000
17 0.580000
17 0.450000
17 0.330000
17 0.280000
17 0.350000
17 0.350000
17 0.320000
17 0.180000
17 0.530000
17 0.130000
17 1.270000
17 0.210000
17 0.360000
17 0.160000
17 0.300000
17 0.250000
17 0.460000
17 0.990000
17 0.260000
17 0.510000
17 0.360000
17 0.890000
17 0.680000
17 0.760000
17 0.340000
17 0.490000
17 0.250000
17 0.210000
17 0.330000
17 0.430000
17 0.660000
17 0.570000
17 1.250000
17 2.170000
17 0.530000
17 0.190000
17 0.170000
17 0.330000
17 0.510000
17 0.380000
17 0.410000
17 0.420000
17 0.290000
17 0.440000
17 0.240000
17 0.370000
17 0.550000
17 1.010000
17 0.630000
17 0.520000
17 0.250000
17 0.360000
17 0.340000
17 0.690000
17 0.470000
17 1.410000
17 0.340000
17 0.450000
17 0.270000
17 0.600000
17 0.760000
17 0.390000
17 0.260000
17 0.310000
17 0.260000
17 0.640000
17 0.210000
17 0.670000
17 0.320000
17 0.520000
17 0.270000
17 0.260000
17 0.870000
17 0.690000
17 0.520000
18 0.870000
18 0.380000
18 0.300000
18 0.730000
18 0.750000
18 1.690000
18 0.370000
18 0.540000
18 0.850000
18 0.560000
18 0.310000
18 1.210000
18 0.670000
18 0.570000
18 0.210000
18 0.570000
18 0.540000
18 0.320000
18 0.600000
18 0.610000
18 1.810000
18 0.330000
18 1.430000
18 0.580000
18 1.070000
18 0.390000
18 0.270000
18 0.630000
18 1.240000
18 0.840000
18 0.290000
18 0.680000
18 0.630000
18 1.660000
18 0.270000
18 0.370000
18 0.490000
18 0.650000
18 2.830000
18 0.660000
18 0.710000
18 0.480000
18 1.130000
18 0.260000
18 0.720000
18 1.230000
18 0.350000
18 0.580000
18 1.410000
18 1.680000
18 0.650000
18 0.650000
18 0.340000
18 0.800000
18 0.700000
18 0.230000
18 0.650000
18 0.660000
18 0.990000
18 0.690000
18 0.660000
18 1.060000
18 0.860000
18 0.930000
18 0.440000
18 0.390000
18 0.690000
18 2.020000
18 0.520000
18 0.990000
18 0.610000
18 0.500000
18 0.480000
18 0.670000
18 0.630000
18 1.120000
18 0.750000
18 0.580000
18 0.080000
18 0.200000
18 0.700000
18 0.900000
18 0.580000
18 0.320000
18 1.770000
18 1.320000
18 0.450000
18 0.460000
18 0.390000
18 0.340000
18 0.530000
18 1.070000
18 0.660000
18 0.360000
18 0.580000
18 0.310000
18 0.440000
18 1.920000
18 1.220000
18 0.430000
18 0.260000
18 0.760000
18 0.520000
18 0.570000
18 0.480000
18 0.350000
18 0.720000
18 1.700000
18 0.700000
18 0.780000
18 1.730000
18 1.390000
18 0.570000
18 0.300000
18 1.240000
18 0.690000
18 0.250000
18 1.010000
18 0.620000
18 0.350000
18 0.240000
18 0.520000
18 0.990000
18 0.590000
18 0.830000
18 0.320000
18 1.730000
18 0.540000
18 0.990000
18 0.510000
18 0.280000
18 0.390000
18 0.340000
18 0.550000
18 0.350000
18 0.980000
18 0.760000
18 0.680000
18 0.620000
18 0.700000
18 0.920000
18 1.190000
18 0.810000
18 0.700000
18 0.540000
18 0.430000
18 0.370000
18 0.920000
18 0.520000
18 0.620000
18 0.700000
18 0.720000
18 0.570000
18 1.290000
18 0.200000
18 0.960000
18 0.190000
18 0.380000
18 0.590000
18 0.540000
18 0.520000
18 1.250000
18 0.410000
18 0.580000
18 0.980000
18 1.580000
18 0.470000
18 0.410000
18 0.460000
18 0.490000
18 0.590000
18 0.320000
18 0.510000
18 0.350000
18 2.880000
18 0.360000
18 0.270000
18 1.450000
18 0.480000
18 1.770000
18 0.940000
18 0.390000
18 0.370000
18 0.290000
18 0.900000
18 1.480000
18 0.980000
18 0.240000
18 0.340000
18 0.630000
18 0.900000
18 1.330000
18 0.550000
18 0.530000
18 0.200000
18 0.840000
18 0.560000
18 0.390000
18 0.270000
18 1.210000
18 0.580000
18 0.500000
18 0.580000
18 0.930000
18 0.410000
18 1.510000
18 0.730000
18 0.560000
18 0.590000
18 0.350000
18 0.390000
18 0.700000
18 1.310000
18 1.710000
18 1.090000
18 0.940000
18 0.530000
18 0.960000
18 0.580000
18 0.800000
18 1.230000
18 0.690000
18 0.540000
18 0.990000
18 0.630000
18 0.860000
18 0.630000
18 0.760000
18 0.840000
18 0.960000
18 0.250000
18 0.240000
18 0.520000
18 0.540000
18 0.340000
18 0.250000
18 0.310000
18 0.310000
18 0.760000
18 0.630000
18 0.560000
18 0.150000
18 0.450000
18 0.230000
18 0.400000
18 0.170000
18 0.290000
18 0.580000
18 0.420000
18 0.720000
18 0.590000
18 0.710000
18 0.490000
18 0.220000
18 0.640000
18 0.530000
18 0.490000
18 0.790000
18 0.290000
18 1.220000
18 0.770000
18 1.380000
18 0.980000
18 0.590000
18 0.510000
18 0.300000
18 0.620000
18 0.520000
18 1.050000
18 0.230000
18 0.410000
18 0.330000
18 0.620000
18 0.680000
18 0.620000
18 0.270000
18 0.670000
18 0.850000
18 0.790000
18 1.230000
18 0.680000
18 0.260000
18 0.760000
18 0.650000
18 0.600000
18 0.990000
18 0.500000
18 1.330000
18 0.490000
18 0.450000
18 0.400000
18 0.450000
18 0.610000
18 0.210000
18 0.680000
18 0.290000
18 0.700000
18 0.260000
18 0.770000
18 0.720000
18 1.030000
18 0.500000
18 0.390000
18 0.420000
18 0.700000
18 1.170000
18 0.830000
18 0.290000
18 0.410000
18 0.730000
18 2.840000
18 0.420000
18 1.180000
18 0.800000
18 0.810000
18 0.700000
18 0.590000
18 1.040000
18 0.710000
18 0.420000
18 0.990000
18 0.290000
18 0.290000
18 0.380000
18 0.390000
18 0.710000
18 0.280000
18 0.250000
18 0.590000
18 0.570000
18 0.320000
18 0.590000
18 0.640000
18 0.700000
18 2.340000
18 3.900000
18 0.480000
18 1.480000
18 0.530000
18 0.330000
18 0.440000
18 0.960000
18 0.460000
18 0.370000
18 0.930000
18 0.570000
18 0.400000
18 0.990000
18 0.310000
18 0.360000
18 0.540000
18 0.350000
18 0.940000
18 1.070000
18 0.760000
18 0.670000
18 0.170000
18 0.570000
18 1.050000
18 0.390000
18 0.550000
18 0.780000
18 0.610000
18 0.750000
18 0.960000
18 0.480000
18 1.360000
18 0.460000
18 0.370000
18 0.750000
18 0.240000
18 0.570000
18 0.500000
18 0.660000
18 0.440000
18 0.810000
18 0.440000
18 0.480000
18 0.550000
18 0.800000
18 1.120000
18 2.060000
18 0.460000
18 0.400000
18 0.330000
18 0.860000
18 0.890000
18 0.520000
18 0.260000
18 0.450000
18 1.090000
18 0.420000
18 0.460000
18 0.760000
18 0.720000
18 0.700000
18 1.000000
18 0.470000
18 0.500000
18 1.110000
18 0.450000
18 0.510000
18 0.510000
18 0.710000
18 0.470000
18 0.740000
18 0.540000
18 1.140000
18 0.330000
18 0.300000
18 1.010000
18 0.530000
18 1.570000
18 1.090000
18 2.110000
18 0.530000
18 0.740000
18 0.550000
18 0.190000
18 0.440000
18 0.940000
18 0.550000
18 0.290000
18 0.420000
18 1.370000
18 1.360000
18 0.590000
18 0.780000
18 0.320000
18 0.790000
18 0.650000
18 0.700000
18 0.790000
18 0.810000
18 0.430000
18 1.570000
18 1.090000
18 0.580000
18 1.420000
18 0.320000
18 0.770000
18 0.330000
18 0.240000
18 0.340000
18 0.520000
18 0.530000
18 0.440000
18 0.890000
18 0.250000
18 0.270000
18 0.560000
18 0.900000
18 0.760000
18 0.500000
18 0.730000
18 0.350000
18 0.800000
18 0.740000
18 1.180000
18 1.340000
18 0.780000
18 0.710000
18 0.480000
18 0.310000
18 0.170000
18 0.800000
18 0.700000
18 0.330000
18 0.820000
18 0.470000
18 1.080000
18 0.180000
18 0.750000
18 0.270000
18 0.510000
18 0.500000
18 0.400000
18 0.310000
18 1.460000
18 0.650000
18 1.170000
18 0.340000
18 0.970000
18 1.430000
18 0.610000
18 1.410000
18 0.870000
18 0.630000
18 0.730000
18 0.910000
18 0.420000
18 1.160000
18 0.610000
18 0.820000
18 0.460000
18 1.050000
18 0.160000
18 0.290000
18 0.470000
18 0.470000
18 0.600000
18 1.270000
18 0.580000
18 0.200000
18 0.790000
18 0.880000
18 0.530000
18 1.070000
