#n running-time
36 0.450000
37 1.990000
38 1.910000
38 0.730000
38 0.720000
38 0.740000
38 6.210000
38 1.080000
38 0.510000
38 1.040000
38 0.540000
38 2.660000
38 1.510000
38 0.300000
38 0.950000
38 0.790000
38 2.830000
38 0.630000
39 1.800000
39 3.590000
39 1.480000
39 0.910000
39 0.770000
39 1.650000
39 1.580000
39 0.400000
39 0.950000
39 0.440000
39 0.400000
39 0.380000
39 0.760000
39 6.460000
39 1.510000
39 0.590000
39 1.550000
39 2.780000
39 1.130000
39 1.520000
39 0.460000
39 6.620000
39 2.050000
39 8.780000
39 4.890000
39 0.560000
39 0.600000
39 1.110000
39 0.850000
39 0.630000
39 0.460000
39 0.800000
39 0.730000
39 1.430000
39 0.980000
39 6.050000
40 9.160000
40 3.920000
40 0.450000
40 2.570000
40 5.030000
40 1.220000
40 2.300000
40 2.720000
40 2.050000
40 0.370000
40 2.340000
40 0.920000
40 2.260000
40 7.400000
40 2.120000
40 2.140000
40 1.110000
40 6.610000
40 2.090000
40 0.540000
40 1.000000
40 2.140000
40 0.290000
40 1.030000
40 0.470000
40 2.550000
40 0.230000
40 6.980000
40 0.260000
40 15.890000
40 2.310000
40 9.470000
40 7.360000
40 0.650000
40 3.150000
40 4.280000
40 2.720000
40 0.230000
40 0.260000
40 0.680000
40 0.800000
40 4.410000
40 1.380000
40 1.400000
40 0.450000
40 0.460000
40 2.300000
40 1.770000
40 1.300000
40 0.440000
40 0.880000
40 0.150000
40 1.540000
40 0.400000
40 3.790000
40 1.590000
40 0.510000
40 0.670000
40 10.140000
40 1.890000
40 0.880000
40 0.760000
40 3.210000
40 0.850000
40 1.250000
40 2.150000
40 0.720000
40 2.590000
40 2.410000
40 4.580000
40 2.510000
40 4.250000
40 1.750000
40 1.470000
40 0.750000
40 3.260000
40 0.470000
40 3.190000
40 0.630000
40 0.670000
40 0.600000
40 0.580000
40 0.950000
40 1.480000
40 5.980000
40 0.690000
40 0.390000
40 1.200000
40 0.420000
40 0.320000
40 1.030000
40 0.660000
40 0.650000
40 2.730000
40 0.160000
40 1.320000
40 8.960000
40 5.330000
40 0.950000
40 0.770000
40 1.720000
40 1.420000
40 3.110000
40 0.940000
40 1.010000
40 8.310000
40 1.030000
40 1.440000
40 0.590000
40 2.130000
40 0.200000
40 1.470000
40 6.660000
40 0.630000
40 1.160000
40 1.310000
40 1.150000
40 0.460000
40 1.880000
40 0.580000
40 0.560000
40 2.630000
40 0.540000
40 0.610000
40 1.390000
40 6.190000
40 3.340000
40 0.280000
41 1.480000
41 1.880000
41 2.300000
41 3.710000
41 0.960000
41 9.290000
41 3.580000
41 0.640000
41 0.840000
41 1.350000
41 2.870000
41 0.670000
41 0.880000
41 1.070000
41 1.560000
41 1.920000
41 2.850000
41 1.550000
41 5.700000
41 1.520000
41 3.020000
41 3.310000
41 1.000000
41 6.850000
41 4.330000
41 2.040000
41 18.310000
41 22.040000
41 2.010000
41 5.890000
41 0.880000
41 0.700000
41 1.340000
41 1.230000
41 1.800000
41 1.550000
41 9.370000
41 1.700000
41 0.560000
41 0.350000
41 5.770000
41 1.020000
41 1.320000
41 0.870000
41 2.620000
41 5.430000
41 11.970000
41 2.910000
41 2.310000
41 2.000000
41 0.690000
41 2.000000
41 4.400000
41 0.540000
41 2.330000
41 1.030000
41 0.470000
41 0.540000
41 10.110000
41 3.960000
41 9.720000
41 5.530000
41 1.660000
41 2.630000
41 1.320000
41 0.980000
41 1.400000
41 1.730000
41 2.580000
41 0.970000
41 5.600000
41 3.530000
41 0.610000
41 0.560000
41 8.460000
41 9.360000
41 0.860000
41 1.140000
41 0.510000
41 0.880000
41 2.410000
41 3.160000
41 2.170000
41 5.220000
41 1.640000
41 5.000000
41 14.490000
41 3.050000
41 2.780000
41 0.280000
41 1.000000
41 0.600000
41 0.650000
41 0.290000
41 10.650000
41 1.640000
41 3.560000
41 0.400000
41 3.320000
41 0.540000
41 1.100000
41 1.360000
41 3.170000
41 1.060000
41 2.530000
41 0.390000
41 3.330000
41 7.240000
41 5.460000
41 1.230000
41 1.680000
41 1.040000
41 2.640000
41 0.550000
41 1.280000
41 2.840000
41 1.130000
41 0.910000
41 0.710000
41 3.910000
41 2.660000
41 9.760000
41 1.340000
41 5.020000
41 1.840000
41 7.290000
41 14.670000
41 0.530000
41 1.660000
41 0.750000
41 0.240000
41 8.130000
41 1.210000
41 14.820000
41 14.290000
41 2.790000
41 4.320000
41 2.300000
41 3.120000
41 0.910000
41 34.220000
41 5.570000
41 1.130000
41 32.030000
41 12.180000
41 2.100000
41 10.060000
41 5.160000
41 1.560000
41 2.610000
41 16.800000
41 0.560000
41 2.540000
41 2.860000
41 2.810000
41 0.650000
41 2.330000
41 0.370000
41 0.560000
41 13.900000
41 3.140000
41 0.490000
41 3.820000
41 0.790000
41 3.770000
41 1.180000
41 4.720000
41 4.550000
41 5.430000
41 1.980000
41 1.500000
41 0.460000
41 2.880000
41 4.020000
41 2.690000
41 3.800000
41 1.060000
41 0.520000
41 0.870000
41 1.050000
41 8.990000
41 0.330000
41 1.470000
41 11.290000
41 7.330000
41 1.600000
41 1.150000
41 1.230000
41 21.950000
41 3.160000
41 4.880000
41 1.480000
41 3.600000
41 0.260000
41 0.260000
41 10.820000
41 2.020000
41 0.460000
41 3.770000
41 2.640000
41 3.650000
41 11.540000
41 0.940000
41 1.680000
41 6.740000
41 1.180000
41 7.590000
41 0.900000
41 19.910000
41 0.650000
41 1.020000
41 2.540000
41 0.370000
41 2.810000
41 1.640000
41 2.950000
41 2.190000
41 0.820000
41 1.010000
41 0.810000
41 1.540000
41 0.390000
41 2.100000
41 2.150000
41 6.200000
41 0.980000
41 0.310000
41 2.420000
41 2.130000
41 3.740000
41 2.530000
41 0.860000
41 1.540000
41 1.140000
41 0.580000
41 0.400000
41 0.750000
41 1.760000
41 0.770000
41 2.630000
41 14.890000
41 0.670000
41 2.090000
41 2.400000
41 2.640000
41 1.030000
41 2.720000
41 1.510000
41 7.410000
41 2.180000
41 1.420000
41 6.440000
41 2.150000
41 1.750000
41 1.010000
41 2.620000
41 1.810000
41 2.930000
41 1.690000
41 2.990000
41 0.390000
41 6.510000
41 0.500000
41 5.530000
41 0.320000
41 1.970000
41 0.490000
41 3.670000
41 0.920000
41 0.630000
41 2.820000
41 1.260000
41 1.380000
41 1.490000
41 1.110000
41 3.270000
41 20.690000
41 3.440000
41 0.580000
41 3.250000
41 1.120000
41 1.370000
41 3.320000
41 0.390000
41 1.580000
41 1.310000
41 0.150000
41 1.100000
42 2.200000
42 1.290000
42 27.430000
42 10.750000
42 3.770000
42 0.420000
42 2.680000
42 35.000000
42 2.700000
42 3.650000
42 0.990000
42 3.380000
42 4.750000
42 0.740000
42 5.270000
42 6.840000
42 0.770000
42 4.120000
42 1.160000
42 10.790000
42 7.180000
42 0.240000
42 1.070000
42 3.240000
42 4.280000
42 1.370000
42 1.590000
42 1.120000
42 1.800000
42 1.460000
42 5.200000
42 8.240000
42 2.140000
42 2.650000
42 1.740000
42 1.420000
42 3.680000
42 3.980000
42 3.010000
42 3.420000
42 1.980000
42 2.650000
42 0.690000
42 3.520000
42 3.860000
42 0.760000
42 1.650000
42 4.120000
42 4.020000
42 10.750000
42 6.530000
42 2.540000
42 4.190000
42 2.450000
42 2.330000
42 6.910000
42 7.420000
42 2.990000
42 5.820000
42 9.170000
42 1.120000
42 1.420000
42 3.670000
42 1.000000
42 2.490000
42 1.000000
42 4.070000
42 2.940000
42 0.210000
42 0.470000
42 0.570000
42 3.010000
42 0.350000
42 0.900000
42 11.400000
42 2.030000
42 0.320000
42 0.470000
42 0.760000
42 9.030000
42 1.180000
42 2.430000
42 6.690000
42 5.160000
42 1.030000
42 2.230000
42 7.630000
42 2.390000
42 3.090000
42 4.320000
42 12.060000
42 1.010000
42 4.690000
42 3.750000
42 3.510000
42 4.640000
42 4.930000
42 2.380000
42 5.460000
42 0.360000
42 2.230000
42 3.790000
42 0.770000
42 1.190000
42 7.110000
42 2.800000
42 13.190000
42 3.700000
42 16.680000
42 13.140000
42 2.150000
42 1.000000
42 5.120000
42 1.060000
42 1.030000
42 2.560000
42 62.550000
42 1.400000
42 5.770000
42 1.190000
42 2.190000
42 2.190000
42 1.190000
42 2.390000
42 10.390000
42 12.520000
42 1.310000
42 4.510000
42 2.390000
42 13.470000
42 3.880000
42 7.610000
42 5.890000
42 2.310000
42 7.890000
42 7.800000
42 7.390000
42 12.480000
42 1.690000
42 0.240000
42 11.270000
42 7.400000
42 0.720000
42 0.920000
42 0.680000
42 0.860000
42 0.570000
42 9.610000
42 3.550000
42 0.500000
42 0.610000
42 0.730000
42 0.810000
42 1.490000
42 1.800000
42 6.480000
42 0.720000
42 1.370000
42 8.960000
42 0.230000
42 1.080000
42 1.390000
42 3.610000
42 0.840000
42 1.100000
42 7.940000
42 3.670000
42 3.830000
42 4.380000
42 2.140000
42 1.170000
42 1.000000
42 17.830000
42 11.370000
42 5.560000
42 0.770000
42 3.600000
42 0.710000
42 1.240000
42 2.940000
42 3.810000
42 0.740000
42 1.140000
42 2.210000
42 2.240000
42 2.650000
42 6.060000
42 2.830000
42 36.590000
42 3.780000
42 0.660000
42 1.450000
42 5.860000
42 5.540000
42 7.070000
42 1.920000
42 3.740000
42 1.120000
42 1.590000
42 0.740000
42 0.960000
42 1.150000
42 0.890000
42 0.820000
42 4.430000
42 3.910000
42 4.440000
42 19.030000
42 3.450000
42 2.210000
42 0.680000
42 4.430000
42 0.790000
42 2.320000
42 0.760000
42 3.640000
42 12.730000
42 2.580000
42 1.350000
42 1.050000
42 10.170000
42 5.350000
42 3.870000
42 5.780000
42 7.980000
42 5.020000
42 2.160000
42 0.930000
42 14.390000
42 2.640000
42 2.900000
42 1.760000
42 2.060000
42 0.440000
42 2.060000
42 0.580000
42 1.040000
42 6.960000
42 1.210000
42 1.430000
42 1.050000
42 1.200000
42 5.600000
42 1.810000
42 0.740000
42 1.660000
42 1.570000
42 0.850000
42 9.460000
42 0.840000
42 2.750000
42 1.150000
42 2.230000
42 0.280000
42 4.650000
42 32.530000
42 3.680000
42 1.280000
42 1.710000
42 0.330000
42 6.160000
42 2.640000
42 0.850000
42 1.820000
42 1.840000
42 1.500000
42 3.870000
42 2.730000
42 5.130000
42 1.210000
42 2.030000
42 0.920000
42 17.950000
42 3.410000
42 3.110000
42 0.860000
42 9.470000
42 30.860000
42 22.150000
42 2.940000
42 4.730000
42 7.060000
42 0.780000
42 0.980000
42 3.200000
42 6.660000
42 1.810000
42 1.360000
42 3.620000
42 9.430000
42 0.850000
42 5.640000
42 8.230000
42 20.200000
42 4.420000
42 0.480000
42 15.800000
42 3.480000
42 3.070000
42 7.780000
42 4.770000
42 0.840000
42 1.840000
42 5.770000
42 1.680000
42 0.760000
42 7.540000
42 4.020000
42 1.690000
42 2.710000
42 12.870000
42 0.750000
42 3.430000
42 1.200000
42 1.000000
42 2.190000
42 2.910000
42 1.150000
42 1.350000
42 7.390000
42 2.040000
42 2.710000
42 1.520000
42 4.750000
42 3.590000
42 4.900000
42 2.260000
42 6.570000
42 1.820000
42 0.710000
42 7.020000
42 0.780000
42 13.110000
42 3.030000
42 1.250000
42 0.930000
42 3.560000
42 1.460000
42 4.290000
42 13.040000
42 1.080000
42 1.240000
42 0.970000
42 1.920000
42 0.590000
42 2.010000
42 4.980000
42 2.170000
42 9.430000
42 0.540000
42 9.070000
42 2.840000
42 0.850000
42 1.160000
42 0.670000
42 12.070000
42 1.390000
42 1.710000
42 7.030000
42 1.380000
42 1.610000
42 1.300000
42 4.040000
42 0.600000
42 4.510000
42 2.760000
42 3.820000
42 4.720000
42 0.600000
42 3.700000
42 1.870000
42 1.520000
42 2.970000
42 2.150000
42 3.260000
42 3.180000
42 5.880000
42 1.440000
42 7.170000
42 2.660000
42 3.590000
42 0.520000
42 0.670000
42 2.870000
42 8.590000
42 1.920000
42 1.120000
42 2.240000
42 4.490000
42 1.800000
42 4.840000
42 7.970000
42 25.880000
42 0.480000
42 4.430000
42 1.480000
42 3.900000
42 1.040000
42 3.020000
42 1.210000
42 3.240000
42 1.260000
42 1.730000
43 3.700000
43 10.480000
43 3.090000
43 15.770000
43 2.750000
43 4.940000
43 18.580000
43 0.930000
43 8.940000
43 7.620000
43 1.140000
43 1.660000
43 2.820000
43 18.940000
43 4.310000
43 3.360000
43 2.140000
43 15.980000
43 7.430000
43 11.060000
43 6.250000
43 6.940000
43 3.900000
43 7.120000
43 3.220000
43 7.320000
43 2.480000
43 1.090000
43 0.780000
43 1.290000
43 1.500000
43 3.720000
43 42.600000
43 1.280000
43 1.350000
43 1.660000
43 12.960000
43 2.450000
43 45.020000
43 5.690000
43 1.370000
43 0.900000
43 12.070000
43 36.440000
43 2.430000
43 2.290000
43 2.450000
43 1.910000
43 1.780000
43 41.360000
43 0.590000
43 4.690000
43 3.760000
43 6.380000
43 2.180000
43 1.150000
43 2.310000
43 1.490000
43 2.180000
43 14.950000
43 1.250000
43 2.530000
43 10.370000
43 13.110000
43 2.960000
43 3.330000
43 3.630000
43 4.740000
43 3.840000
43 2.370000
43 2.630000
43 0.310000
43 6.010000
43 0.820000
43 9.900000
43 4.830000
43 0.590000
43 0.360000
43 0.830000
43 3.530000
43 6.000000
43 5.850000
43 1.030000
43 2.760000
43 2.070000
43 16.020000
43 5.160000
43 1.190000
43 1.560000
43 1.310000
43 4.190000
43 4.690000
43 2.850000
43 1.330000
43 19.650000
43 4.660000
43 4.850000
43 1.380000
43 44.870000
43 6.090000
43 7.230000
43 6.860000
43 0.680000
43 0.960000
43 0.290000
43 2.090000
43 15.840000
43 1.920000
43 1.480000
43 4.440000
43 1.830000
43 1.480000
43 1.360000
43 1.420000
43 13.940000
43 2.570000
43 1.040000
43 1.660000
43 2.330000
43 3.880000
43 0.910000
43 31.040000
43 8.170000
43 1.070000
43 0.590000
43 24.180000
43 1.890000
43 0.840000
43 5.150000
43 12.170000
43 7.950000
43 2.920000
43 0.740000
43 2.440000
43 11.640000
43 1.960000
43 0.400000
43 7.010000
43 1.330000
43 12.060000
43 0.470000
43 0.870000
43 1.300000
43 1.910000
43 2.770000
43 1.320000
43 4.550000
43 5.300000
43 8.260000
43 1.290000
43 1.840000
43 6.780000
43 1.080000
43 6.990000
43 1.990000
43 5.240000
43 3.880000
43 6.400000
43 8.080000
43 6.380000
43 2.760000
43 3.180000
43 8.630000
43 2.030000
43 2.300000
43 11.610000
43 1.740000
43 1.370000
43 2.040000
43 1.400000
43 4.720000
43 0.630000
43 1.530000
43 6.500000
43 1.830000
43 3.280000
43 2.780000
43 2.840000
43 1.030000
43 5.690000
43 8.820000
43 5.750000
43 0.910000
43 4.490000
43 3.800000
43 1.980000
43 2.530000
43 3.700000
43 5.420000
43 1.110000
43 3.530000
43 6.200000
43 1.210000
43 1.530000
43 1.510000
43 0.250000
43 59.830000
43 18.200000
43 8.480000
43 0.650000
43 8.180000
43 0.550000
43 1.420000
43 3.360000
43 5.800000
43 1.760000
43 2.210000
43 2.360000
43 20.680000
43 4.220000
43 1.110000
43 1.710000
43 3.170000
43 18.380000
43 1.270000
43 2.570000
43 0.590000
43 1.090000
43 1.090000
43 5.030000
43 14.010000
43 12.280000
43 5.980000
43 4.450000
43 2.370000
43 0.500000
43 2.950000
43 2.970000
43 11.710000
43 0.200000
43 9.710000
43 10.900000
43 1.200000
43 3.290000
43 0.600000
43 1.900000
43 5.950000
43 8.590000
43 0.950000
43 1.550000
43 8.410000
43 4.880000
43 1.140000
43 46.290000
43 1.850000
43 8.870000
43 1.100000
43 9.250000
43 4.110000
43 19.250000
43 8.990000
43 2.010000
43 6.190000
43 1.640000
43 6.060000
43 22.940000
43 1.430000
43 10.560000
43 1.600000
43 14.450000
43 10.940000
43 2.440000
43 2.340000
43 1.570000
43 8.390000
43 2.220000
43 0.910000
43 4.980000
43 3.300000
43 1.170000
43 2.250000
43 3.820000
43 6.450000
43 0.550000
43 9.420000
43 0.960000
43 2.010000
43 3.740000
43 9.430000
43 1.690000
43 3.210000
43 2.900000
43 1.720000
43 0.620000
43 3.400000
43 1.750000
43 4.180000
43 4.640000
43 11.150000
43 1.850000
43 1.040000
43 1.230000
43 0.480000
43 1.440000
43 1.170000
43 0.720000
43 1.160000
43 10.930000
43 1.940000
43 23.930000
43 9.900000
43 0.980000
43 4.190000
43 0.760000
43 1.640000
43 1.270000
43 1.180000
43 0.450000
43 0.760000
43 6.520000
43 5.720000
43 6.130000
43 7.870000
43 0.690000
43 5.340000
43 1.760000
43 22.650000
43 1.320000
43 17.280000
43 9.100000
43 1.620000
43 0.940000
43 1.120000
43 1.890000
43 2.460000
43 7.350000
43 2.670000
43 2.590000
43 1.320000
43 7.050000
43 3.100000
43 3.720000
43 2.920000
43 7.150000
43 2.180000
43 3.740000
43 10.300000
43 3.910000
43 13.480000
43 2.650000
43 22.430000
43 3.060000
43 1.490000
43 1.350000
43 1.640000
43 13.880000
43 3.320000
43 18.950000
43 0.560000
43 2.700000
43 1.560000
43 2.940000
43 7.430000
43 1.100000
43 1.500000
43 1.700000
43 3.630000
43 3.420000
43 6.290000
43 4.600000
43 1.330000
43 0.410000
43 9.920000
43 1.400000
43 3.580000
43 9.490000
43 0.750000
43 2.910000
43 1.530000
43 2.820000
43 4.020000
43 15.500000
43 3.940000
43 1.830000
43 2.800000
43 12.640000
43 3.530000
43 15.680000
43 4.840000
43 3.080000
43 2.130000
43 1.760000
43 3.920000
43 3.030000
43 3.340000
43 6.540000
43 6.020000
43 5.440000
43 1.690000
43 1.370000
43 1.550000
43 3.410000
43 16.950000
43 4.610000
43 3.030000
43 0.980000
43 5.640000
43 1.540000
43 2.440000
43 21.730000
43 4.480000
43 3.490000
43 2.540000
43 5.870000
43 4.310000
43 3.580000
43 3.080000
43 0.580000
43 1.580000
43 2.140000
43 2.320000
43 6.190000
43 4.920000
43 0.620000
43 6.510000
43 16.250000
43 2.110000
43 1.000000
43 5.560000
43 3.420000
43 71.780000
43 0.630000
43 0.860000
43 9.980000
43 2.090000
43 0.990000
43 3.520000
43 2.620000
43 14.130000
43 1.780000
43 3.840000
43 9.280000
43 2.730000
43 2.660000
43 2.300000
43 1.000000
43 0.570000
43 1.660000
43 3.480000
43 0.970000
43 0.750000
43 2.370000
43 1.150000
43 2.380000
43 2.320000
43 1.110000
43 1.110000
43 1.760000
43 0.380000
43 2.740000
43 9.820000
43 6.860000
43 20.090000
43 4.820000
43 3.700000
43 3.010000
43 1.380000
43 6.010000
43 3.410000
43 2.750000
43 3.390000
43 3.890000
43 2.720000
43 7.510000
43 1.180000
43 1.450000
43 6.420000
43 2.470000
43 1.050000
43 3.340000
43 4.500000
43 6.710000
43 12.710000
43 2.150000
43 5.800000
43 4.990000
43 4.050000
43 5.450000
43 2.220000
43 2.770000
43 0.910000
43 6.480000
43 0.460000
43 1.280000
43 48.510000
43 10.920000
43 9.990000
43 5.560000
43 1.750000
43 1.520000
43 4.490000
43 1.610000
43 1.030000
43 1.700000
43 14.010000
43 5.090000
43 2.410000
43 3.610000
43 14.370000
43 1.100000
43 33.620000
43 0.880000
43 8.200000
43 12.640000
43 1.660000
43 2.820000
43 3.280000
43 3.460000
43 8.420000
43 4.330000
43 0.250000
43 6.930000
43 1.550000
43 16.040000
43 1.230000
43 9.340000
43 6.340000
43 1.300000
43 2.730000
43 0.470000
44 2.310000
44 9.810000
44 1.830000
44 8.030000
44 2.160000
44 12.030000
44 3.130000
44 12.170000
44 1.060000
44 8.260000
44 8.570000
44 6.900000
44 0.960000
44 3.330000
44 1.760000
44 8.570000
44 3.350000
44 2.840000
44 3.330000
44 2.360000
44 4.440000
44 0.720000
44 9.040000
44 13.140000
44 8.710000
44 10.920000
44 1.960000
44 2.020000
44 1.180000
44 3.300000
44 15.060000
44 6.660000
44 5.860000
44 5.270000
44 1.480000
44 4.670000
44 4.150000
44 14.140000
44 1.940000
44 6.190000
44 3.460000
44 0.750000
44 2.400000
44 2.600000
44 26.490000
44 2.490000
44 1.700000
44 6.280000
44 11.420000
44 1.850000
44 2.450000
44 4.110000
44 5.130000
44 6.830000
44 10.550000
44 10.750000
44 1.540000
44 0.870000
44 1.870000
44 5.430000
44 13.260000
44 1.180000
44 1.390000
44 5.320000
44 1.530000
44 0.890000
44 12.740000
44 25.590000
44 3.690000
44 7.670000
44 7.710000
44 1.830000
44 6.490000
44 2.510000
44 3.360000
44 3.610000
44 3.810000
44 1.600000
44 2.310000
44 1.070000
44 7.170000
44 6.450000
44 10.460000
44 3.900000
44 8.320000
44 13.290000
44 1.430000
44 45.720000
44 1.000000
44 7.700000
44 7.230000
44 19.240000
44 2.740000
44 11.850000
44 2.900000
44 20.460000
44 0.410000
44 2.200000
44 15.100000
44 3.600000
44 3.150000
44 6.420000
44 1.100000
44 2.950000
44 10.520000
44 12.540000
44 6.760000
44 0.490000
44 5.910000
44 2.140000
44 1.190000
44 51.610000
44 5.190000
44 2.040000
44 2.180000
44 2.100000
44 15.990000
44 1.570000
44 1.910000
44 2.600000
44 6.160000
44 5.780000
44 3.350000
44 9.570000
44 0.870000
44 12.270000
44 4.860000
44 4.030000
44 3.630000
44 7.490000
44 2.600000
44 2.800000
44 2.230000
44 18.810000
44 2.120000
44 4.290000
44 3.190000
44 4.470000
44 7.750000
44 1.160000
44 2.920000
44 2.050000
44 5.560000
44 4.820000
44 1.030000
44 1.100000
44 8.930000
44 10.250000
44 0.550000
44 3.320000
44 3.240000
44 26.590000
44 2.010000
44 2.560000
44 12.580000
44 18.500000
44 17.240000
44 4.290000
44 16.230000
44 3.610000
44 8.280000
44 1.220000
44 5.990000
44 3.260000
44 3.960000
44 8.740000
44 2.720000
44 3.180000
44 4.460000
44 3.980000
44 4.810000
44 22.800000
44 5.940000
44 3.180000
44 3.670000
44 2.900000
44 0.800000
44 6.140000
44 8.220000
44 2.380000
44 4.330000
44 12.850000
44 5.550000
44 4.830000
44 1.990000
44 6.900000
44 35.910000
44 17.430000
44 1.200000
44 95.980000
44 1.220000
44 3.170000
44 1.140000
44 5.140000
44 2.940000
44 29.130000
44 13.430000
44 3.400000
44 10.280000
44 8.280000
44 63.140000
44 8.040000
44 2.060000
44 2.840000
44 20.030000
44 0.490000
44 43.200000
44 2.630000
44 7.530000
44 2.090000
44 1.140000
44 3.800000
44 5.900000
44 2.960000
44 1.100000
44 7.640000
44 14.880000
44 3.880000
44 0.550000
44 4.710000
44 1.670000
44 32.980000
44 1.780000
44 2.210000
44 8.840000
44 1.950000
44 2.980000
44 14.390000
44 3.110000
44 1.250000
44 8.040000
44 6.890000
44 2.280000
44 2.650000
44 2.830000
44 1.040000
44 3.470000
44 2.050000
44 1.440000
44 1.070000
44 3.820000
44 23.590000
44 7.460000
44 3.010000
44 1.100000
44 4.960000
44 10.150000
44 18.640000
44 8.350000
44 3.570000
44 7.370000
44 4.430000
44 30.260000
44 1.950000
44 7.220000
44 6.310000
44 6.740000
44 3.430000
44 35.610000
44 5.080000
44 8.800000
44 4.490000
44 9.950000
44 2.080000
44 2.170000
44 2.130000
44 9.030000
44 26.390000
44 2.360000
44 9.470000
44 6.830000
44 2.120000
44 0.870000
44 8.040000
44 5.170000
44 21.530000
44 12.470000
44 1.420000
44 8.100000
44 3.290000
44 3.700000
44 27.560000
44 3.160000
44 18.310000
44 26.810000
44 3.180000
44 4.880000
44 7.230000
44 2.410000
44 4.060000
44 4.100000
44 13.740000
44 3.470000
44 4.570000
44 5.570000
44 45.870000
44 1.320000
44 36.420000
44 2.910000
44 8.840000
44 10.980000
44 10.660000
44 3.330000
44 21.390000
44 45.170000
44 9.330000
44 1.760000
44 5.490000
44 4.420000
44 1.480000
44 2.830000
44 13.900000
44 2.660000
44 0.820000
44 5.130000
44 10.170000
44 1.580000
44 12.320000
44 1.000000
44 4.110000
44 1.510000
44 10.030000
44 2.170000
44 2.690000
44 10.980000
44 1.100000
44 7.000000
44 1.160000
44 17.260000
44 9.370000
44 2.660000
44 8.140000
44 20.020000
44 5.890000
44 21.470000
44 4.430000
44 4.840000
44 26.980000
44 4.240000
44 10.580000
44 5.250000
44 2.740000
44 4.920000
44 63.570000
44 1.980000
44 3.790000
44 9.210000
44 2.080000
44 2.340000
44 39.700000
44 0.370000
44 4.660000
44 12.890000
44 1.130000
44 23.570000
44 18.740000
44 1.940000
44 7.870000
44 2.000000
44 4.420000
44 2.560000
44 2.930000
44 1.300000
44 2.560000
44 3.170000
44 2.600000
44 2.190000
44 2.110000
44 7.710000
44 1.280000
44 18.450000
44 3.060000
44 2.630000
44 4.270000
44 1.580000
44 5.820000
44 1.560000
44 11.270000
44 7.400000
44 1.990000
44 5.440000
44 2.800000
44 0.850000
44 4.120000
44 5.960000
44 16.380000
44 10.950000
44 1.550000
44 2.740000
44 4.280000
44 0.650000
44 8.500000
44 3.020000
44 5.420000
44 5.020000
44 2.020000
44 6.080000
44 14.190000
44 1.510000
44 2.540000
44 1.640000
44 12.070000
44 3.010000
44 4.020000
44 13.530000
44 5.400000
44 9.260000
44 3.480000
44 3.020000
44 2.620000
44 1.220000
44 3.600000
44 1.640000
44 8.610000
44 16.380000
44 13.490000
44 7.340000
44 5.970000
44 4.860000
44 0.670000
44 1.920000
44 2.160000
44 3.070000
44 7.480000
44 28.180000
44 5.170000
44 4.180000
44 5.510000
44 11.890000
44 4.030000
44 1.270000
44 6.660000
44 1.820000
44 9.370000
44 6.320000
44 1.020000
44 8.680000
44 8.070000
44 4.510000
44 8.370000
44 3.350000
44 0.640000
44 3.720000
44 9.680000
44 3.240000
44 2.610000
44 3.010000
44 22.440000
44 12.020000
44 0.430000
44 3.020000
44 4.560000
44 14.450000
44 12.290000
44 14.950000
44 5.220000
44 7.250000
44 3.140000
44 6.090000
44 6.500000
44 4.010000
44 36.580000
44 3.200000
44 9.110000
44 2.820000
44 1.800000
44 8.790000
44 8.040000
44 17.190000
44 37.140000
44 19.620000
44 1.240000
44 1.140000
44 6.210000
44 1.730000
44 1.580000
44 5.000000
44 2.190000
44 33.750000
44 2.780000
44 1.550000
44 3.470000
44 6.560000
44 2.530000
44 10.560000
44 5.010000
44 9.300000
44 33.890000
44 5.010000
44 0.640000
44 0.830000
44 2.970000
44 2.520000
44 11.300000
44 4.110000
44 0.690000
44 3.210000
44 3.200000
44 4.790000
44 4.730000
44 9.810000
44 5.560000
44 17.670000
44 4.200000
44 2.420000
44 23.680000
44 1.510000
44 3.930000
44 8.260000
44 2.150000
44 2.750000
44 9.240000
44 2.680000
44 4.340000
44 2.800000
44 7.410000
44 5.840000
44 2.580000
44 2.160000
44 10.880000
44 6.770000
44 4.870000
44 11.540000
44 12.080000
44 12.160000
44 1.180000
44 2.420000
44 12.460000
44 6.920000
44 3.110000
44 5.520000
44 1.870000
44 0.710000
44 0.820000
44 4.890000
44 5.300000
44 29.720000
44 0.850000
44 11.010000
44 9.080000
44 2.390000
44 3.780000
44 1.240000
44 2.150000
44 2.780000
44 7.320000
44 2.700000
44 2.450000
44 6.610000
44 3.680000
44 42.400000
44 8.660000
44 5.240000
44 4.370000
44 7.430000
44 0.550000
44 2.170000
44 3.790000
44 2.230000
44 6.190000
44 5.400000
44 2.390000
44 7.630000
44 4.420000
44 9.410000
44 20.480000
44 13.970000
44 3.020000
44 1.350000
44 6.290000
44 3.200000
44 4.220000
44 0.720000
44 1.760000
44 30.650000
44 4.310000
44 4.990000
44 18.940000
44 1.690000
44 3.860000
44 4.800000
44 1.440000
44 1.940000
44 30.720000
44 1.570000
44 4.480000
44 4.720000
44 8.920000
44 3.590000
44 15.380000
44 6.870000
44 1.640000
44 9.680000
44 2.790000
44 4.390000
44 11.630000
44 1.560000
44 2.470000
44 0.840000
44 11.860000
44 4.330000
44 21.160000
44 2.200000
44 2.500000
44 12.310000
44 1.520000
44 8.910000
44 6.250000
44 11.680000
44 5.090000
44 6.020000
