#n running-time
30 0.020000
30 0.030000
30 0.030000
31 0.050000
31 0.050000
31 0.410000
31 0.020000
31 0.060000
31 0.070000
31 0.010000
31 0.020000
31 0.020000
31 0.020000
31 0.080000
31 0.050000
31 0.030000
31 0.110000
31 0.050000
31 0.070000
32 0.080000
32 0.120000
32 0.050000
32 0.030000
32 0.080000
32 0.060000
32 0.050000
32 0.030000
32 0.040000
32 0.100000
32 0.060000
32 0.060000
32 0.040000
32 0.100000
32 0.030000
32 0.030000
32 0.030000
32 0.030000
32 0.030000
32 0.040000
32 0.130000
32 0.040000
32 0.030000
32 0.060000
32 0.120000
32 0.070000
32 0.020000
32 0.080000
32 0.050000
32 0.030000
32 0.070000
32 0.030000
32 0.040000
32 0.270000
32 0.020000
32 0.040000
32 0.030000
32 0.080000
32 0.020000
32 0.270000
32 0.020000
32 0.030000
32 0.030000
32 0.020000
32 0.050000
32 0.020000
32 0.040000
32 0.040000
32 0.030000
32 0.160000
32 0.040000
32 0.040000
32 0.040000
32 0.030000
32 0.030000
32 0.020000
32 0.050000
32 0.050000
33 0.180000
33 0.060000
33 0.150000
33 0.020000
33 0.020000
33 0.050000
33 0.090000
33 0.080000
33 0.060000
33 0.020000
33 0.280000
33 0.070000
33 0.030000
33 0.040000
33 0.030000
33 0.070000
33 0.130000
33 0.050000
33 0.070000
33 0.260000
33 0.020000
33 0.140000
33 0.070000
33 0.030000
33 0.040000
33 0.040000
33 0.030000
33 0.020000
33 0.070000
33 0.130000
33 0.040000
33 0.030000
33 0.060000
33 0.110000
33 0.040000
33 0.060000
33 0.030000
33 0.080000
33 0.130000
33 0.030000
33 0.050000
33 0.030000
33 0.090000
33 0.210000
33 0.060000
33 0.070000
33 0.050000
33 0.020000
33 0.060000
33 0.060000
33 0.050000
33 0.040000
33 0.080000
33 0.030000
33 0.060000
33 0.040000
33 0.060000
33 0.030000
33 0.800000
33 0.020000
33 0.030000
33 0.030000
33 0.050000
33 3.040000
33 0.070000
33 0.040000
33 0.130000
33 0.250000
33 0.060000
33 0.050000
33 0.020000
33 0.020000
33 0.080000
33 0.440000
33 0.010000
33 0.060000
33 0.100000
33 0.030000
33 0.020000
33 0.030000
33 0.080000
33 0.070000
33 0.080000
33 0.020000
33 0.240000
33 0.070000
33 0.220000
33 0.060000
33 0.140000
33 0.020000
33 0.090000
33 0.030000
33 0.120000
33 0.030000
33 0.030000
33 0.050000
33 0.030000
33 0.080000
33 0.130000
33 0.030000
33 0.100000
33 0.050000
33 0.100000
33 0.070000
33 0.060000
33 0.170000
33 0.070000
33 0.050000
33 0.050000
33 0.050000
33 0.020000
33 0.140000
33 0.100000
33 0.170000
33 0.030000
33 0.040000
33 0.070000
33 0.050000
33 0.020000
33 0.020000
33 0.280000
33 0.080000
33 0.110000
33 0.230000
33 0.110000
33 0.020000
33 0.020000
34 0.040000
34 0.080000
34 0.360000
34 0.040000
34 0.610000
34 0.120000
34 0.080000
34 0.270000
34 0.210000
34 0.110000
34 0.100000
34 0.020000
34 0.050000
34 0.030000
34 0.070000
34 0.240000
34 0.180000
34 0.050000
34 0.080000
34 0.040000
34 0.070000
34 0.020000
34 0.120000
34 0.190000
34 0.040000
34 0.030000
34 0.050000
34 0.070000
34 0.110000
34 0.020000
34 0.020000
34 0.070000
34 0.100000
34 0.080000
34 0.070000
34 0.030000
34 0.270000
34 0.060000
34 0.110000
34 0.160000
34 0.020000
34 0.270000
34 0.020000
34 0.080000
34 0.130000
34 0.170000
34 0.170000
34 0.080000
34 0.020000
34 0.020000
34 0.090000
34 0.050000
34 0.070000
34 0.050000
34 0.020000
34 0.020000
34 0.050000
34 0.140000
34 0.110000
34 0.060000
34 0.050000
34 0.130000
34 0.190000
34 0.030000
34 0.020000
34 0.070000
34 0.030000
34 0.040000
34 0.030000
34 0.030000
34 0.040000
34 0.040000
34 0.020000
34 0.090000
34 0.080000
34 0.110000
34 0.040000
34 0.030000
34 0.070000
34 0.040000
34 0.080000
34 0.050000
34 0.030000
34 0.040000
34 0.030000
34 0.160000
34 0.300000
34 0.220000
34 0.050000
34 0.060000
34 0.030000
34 0.160000
34 0.020000
34 0.040000
34 0.150000
34 0.340000
34 0.060000
34 0.140000
34 0.270000
34 0.100000
34 0.390000
34 0.060000
34 0.240000
34 0.120000
34 0.120000
34 0.020000
34 0.080000
34 0.040000
34 0.020000
34 0.090000
34 0.060000
34 0.060000
34 0.020000
34 0.050000
34 0.040000
34 0.030000
34 0.030000
34 0.020000
34 0.050000
34 0.050000
34 0.030000
34 0.300000
34 0.030000
34 0.050000
34 0.060000
34 0.030000
34 0.090000
34 0.060000
34 0.080000
34 0.090000
34 0.090000
34 0.120000
34 0.110000
34 0.150000
34 0.180000
34 0.070000
34 0.020000
34 0.020000
34 0.050000
34 0.360000
34 0.090000
34 0.040000
34 0.120000
34 0.190000
34 0.060000
34 0.140000
34 0.020000
34 0.050000
34 0.030000
34 0.020000
34 0.020000
34 0.060000
34 0.060000
34 0.040000
34 0.020000
34 0.020000
34 0.110000
34 0.050000
34 0.060000
34 0.150000
34 0.020000
34 0.100000
34 0.040000
34 0.160000
34 0.030000
34 0.080000
34 0.020000
34 0.090000
34 0.030000
34 0.030000
34 0.030000
34 0.040000
34 0.040000
34 0.030000
34 0.040000
34 0.050000
34 0.210000
34 0.020000
34 0.030000
34 0.050000
34 0.110000
34 0.110000
34 0.060000
34 0.040000
34 0.030000
34 0.020000
34 0.050000
34 0.140000
34 0.040000
34 0.520000
34 0.150000
34 0.030000
34 0.060000
34 0.020000
34 0.050000
34 0.020000
34 0.150000
34 0.040000
34 0.100000
34 0.040000
34 0.020000
34 0.120000
34 0.110000
34 0.050000
34 0.050000
34 0.030000
35 0.200000
35 0.380000
35 0.040000
35 0.070000
35 0.110000
35 0.090000
35 0.040000
35 0.170000
35 0.070000
35 0.060000
35 0.030000
35 0.040000
35 0.050000
35 0.070000
35 0.070000
35 0.050000
35 0.080000
35 0.190000
35 0.090000
35 0.060000
35 0.330000
35 0.070000
35 0.070000
35 0.110000
35 0.040000
35 0.100000
35 0.320000
35 0.050000
35 0.050000
35 0.340000
35 0.020000
35 0.290000
35 0.130000
35 0.030000
35 0.060000
35 0.090000
35 0.120000
35 0.260000
35 0.110000
35 0.040000
35 0.040000
35 0.040000
35 0.130000
35 0.090000
35 0.030000
35 0.040000
35 0.030000
35 0.080000
35 0.090000
35 0.010000
35 0.030000
35 0.120000
35 0.020000
35 0.040000
35 0.050000
35 0.140000
35 0.030000
35 0.150000
35 0.090000
35 0.080000
35 0.020000
35 0.130000
35 0.050000
35 0.020000
35 0.100000
35 0.050000
35 0.110000
35 0.110000
35 0.120000
35 0.040000
35 0.040000
35 0.340000
35 0.050000
35 0.010000
35 0.090000
35 0.060000
35 0.040000
35 0.030000
35 0.050000
35 0.060000
35 0.130000
35 0.210000
35 0.040000
35 0.070000
35 0.050000
35 0.280000
35 0.060000
35 0.050000
35 0.020000
35 0.040000
35 0.050000
35 0.040000
35 0.030000
35 0.020000
35 0.080000
35 0.060000
35 0.030000
35 0.080000
35 0.030000
35 0.100000
35 0.060000
35 0.160000
35 0.150000
35 0.060000
35 0.140000
35 0.130000
35 0.080000
35 0.030000
35 0.060000
35 0.060000
35 0.080000
35 0.050000
35 0.370000
35 0.050000
35 0.040000
35 0.040000
35 0.170000
35 0.230000
35 0.130000
35 0.790000
35 0.040000
35 0.030000
35 0.070000
35 0.160000
35 0.110000
35 0.050000
35 0.250000
35 0.090000
35 0.050000
35 0.110000
35 0.100000
35 0.240000
35 0.020000
35 0.020000
35 0.210000
35 0.070000
35 0.130000
35 0.070000
35 0.060000
35 0.200000
35 0.120000
35 0.060000
35 0.250000
35 0.090000
35 0.040000
35 0.020000
35 0.040000
35 0.040000
35 0.100000
35 0.050000
35 0.500000
35 0.090000
35 0.090000
35 0.020000
35 0.110000
35 0.100000
35 0.020000
35 0.070000
35 0.020000
35 0.020000
35 0.050000
35 0.040000
35 0.070000
35 0.040000
35 0.290000
35 0.220000
35 0.620000
35 0.080000
35 0.060000
35 0.040000
35 0.040000
35 0.110000
35 0.030000
35 0.020000
35 0.110000
35 0.040000
35 0.050000
35 0.030000
35 0.070000
35 0.040000
35 0.020000
35 0.350000
35 0.160000
35 0.040000
35 0.090000
35 0.300000
35 0.100000
35 0.050000
35 0.090000
35 0.040000
35 0.060000
35 0.040000
35 0.440000
35 0.090000
35 0.050000
35 0.020000
35 0.130000
35 0.020000
35 0.080000
35 0.120000
35 0.070000
35 0.110000
35 0.020000
35 0.140000
35 0.020000
35 0.100000
35 0.060000
35 0.120000
35 0.120000
35 0.060000
35 0.160000
35 0.100000
35 0.030000
35 0.060000
35 0.070000
35 0.150000
35 0.040000
35 0.180000
35 0.020000
35 0.060000
35 0.120000
35 0.020000
35 1.050000
35 0.090000
35 0.070000
35 0.030000
35 0.040000
35 0.300000
35 0.050000
35 0.230000
35 0.090000
35 0.070000
35 0.030000
35 0.080000
35 0.140000
35 0.130000
35 0.120000
35 0.060000
35 0.150000
35 0.070000
35 0.090000
35 0.080000
35 0.070000
35 0.040000
35 0.060000
35 0.110000
35 0.260000
35 0.060000
35 0.130000
35 0.040000
35 0.050000
35 0.040000
35 0.090000
35 0.240000
35 0.260000
35 0.040000
35 0.060000
35 0.030000
35 0.210000
35 0.070000
35 0.030000
35 0.030000
35 0.030000
35 0.260000
35 0.060000
35 0.090000
35 0.080000
35 0.050000
35 0.300000
35 0.030000
35 0.030000
35 0.060000
35 0.140000
35 0.040000
35 0.100000
35 0.090000
35 0.080000
35 0.310000
35 0.140000
35 0.040000
35 0.250000
35 0.180000
35 0.170000
35 0.040000
35 0.150000
35 0.270000
35 0.240000
35 0.110000
35 0.050000
35 0.060000
35 0.040000
35 0.130000
35 0.020000
35 0.110000
35 0.030000
35 0.030000
35 0.280000
35 0.060000
35 0.080000
35 0.100000
35 0.020000
35 0.120000
35 0.060000
35 0.050000
35 0.060000
35 0.040000
35 0.150000
35 0.090000
35 0.070000
35 0.120000
35 0.110000
35 0.050000
35 0.080000
35 0.070000
35 0.080000
35 0.050000
35 0.570000
35 0.050000
35 0.080000
35 0.060000
35 0.080000
35 0.040000
35 0.060000
35 0.160000
35 0.040000
35 0.160000
35 0.090000
35 0.020000
35 0.040000
35 0.080000
35 0.080000
35 0.040000
35 0.170000
35 0.120000
35 0.020000
35 0.080000
35 0.020000
35 0.220000
35 0.020000
35 0.040000
35 0.120000
35 0.020000
35 0.050000
35 0.050000
36 0.020000
36 0.150000
36 0.040000
36 0.050000
36 0.020000
36 0.060000
36 0.120000
36 0.100000
36 0.080000
36 0.150000
36 0.520000
36 0.520000
36 0.020000
36 0.150000
36 0.030000
36 0.030000
36 0.250000
36 0.040000
36 0.200000
36 0.030000
36 0.110000
36 0.030000
36 0.360000
36 0.150000
36 0.080000
36 0.110000
36 0.110000
36 0.070000
36 0.070000
36 0.060000
36 0.070000
36 0.060000
36 0.150000
36 0.200000
36 0.040000
36 0.090000
36 0.060000
36 0.060000
36 0.030000
36 0.070000
36 0.020000
36 0.060000
36 0.070000
36 0.070000
36 0.020000
36 0.050000
36 0.140000
36 0.030000
36 0.050000
36 0.030000
36 0.210000
36 0.030000
36 0.350000
36 0.080000
36 0.040000
36 0.100000
36 0.170000
36 0.070000
36 0.110000
36 0.020000
36 0.040000
36 0.030000
36 0.030000
36 0.360000
36 0.060000
36 0.040000
36 0.050000
36 0.130000
36 0.080000
36 0.120000
36 0.020000
36 0.330000
36 0.030000
36 0.100000
36 0.680000
36 0.130000
36 0.050000
36 0.200000
36 0.100000
36 0.110000
36 0.070000
36 0.050000
36 0.040000
36 0.030000
36 0.040000
36 0.050000
36 0.110000
36 0.210000
36 0.030000
36 0.140000
36 0.100000
36 0.240000
36 0.190000
36 0.030000
36 0.170000
36 0.230000
36 0.050000
36 0.400000
36 0.040000
36 0.300000
36 0.040000
36 0.120000
36 0.350000
36 0.050000
36 0.070000
36 0.170000
36 0.040000
36 0.390000
36 0.110000
36 0.030000
36 0.270000
36 0.040000
36 0.080000
36 0.050000
36 0.230000
36 0.020000
36 0.020000
36 0.060000
36 0.120000
36 0.110000
36 0.100000
36 0.030000
36 0.640000
36 0.040000
36 0.060000
36 0.050000
36 0.110000
36 0.190000
36 0.070000
36 0.040000
36 0.020000
36 0.110000
36 0.070000
36 0.100000
36 0.050000
36 0.110000
36 0.160000
36 0.160000
36 0.150000
36 0.030000
36 0.220000
36 0.060000
36 0.050000
36 0.050000
36 0.110000
36 0.020000
36 0.180000
36 0.160000
36 0.050000
36 0.080000
36 0.170000
36 0.210000
36 0.110000
36 0.140000
36 0.020000
36 0.020000
36 0.100000
36 0.050000
36 0.050000
36 0.020000
36 0.090000
36 0.110000
36 0.140000
36 0.120000
36 0.160000
36 0.230000
36 0.070000
36 0.090000
36 0.030000
36 0.030000
36 0.080000
36 0.030000
36 0.280000
36 0.060000
36 0.040000
36 0.070000
36 0.150000
36 0.050000
36 0.040000
36 0.070000
36 0.050000
36 0.230000
36 0.160000
36 0.240000
36 0.150000
36 0.040000
36 0.030000
36 0.110000
36 0.110000
36 0.080000
36 0.020000
36 0.050000
36 0.140000
36 0.070000
36 0.130000
36 0.130000
36 0.180000
36 0.130000
36 0.180000
36 0.090000
36 0.070000
36 0.060000
36 0.190000
36 0.310000
36 0.060000
36 0.040000
36 0.030000
36 0.040000
36 0.120000
36 0.230000
36 0.120000
36 0.150000
36 0.140000
36 0.030000
36 0.200000
36 0.040000
36 0.070000
36 0.060000
36 0.160000
36 0.040000
36 0.070000
36 0.150000
36 0.020000
36 0.170000
36 0.060000
36 0.070000
36 0.090000
36 0.030000
36 0.120000
36 0.020000
36 0.050000
36 0.040000
36 0.090000
36 0.040000
36 0.050000
36 0.210000
36 0.040000
36 0.070000
36 0.070000
36 0.310000
36 0.080000
36 0.030000
36 0.210000
36 0.100000
36 0.020000
36 0.030000
36 0.050000
36 0.120000
36 0.190000
36 0.050000
36 0.070000
36 0.070000
36 0.210000
36 0.060000
36 0.130000
36 0.050000
36 0.110000
36 0.070000
36 0.090000
36 0.070000
36 0.080000
36 0.080000
36 0.170000
36 0.220000
36 0.140000
36 0.030000
36 0.140000
36 0.160000
36 0.150000
36 0.130000
36 0.080000
36 0.070000
36 1.880000
36 0.330000
36 0.070000
36 0.190000
36 0.070000
36 0.130000
36 0.090000
36 0.150000
36 0.100000
36 0.020000
36 0.080000
36 0.100000
36 0.050000
36 0.110000
36 0.180000
36 0.170000
36 0.100000
36 0.080000
36 0.140000
36 0.080000
36 0.050000
36 0.160000
36 0.060000
36 0.050000
36 0.200000
36 0.080000
36 0.050000
36 0.200000
36 0.050000
36 0.130000
36 0.140000
36 0.030000
36 1.570000
36 0.420000
36 0.070000
36 0.070000
36 0.090000
36 0.100000
36 0.050000
36 0.030000
36 0.030000
36 0.140000
36 0.110000
36 0.320000
36 0.150000
36 0.040000
36 0.110000
36 0.080000
36 0.170000
36 0.150000
36 0.050000
36 0.100000
36 0.030000
36 0.020000
36 0.050000
36 0.120000
36 0.020000
36 0.080000
36 0.050000
36 0.040000
36 0.180000
36 0.080000
36 0.070000
36 0.120000
36 0.170000
36 0.120000
36 0.060000
36 0.120000
36 0.100000
36 0.020000
36 0.080000
36 0.280000
36 0.190000
36 0.040000
36 0.090000
36 0.410000
36 0.040000
36 0.070000
36 0.250000
36 0.020000
36 0.250000
36 0.070000
36 0.160000
36 0.060000
36 0.060000
36 0.030000
36 0.070000
36 0.120000
36 0.030000
36 0.030000
36 0.050000
36 0.060000
36 0.050000
36 0.020000
36 0.080000
36 0.060000
36 0.090000
36 0.150000
36 0.180000
36 0.280000
36 0.100000
36 0.060000
36 0.060000
36 0.020000
36 0.120000
36 0.140000
36 0.040000
36 0.060000
36 0.090000
36 0.600000
36 0.020000
36 0.060000
36 0.230000
36 0.250000
36 0.290000
36 0.070000
36 0.050000
36 0.050000
36 0.070000
36 0.160000
36 0.050000
36 0.050000
36 0.130000
36 0.120000
36 0.080000
36 0.110000
36 0.030000
36 0.400000
36 0.100000
36 0.170000
36 0.370000
36 0.090000
36 0.060000
36 0.340000
36 0.140000
36 0.100000
36 0.050000
36 0.200000
36 0.050000
36 0.170000
36 0.010000
36 0.070000
36 0.060000
36 0.070000
36 0.100000
36 0.110000
36 0.240000
37 0.070000
37 0.230000
37 0.130000
37 0.040000
37 0.100000
37 0.120000
37 0.040000
37 0.220000
37 0.140000
37 0.090000
37 0.680000
37 0.540000
37 0.040000
37 0.080000
37 0.020000
37 0.030000
37 0.070000
37 0.240000
37 0.150000
37 0.480000
37 0.110000
37 0.150000
37 0.090000
37 0.140000
37 0.110000
37 0.140000
37 0.030000
37 0.060000
37 0.060000
37 0.070000
37 0.070000
37 0.060000
37 0.070000
37 0.090000
37 0.090000
37 0.100000
37 0.050000
37 0.070000
37 0.140000
37 0.090000
37 0.090000
37 0.050000
37 0.120000
37 0.050000
37 0.240000
37 0.730000
37 0.080000
37 0.180000
37 0.240000
37 0.250000
37 0.170000
37 0.230000
37 0.270000
37 0.110000
37 0.080000
37 0.330000
37 0.160000
37 0.090000
37 0.170000
37 0.050000
37 0.210000
37 0.060000
37 0.090000
37 0.210000
37 0.060000
37 0.050000
37 0.140000
37 0.030000
37 0.030000
37 0.240000
37 0.080000
37 0.100000
37 0.140000
37 0.030000
37 0.050000
37 0.020000
37 0.060000
37 0.050000
37 0.060000
37 0.050000
37 0.090000
37 0.070000
37 0.140000
37 0.090000
37 0.320000
37 0.120000
37 0.120000
37 0.040000
37 0.020000
37 0.140000
37 0.070000
37 0.060000
37 0.120000
37 0.160000
37 0.110000
37 0.030000
37 0.180000
37 0.050000
37 0.020000
37 0.060000
37 0.470000
37 0.310000
37 0.160000
37 0.200000
37 0.110000
37 0.100000
37 0.050000
37 0.130000
37 0.090000
37 0.160000
37 0.060000
37 0.040000
37 0.080000
37 0.160000
37 0.190000
37 0.200000
37 0.130000
37 0.120000
37 0.190000
37 0.060000
37 0.160000
37 0.110000
37 0.030000
37 0.060000
37 0.150000
37 0.050000
37 0.130000
37 0.050000
37 0.060000
37 0.190000
37 0.110000
37 0.540000
37 0.080000
37 0.170000
37 0.030000
37 0.030000
37 0.040000
37 0.130000
37 0.090000
37 0.040000
37 0.060000
37 0.110000
37 0.060000
37 0.220000
37 0.020000
37 0.030000
37 0.360000
37 0.040000
37 0.040000
37 0.150000
37 0.070000
37 0.030000
37 0.070000
37 0.040000
37 0.040000
37 0.070000
37 0.230000
37 0.250000
37 0.160000
37 0.040000
37 0.040000
37 0.130000
37 0.120000
37 0.040000
37 0.070000
37 0.200000
37 0.180000
37 0.020000
37 0.050000
37 0.040000
37 0.040000
37 0.060000
37 0.140000
37 0.030000
37 0.180000
37 0.400000
37 0.180000
37 0.130000
37 0.220000
37 0.040000
37 0.100000
37 0.110000
37 0.110000
37 0.450000
37 0.080000
37 0.240000
37 0.280000
37 0.370000
37 0.060000
37 0.040000
37 0.140000
37 0.040000
37 0.040000
37 0.050000
37 0.180000
37 0.090000
37 0.060000
37 0.060000
37 0.160000
37 0.080000
37 0.230000
37 0.060000
37 0.060000
37 0.090000
37 0.410000
37 0.040000
37 0.040000
37 0.130000
37 0.100000
37 0.500000
37 0.250000
37 1.110000
37 0.110000
37 0.120000
37 0.200000
37 0.390000
37 0.080000
37 0.090000
37 0.090000
37 0.950000
37 0.070000
37 0.100000
37 0.280000
37 0.140000
37 0.130000
37 0.170000
37 0.370000
37 0.040000
37 0.050000
37 0.360000
37 0.070000
37 0.080000
37 0.030000
37 0.060000
37 0.090000
37 0.150000
37 0.050000
37 0.630000
37 0.920000
37 0.050000
37 0.040000
37 0.030000
37 0.540000
37 0.080000
37 0.150000
37 0.140000
37 0.040000
37 0.080000
37 0.090000
37 0.250000
37 0.140000
37 0.160000
37 1.050000
37 0.020000
37 0.080000
37 0.070000
37 0.050000
37 0.070000
37 0.360000
37 0.180000
37 0.240000
37 0.030000
37 0.060000
37 0.060000
37 0.040000
37 0.180000
37 0.100000
37 0.090000
37 0.120000
37 0.020000
37 0.100000
37 0.100000
37 0.050000
37 0.100000
37 0.290000
37 0.050000
37 0.130000
37 0.030000
37 0.140000
37 0.100000
37 0.170000
37 0.140000
37 0.070000
37 0.090000
37 0.060000
37 0.040000
37 0.040000
37 0.110000
37 0.240000
37 0.150000
37 0.090000
37 0.060000
37 0.360000
37 0.320000
37 0.040000
37 0.080000
37 0.160000
37 0.060000
37 0.050000
37 0.070000
37 0.130000
37 0.170000
37 0.060000
37 0.040000
37 0.260000
37 0.140000
37 0.140000
37 0.140000
37 0.050000
37 0.070000
37 0.070000
37 0.040000
37 0.060000
37 0.060000
37 0.060000
37 0.090000
37 0.080000
37 0.110000
37 0.050000
37 0.720000
37 0.020000
37 0.320000
37 0.160000
37 0.080000
37 0.500000
37 0.090000
37 0.100000
37 0.050000
37 0.150000
37 0.080000
37 0.020000
37 0.040000
37 0.090000
37 0.170000
37 0.090000
37 0.130000
37 0.130000
37 0.550000
37 0.140000
37 0.060000
37 0.200000
37 0.110000
37 0.110000
37 0.050000
37 0.190000
37 0.120000
37 0.030000
37 0.160000
37 0.040000
37 0.180000
37 0.170000
37 0.050000
37 0.070000
37 0.190000
37 0.090000
37 0.140000
37 0.160000
37 0.110000
37 0.270000
37 0.240000
37 0.170000
37 0.130000
37 0.050000
37 0.070000
37 0.200000
37 0.130000
37 0.080000
37 0.110000
37 0.090000
37 0.090000
37 0.040000
37 0.060000
37 0.150000
37 0.070000
37 0.080000
37 0.050000
37 0.280000
37 0.050000
37 0.270000
37 0.120000
37 0.050000
37 0.040000
37 0.110000
37 0.060000
37 0.130000
37 0.090000
37 0.050000
37 0.030000
37 0.030000
37 0.310000
37 0.270000
37 0.130000
37 0.110000
37 0.310000
37 0.160000
37 0.410000
37 0.030000
37 0.050000
37 0.440000
37 0.040000
37 0.040000
37 0.200000
37 0.070000
37 0.130000
37 0.160000
37 0.020000
37 0.150000
37 0.150000
37 0.060000
37 0.310000
37 0.140000
37 0.450000
37 0.110000
37 0.050000
37 0.170000
37 0.080000
37 0.020000
37 0.020000
37 0.170000
37 0.040000
37 0.180000
37 0.070000
37 0.080000
37 0.340000
37 0.070000
37 0.060000
37 0.210000
37 0.070000
37 0.030000
37 0.080000
37 0.050000
37 0.070000
37 0.080000
37 0.210000
37 0.070000
37 0.150000
37 0.080000
37 0.380000
37 0.110000
37 0.400000
37 0.030000
37 0.120000
37 0.240000
37 0.280000
37 0.340000
37 0.380000
37 0.080000
37 0.290000
37 0.140000
37 0.340000
37 0.130000
37 0.510000
37 0.450000
37 0.050000
37 0.050000
37 0.190000
37 0.110000
37 0.040000
37 0.070000
37 0.070000
37 0.050000
37 0.020000
37 0.940000
37 0.040000
37 0.040000
37 0.120000
37 0.060000
37 0.120000
37 0.070000
37 0.200000
37 0.030000
37 0.200000
37 0.290000
37 0.540000
37 0.040000
37 0.100000
37 0.270000
37 0.140000
37 0.420000
37 0.350000
37 0.110000
37 0.270000
37 0.040000
37 0.110000
37 0.520000
37 0.070000
