#n running-time
24 0.170000
25 0.100000
25 0.130000
25 0.080000
25 0.090000
25 0.040000
26 0.390000
26 0.540000
26 0.100000
26 0.160000
26 0.610000
26 0.080000
26 0.210000
26 0.210000
26 0.040000
27 0.750000
27 0.590000
27 0.160000
27 0.310000
27 0.150000
27 0.420000
27 0.300000
27 0.310000
27 0.250000
27 0.370000
27 0.550000
27 0.070000
27 0.330000
27 0.300000
27 0.590000
27 0.110000
27 0.180000
27 0.100000
27 0.190000
27 0.370000
27 0.180000
27 0.120000
27 0.400000
27 0.050000
27 0.430000
27 0.410000
27 0.430000
27 0.210000
27 0.390000
27 0.050000
27 0.410000
27 0.550000
27 0.160000
27 0.200000
27 0.300000
27 0.470000
27 0.350000
27 0.700000
27 0.350000
28 0.350000
28 0.270000
28 0.360000
28 0.380000
28 1.520000
28 0.330000
28 0.220000
28 0.130000
28 0.280000
28 0.090000
28 0.350000
28 0.200000
28 0.290000
28 1.000000
28 0.210000
28 0.420000
28 0.790000
28 0.540000
28 0.160000
28 0.490000
28 0.130000
28 0.440000
28 0.470000
28 0.090000
28 0.670000
28 0.070000
28 0.440000
28 1.070000
28 0.220000
28 0.600000
28 0.120000
28 2.670000
28 0.450000
28 1.400000
28 0.210000
28 0.080000
28 0.200000
28 0.150000
28 0.740000
28 0.050000
28 0.110000
28 0.210000
28 0.610000
28 0.340000
28 0.290000
28 0.840000
28 0.300000
28 0.220000
28 0.810000
28 0.120000
28 0.910000
28 0.430000
28 0.100000
28 0.310000
28 0.400000
28 0.090000
28 0.130000
28 0.090000
28 0.290000
28 0.330000
28 0.620000
28 0.140000
28 0.170000
28 0.260000
28 0.330000
28 0.390000
28 0.070000
28 0.660000
28 0.500000
28 0.130000
28 0.330000
28 0.480000
28 1.030000
28 0.130000
28 0.320000
28 0.710000
28 0.600000
28 0.150000
28 0.050000
28 0.680000
28 0.310000
28 0.070000
28 0.470000
28 0.240000
29 0.070000
29 0.350000
29 0.080000
29 1.950000
29 0.380000
29 0.900000
29 0.360000
29 0.210000
29 0.330000
29 0.270000
29 0.180000
29 0.470000
29 0.170000
29 0.550000
29 0.150000
29 0.100000
29 1.330000
29 0.210000
29 0.590000
29 0.220000
29 0.600000
29 0.300000
29 0.320000
29 0.940000
29 0.750000
29 0.460000
29 0.140000
29 0.530000
29 0.250000
29 0.170000
29 0.380000
29 0.390000
29 0.150000
29 0.770000
29 0.170000
29 0.730000
29 0.210000
29 0.060000
29 0.240000
29 0.570000
29 0.240000
29 0.340000
29 0.620000
29 0.300000
29 0.250000
29 0.120000
29 0.660000
29 0.380000
29 0.140000
29 0.490000
29 0.130000
29 0.410000
29 0.620000
29 0.460000
29 1.090000
29 0.660000
29 0.230000
29 0.240000
29 1.050000
29 0.380000
29 0.090000
29 0.150000
29 0.280000
29 0.260000
29 1.750000
29 0.360000
29 0.070000
29 0.420000
29 0.290000
29 0.160000
29 1.130000
29 0.220000
29 0.140000
29 0.370000
29 0.320000
29 0.350000
29 0.170000
29 0.870000
29 0.230000
29 0.380000
29 0.230000
29 0.500000
29 0.160000
29 0.140000
29 0.320000
29 0.240000
29 0.230000
29 0.410000
29 0.340000
29 0.780000
29 0.450000
29 0.380000
29 0.090000
29 0.430000
29 0.350000
29 0.120000
29 0.300000
29 0.180000
29 0.070000
29 0.160000
29 0.180000
29 0.130000
29 0.130000
29 0.340000
29 0.360000
29 0.650000
29 0.580000
29 0.590000
29 0.250000
29 0.130000
29 0.270000
29 0.120000
29 0.870000
29 0.620000
29 0.350000
29 0.270000
29 0.280000
29 0.260000
29 0.410000
29 0.500000
29 0.500000
29 0.610000
29 0.460000
29 0.200000
29 0.620000
29 0.280000
29 0.170000
29 0.360000
29 0.670000
29 0.240000
29 1.190000
29 0.190000
29 0.370000
29 0.130000
29 0.400000
29 0.300000
29 0.230000
29 2.830000
29 0.740000
29 0.380000
29 0.250000
29 0.370000
29 0.360000
29 0.640000
29 1.000000
29 0.420000
29 0.280000
29 0.100000
29 0.640000
29 0.290000
29 0.160000
29 0.130000
29 0.290000
29 0.250000
29 0.130000
29 0.960000
29 0.120000
29 1.400000
29 0.440000
29 0.620000
29 0.100000
29 0.400000
29 0.260000
29 0.220000
29 0.370000
29 0.460000
29 0.400000
29 0.230000
29 0.390000
29 0.250000
29 0.440000
29 0.190000
29 0.220000
29 0.530000
29 0.630000
29 0.490000
29 7.710000
29 0.430000
29 0.150000
29 0.360000
29 0.370000
29 0.910000
29 1.640000
29 0.810000
29 0.110000
29 0.520000
29 0.780000
29 0.920000
29 1.160000
29 0.110000
29 0.430000
29 0.250000
29 0.100000
29 0.230000
29 0.340000
29 0.100000
29 0.910000
29 0.920000
30 0.170000
30 1.820000
30 0.660000
30 0.430000
30 0.220000
30 0.340000
30 0.330000
30 2.350000
30 0.310000
30 0.610000
30 0.490000
30 0.260000
30 0.510000
30 0.270000
30 0.610000
30 0.190000
30 0.560000
30 0.250000
30 0.300000
30 1.340000
30 0.200000
30 0.090000
30 0.380000
30 1.490000
30 0.880000
30 0.330000
30 0.260000
30 3.240000
30 0.240000
30 1.210000
30 0.250000
30 0.350000
30 0.710000
30 0.480000
30 0.640000
30 1.270000
30 0.470000
30 0.570000
30 0.420000
30 0.230000
30 0.430000
30 1.380000
30 0.710000
30 0.340000
30 0.120000
30 0.680000
30 0.180000
30 0.390000
30 0.490000
30 0.200000
30 0.710000
30 0.120000
30 0.190000
30 0.670000
30 0.440000
30 0.930000
30 0.200000
30 0.590000
30 0.450000
30 0.200000
30 0.350000
30 0.670000
30 1.120000
30 0.780000
30 0.090000
30 0.540000
30 0.810000
30 0.410000
30 0.310000
30 0.330000
30 0.110000
30 0.220000
30 1.000000
30 0.260000
30 0.180000
30 0.160000
30 0.520000
30 0.480000
30 0.140000
30 0.120000
30 0.820000
30 1.010000
30 1.520000
30 1.820000
30 0.390000
30 0.440000
30 0.100000
30 0.140000
30 1.130000
30 0.520000
30 0.060000
30 1.060000
30 0.720000
30 0.460000
30 0.260000
30 0.320000
30 0.590000
30 0.660000
30 0.540000
30 0.530000
30 0.520000
30 0.460000
30 0.310000
30 0.210000
30 1.730000
30 0.380000
30 0.280000
30 0.980000
30 2.270000
30 0.380000
30 1.000000
30 0.470000
30 0.430000
30 0.330000
30 0.670000
30 0.100000
30 0.340000
30 1.290000
30 0.190000
30 0.430000
30 0.870000
30 0.510000
30 0.670000
30 0.250000
30 0.240000
30 0.140000
30 1.000000
30 0.500000
30 1.420000
30 0.360000
30 0.370000
30 0.660000
30 0.460000
30 0.610000
30 0.510000
30 0.320000
30 0.190000
30 0.560000
30 0.950000
30 0.700000
30 0.440000
30 0.490000
30 0.360000
30 0.220000
30 0.320000
30 1.200000
30 0.620000
30 0.120000
30 1.090000
30 0.330000
30 1.020000
30 0.570000
30 0.450000
30 0.330000
30 0.380000
30 0.170000
30 0.400000
30 0.210000
30 0.270000
30 1.080000
30 0.320000
30 0.120000
30 0.290000
30 0.080000
30 0.730000
30 0.750000
30 0.350000
30 0.380000
30 0.330000
30 0.930000
30 0.460000
30 0.370000
30 0.300000
30 0.590000
30 0.990000
30 0.810000
30 0.220000
30 0.550000
30 0.800000
30 0.470000
30 1.200000
30 0.630000
30 0.540000
30 0.380000
30 0.460000
30 0.120000
30 0.120000
30 0.420000
30 0.410000
30 0.710000
30 0.640000
30 1.180000
30 0.130000
30 0.140000
30 0.300000
30 0.230000
30 0.350000
30 1.210000
30 0.620000
30 0.240000
30 0.780000
30 0.310000
30 1.750000
30 0.680000
30 0.280000
30 0.730000
30 0.080000
30 0.090000
30 1.550000
30 0.250000
30 0.130000
30 0.860000
30 2.770000
30 0.460000
30 0.800000
30 0.680000
30 0.440000
30 0.590000
30 0.450000
30 0.470000
30 0.530000
30 0.330000
30 0.880000
30 0.250000
30 0.150000
30 0.520000
30 1.010000
30 1.440000
30 0.330000
30 0.880000
30 1.580000
30 0.310000
30 0.480000
30 0.720000
30 0.480000
30 0.270000
30 0.580000
30 0.140000
30 0.550000
30 0.360000
30 1.220000
30 1.110000
30 0.340000
30 0.370000
30 0.540000
30 0.300000
30 0.460000
30 0.270000
30 0.770000
30 1.020000
30 0.250000
30 0.170000
30 0.200000
30 0.330000
30 0.500000
30 0.780000
30 0.190000
30 0.090000
30 0.260000
30 0.400000
30 1.530000
30 0.110000
30 1.420000
30 1.910000
30 1.190000
30 0.220000
30 0.510000
30 0.610000
30 0.260000
30 1.090000
30 0.560000
30 0.380000
30 0.640000
30 0.470000
30 0.180000
30 1.460000
30 0.700000
30 1.900000
30 0.210000
30 1.000000
30 0.120000
30 0.270000
30 0.790000
30 0.550000
31 0.160000
31 0.690000
31 1.420000
31 0.610000
31 1.400000
31 0.430000
31 0.790000
31 1.870000
31 0.860000
31 0.600000
31 0.160000
31 3.290000
31 1.910000
31 0.240000
31 0.120000
31 0.400000
31 0.850000
31 0.220000
31 1.210000
31 0.300000
31 1.400000
31 1.140000
31 0.890000
31 0.840000
31 0.920000
31 0.690000
31 0.170000
31 0.390000
31 0.560000
31 0.560000
31 0.350000
31 0.680000
31 0.760000
31 0.890000
31 1.090000
31 1.120000
31 0.450000
31 0.930000
31 0.780000
31 0.180000
31 0.940000
31 0.280000
31 1.000000
31 0.070000
31 0.860000
31 0.740000
31 0.480000
31 0.800000
31 1.170000
31 0.950000
31 0.210000
31 0.520000
31 0.300000
31 1.940000
31 0.260000
31 0.750000
31 0.730000
31 1.140000
31 0.510000
31 0.690000
31 0.670000
31 0.550000
31 0.850000
31 0.360000
31 1.590000
31 0.250000
31 0.360000
31 0.960000
31 0.320000
31 0.240000
31 0.840000
31 0.500000
31 0.360000
31 0.210000
31 0.670000
31 1.410000
31 0.900000
31 0.330000
31 0.730000
31 0.430000
31 0.720000
31 0.320000
31 0.550000
31 0.410000
31 0.220000
31 0.840000
31 0.120000
31 0.610000
31 0.320000
31 0.160000
31 0.200000
31 0.410000
31 0.170000
31 0.160000
31 0.130000
31 0.230000
31 0.350000
31 0.590000
31 0.590000
31 0.600000
31 0.350000
31 0.120000
31 0.670000
31 0.320000
31 0.400000
31 0.580000
31 0.410000
31 0.260000
31 0.300000
31 0.370000
31 0.890000
31 0.710000
31 1.330000
31 0.510000
31 0.540000
31 0.340000
31 0.320000
31 0.320000
31 0.080000
31 0.230000
31 2.100000
31 0.750000
31 0.340000
31 1.190000
31 0.730000
31 0.500000
31 0.460000
31 0.620000
31 0.890000
31 0.740000
31 0.330000
31 0.250000
31 1.170000
31 1.100000
31 0.370000
31 0.330000
31 0.280000
31 0.360000
31 0.620000
31 0.620000
31 0.570000
31 0.990000
31 1.090000
31 0.900000
31 0.440000
31 0.570000
31 1.130000
31 0.860000
31 1.180000
31 0.410000
31 0.940000
31 0.780000
31 0.720000
31 0.060000
31 0.420000
31 0.750000
31 0.360000
31 0.220000
31 0.540000
31 0.350000
31 0.340000
31 0.710000
31 0.460000
31 0.600000
31 0.950000
31 0.340000
31 0.590000
31 0.960000
31 1.760000
31 1.690000
31 2.640000
31 0.910000
31 0.260000
31 0.250000
31 0.530000
31 0.810000
31 0.620000
31 0.390000
31 0.280000
31 0.610000
31 0.640000
31 0.480000
31 0.720000
31 0.310000
31 0.510000
31 1.410000
31 0.180000
31 0.340000
31 0.370000
31 0.410000
31 0.400000
31 2.280000
31 0.340000
31 0.770000
31 0.810000
31 0.710000
31 0.520000
31 1.710000
31 0.810000
31 0.370000
31 3.930000
31 1.140000
31 0.600000
31 0.690000
31 0.720000
31 0.650000
31 1.010000
31 0.520000
31 0.320000
31 1.360000
31 0.260000
31 1.750000
31 0.540000
31 0.740000
31 0.190000
31 0.410000
31 1.480000
31 0.930000
31 2.330000
31 0.490000
31 0.500000
31 1.030000
31 0.690000
31 1.370000
31 0.690000
31 1.770000
31 1.550000
31 0.160000
31 0.360000
31 0.600000
31 0.760000
31 1.010000
31 0.620000
31 0.650000
31 0.490000
31 0.240000
31 0.960000
31 0.360000
31 0.240000
31 0.930000
31 1.250000
31 0.450000
31 0.620000
31 0.480000
31 0.290000
31 0.540000
31 0.440000
31 1.240000
31 0.430000
31 0.460000
31 0.810000
31 0.220000
31 0.410000
31 0.220000
31 0.660000
31 0.990000
31 0.210000
31 1.030000
31 0.190000
31 0.380000
31 0.750000
31 0.860000
31 0.740000
31 0.230000
31 1.480000
31 2.170000
31 0.280000
31 0.800000
31 2.860000
31 1.140000
31 0.220000
31 0.550000
31 0.360000
31 0.330000
31 0.100000
31 0.420000
31 0.150000
31 1.530000
31 1.200000
31 0.850000
31 0.670000
31 0.380000
31 0.540000
31 0.240000
31 1.390000
31 0.600000
31 0.210000
31 1.280000
31 0.840000
31 1.780000
31 0.990000
31 0.300000
31 0.310000
31 0.360000
31 0.110000
31 0.200000
31 0.600000
31 0.340000
31 0.530000
31 0.370000
31 0.240000
31 0.300000
31 0.560000
31 0.360000
31 0.670000
31 0.770000
31 0.220000
31 1.730000
31 3.250000
31 0.530000
31 1.800000
31 0.520000
31 0.570000
31 0.720000
31 1.050000
31 0.270000
31 0.470000
31 0.660000
31 2.300000
31 0.240000
31 0.840000
31 0.660000
31 0.210000
31 0.250000
31 0.410000
31 0.150000
31 0.250000
31 0.560000
31 1.700000
31 0.360000
31 0.290000
31 0.460000
31 1.090000
31 0.120000
31 0.350000
31 0.200000
31 0.180000
31 1.070000
31 0.460000
31 0.790000
31 0.410000
31 1.120000
31 0.130000
31 0.210000
31 0.490000
31 0.360000
31 1.190000
31 0.540000
31 0.730000
31 0.360000
31 0.400000
31 0.450000
31 0.210000
31 0.360000
31 1.800000
31 1.190000
31 0.150000
31 1.770000
31 0.360000
31 1.050000
31 0.510000
31 0.150000
31 0.470000
31 1.200000
31 0.280000
31 2.690000
31 1.400000
31 0.410000
31 0.600000
31 1.360000
31 0.370000
31 0.730000
31 0.800000
31 1.360000
31 0.370000
31 0.190000
31 0.300000
31 0.650000
31 0.360000
31 0.470000
31 0.730000
31 0.980000
31 0.150000
31 0.500000
31 0.320000
31 1.400000
32 0.550000
32 0.690000
32 0.620000
32 0.280000
32 1.510000
32 2.560000
32 0.630000
32 2.400000
32 0.370000
32 1.850000
32 0.790000
32 0.070000
32 0.690000
32 0.300000
32 0.810000
32 0.900000
32 1.210000
32 0.980000
32 1.570000
32 0.880000
32 0.470000
32 0.930000
32 0.250000
32 0.970000
32 0.470000
32 0.750000
32 0.370000
32 1.700000
32 0.690000
32 1.160000
32 0.650000
32 1.640000
32 0.640000
32 0.470000
32 0.380000
32 0.600000
32 0.300000
32 0.240000
32 0.760000
32 0.750000
32 0.200000
32 0.780000
32 0.670000
32 0.670000
32 0.290000
32 0.900000
32 1.400000
32 0.560000
32 0.340000
32 0.230000
32 0.260000
32 3.520000
32 1.410000
32 0.190000
32 1.270000
32 0.650000
32 0.150000
32 2.080000
32 1.850000
32 1.120000
32 0.440000
32 0.350000
32 0.820000
32 0.090000
32 0.450000
32 0.210000
32 1.500000
32 0.320000
32 0.380000
32 0.690000
32 0.420000
32 0.740000
32 1.090000
32 0.720000
32 0.370000
32 0.600000
32 0.210000
32 0.190000
32 0.300000
32 1.640000
32 0.820000
32 2.370000
32 0.190000
32 0.700000
32 1.480000
32 0.240000
32 0.300000
32 1.130000
32 0.380000
32 1.760000
32 0.870000
32 0.240000
32 1.000000
32 0.900000
32 2.480000
32 0.370000
32 0.290000
32 0.910000
32 0.900000
32 0.510000
32 0.530000
32 0.310000
32 0.400000
32 0.600000
32 0.810000
32 0.350000
32 0.180000
32 0.700000
32 3.210000
32 0.260000
32 0.900000
32 0.150000
32 0.200000
32 0.490000
32 0.930000
32 0.720000
32 0.700000
32 0.660000
32 0.190000
32 0.520000
32 1.250000
32 0.630000
32 0.590000
32 1.980000
32 1.730000
32 2.790000
32 1.770000
32 0.470000
32 1.920000
32 1.450000
32 0.330000
32 2.240000
32 0.910000
32 0.400000
32 0.180000
32 0.880000
32 0.180000
32 1.050000
32 0.910000
32 3.360000
32 1.390000
32 0.510000
32 0.680000
32 0.890000
32 1.190000
32 0.600000
32 1.120000
32 1.310000
32 0.820000
32 1.620000
32 0.730000
32 1.190000
32 2.700000
32 0.240000
32 1.410000
32 2.440000
32 0.850000
32 0.350000
32 0.960000
32 1.370000
32 0.150000
32 0.760000
32 0.900000
32 2.680000
32 0.090000
32 0.820000
32 1.050000
32 0.750000
32 0.590000
32 0.730000
32 0.370000
32 0.530000
32 0.580000
32 0.670000
32 0.380000
32 0.390000
32 0.560000
32 0.570000
32 0.630000
32 0.900000
32 0.120000
32 0.430000
32 0.490000
32 2.830000
32 0.480000
32 0.450000
32 0.540000
32 0.620000
32 0.530000
32 0.660000
32 1.760000
32 0.260000
32 0.520000
32 0.830000
32 0.610000
32 0.900000
32 1.470000
32 0.670000
32 0.260000
32 0.470000
32 0.840000
32 1.000000
32 0.800000
32 0.700000
32 0.620000
32 0.900000
32 0.880000
32 0.650000
32 0.860000
32 0.440000
32 0.260000
32 1.270000
32 1.830000
32 0.430000
32 1.770000
32 0.780000
32 0.950000
32 0.590000
32 0.770000
32 0.390000
32 2.510000
32 1.380000
32 0.990000
32 0.610000
32 0.820000
32 0.450000
32 0.530000
32 0.500000
32 1.050000
32 1.560000
32 1.810000
32 1.020000
32 0.630000
32 0.830000
32 0.580000
32 0.150000
32 1.590000
32 0.790000
32 1.240000
32 0.680000
32 0.250000
32 0.350000
32 0.580000
32 1.350000
32 1.110000
32 1.760000
32 0.220000
32 1.460000
32 0.350000
32 2.290000
32 0.640000
32 0.730000
32 1.540000
32 0.490000
32 0.860000
32 1.520000
32 0.810000
32 0.430000
32 0.160000
32 3.170000
32 0.570000
32 0.340000
32 0.300000
32 0.370000
32 0.540000
32 0.620000
32 0.960000
32 0.640000
32 1.240000
32 1.440000
32 1.280000
32 1.450000
32 1.460000
32 1.010000
32 10.780000
32 0.630000
32 0.210000
32 0.200000
32 0.370000
32 1.050000
32 0.740000
32 0.390000
32 0.980000
32 0.570000
32 0.120000
32 1.000000
32 0.780000
32 2.080000
32 0.400000
32 2.690000
32 0.990000
32 0.780000
32 0.220000
32 0.990000
32 0.840000
32 0.830000
32 0.840000
32 0.500000
32 0.270000
32 0.820000
32 0.520000
32 1.440000
32 0.690000
32 0.540000
32 0.500000
32 0.740000
32 0.340000
32 0.230000
32 0.830000
32 0.530000
32 0.990000
32 1.940000
32 1.080000
32 0.670000
32 2.370000
32 0.850000
32 2.000000
32 0.600000
32 0.860000
32 1.420000
32 0.200000
32 0.370000
32 0.210000
32 0.260000
32 2.250000
32 1.920000
32 0.500000
32 0.760000
32 0.600000
32 0.540000
32 0.160000
32 0.250000
32 0.440000
32 0.390000
32 0.780000
32 1.100000
32 1.210000
32 1.070000
32 0.890000
32 0.290000
32 1.050000
32 1.150000
32 2.260000
32 0.680000
32 0.620000
32 1.160000
32 0.430000
32 0.530000
32 0.500000
32 0.830000
32 0.570000
32 3.310000
32 1.540000
32 0.390000
32 0.420000
32 0.580000
32 0.280000
32 0.440000
32 0.470000
32 0.360000
32 0.300000
32 0.980000
32 0.330000
32 0.730000
32 0.600000
32 0.370000
32 0.540000
32 1.640000
32 0.940000
32 0.720000
32 1.070000
32 0.290000
32 0.630000
32 0.210000
32 0.550000
32 0.440000
32 0.250000
32 1.570000
32 1.280000
32 0.560000
32 0.120000
32 0.590000
32 0.490000
32 0.420000
32 1.320000
32 0.810000
32 0.430000
32 0.290000
32 0.910000
32 0.470000
32 0.590000
32 0.480000
32 2.370000
32 0.340000
32 1.320000
32 0.520000
32 0.240000
32 0.090000
32 0.580000
32 1.220000
32 0.750000
32 0.230000
32 0.790000
32 0.220000
32 0.630000
32 1.310000
32 2.450000
32 0.360000
32 0.470000
32 1.730000
32 1.440000
32 0.610000
32 4.310000
32 1.890000
32 0.390000
32 0.190000
32 0.560000
32 0.280000
32 2.380000
32 1.950000
32 1.190000
32 0.350000
32 0.370000
33 3.820000
33 0.080000
33 0.910000
33 1.020000
33 0.370000
33 1.800000
33 0.970000
33 0.320000
33 3.600000
33 0.900000
33 1.400000
33 1.010000
33 0.870000
33 0.590000
33 1.740000
33 2.260000
33 1.730000
33 0.220000
33 0.790000
33 1.910000
33 0.470000
33 0.620000
33 0.670000
33 1.690000
33 1.220000
33 0.380000
33 1.140000
33 2.260000
33 0.880000
33 0.880000
33 0.580000
33 1.480000
33 0.440000
33 0.550000
33 0.970000
33 0.370000
33 1.170000
33 1.200000
33 0.570000
33 0.850000
33 0.560000
33 0.460000
33 2.940000
33 0.240000
33 0.290000
33 1.370000
33 0.500000
33 0.420000
33 0.590000
33 0.800000
33 0.670000
33 1.130000
33 0.130000
33 3.470000
33 1.140000
33 0.630000
33 2.490000
33 0.360000
33 1.230000
33 2.340000
33 0.280000
33 0.430000
33 0.570000
33 1.020000
33 1.120000
33 0.950000
33 0.770000
33 0.750000
33 0.260000
33 2.990000
33 0.350000
33 0.090000
33 2.610000
33 0.190000
33 1.450000
33 0.540000
33 0.980000
33 0.170000
33 0.550000
33 1.020000
33 0.340000
33 0.680000
33 1.030000
33 1.040000
33 0.520000
33 1.500000
33 1.130000
33 0.780000
33 2.290000
33 0.740000
33 0.770000
33 0.840000
33 4.410000
33 1.280000
33 0.840000
33 1.640000
33 0.310000
33 1.240000
33 1.010000
33 3.670000
33 1.770000
33 0.870000
33 1.160000
33 0.950000
33 0.300000
33 0.880000
33 0.650000
33 0.980000
33 2.890000
33 0.230000
33 1.460000
33 0.470000
33 0.140000
33 1.050000
33 0.970000
33 0.600000
33 0.950000
33 1.390000
33 0.420000
33 0.280000
33 0.180000
33 0.500000
33 1.060000
33 0.160000
33 0.630000
33 0.470000
33 1.250000
33 0.600000
33 1.480000
33 1.090000
33 0.640000
33 0.700000
33 0.380000
33 0.780000
33 0.210000
33 0.370000
33 0.360000
33 1.780000
33 1.880000
33 2.730000
33 3.470000
33 0.960000
33 1.370000
33 0.880000
33 1.270000
33 1.340000
33 0.410000
33 1.480000
33 0.380000
33 2.730000
33 0.350000
33 0.500000
33 0.670000
33 1.550000
33 3.530000
33 1.960000
33 0.390000
33 2.140000
33 0.700000
33 2.950000
33 1.240000
33 6.010000
33 0.500000
33 0.140000
33 1.130000
33 1.470000
33 1.580000
33 1.000000
33 1.370000
33 1.210000
33 0.900000
33 1.040000
33 0.790000
33 4.760000
33 0.710000
33 1.930000
33 0.780000
33 1.290000
33 7.120000
33 0.310000
33 0.870000
33 0.960000
33 0.390000
33 2.470000
33 0.550000
33 1.680000
33 1.240000
33 0.730000
33 0.630000
33 12.960000
33 0.620000
33 0.300000
33 0.270000
33 1.200000
33 0.580000
33 1.180000
33 0.870000
33 0.660000
33 1.100000
33 0.420000
33 0.520000
33 1.850000
33 0.620000
33 1.030000
33 0.440000
33 0.450000
33 0.230000
33 0.900000
33 1.820000
33 3.260000
33 1.860000
33 1.330000
33 0.710000
33 1.540000
33 1.160000
33 0.510000
33 1.470000
33 0.420000
33 1.200000
33 0.170000
33 0.520000
33 0.610000
33 2.060000
33 1.480000
33 1.350000
33 1.240000
33 0.790000
33 0.700000
33 1.020000
33 0.510000
33 1.340000
33 0.400000
33 0.610000
33 0.420000
33 2.450000
33 0.690000
33 0.680000
33 0.480000
33 0.550000
33 1.150000
33 0.660000
33 0.170000
33 0.940000
33 1.010000
33 0.550000
33 0.090000
33 2.090000
33 4.360000
33 0.900000
33 0.430000
33 0.350000
33 0.470000
33 1.670000
33 0.560000
33 0.660000
33 0.760000
33 0.720000
33 0.810000
33 0.610000
33 0.730000
33 1.840000
33 0.590000
33 1.240000
33 1.950000
33 4.060000
33 0.710000
33 0.570000
33 0.210000
33 0.280000
33 0.570000
33 0.430000
33 1.100000
33 0.830000
33 1.600000
33 1.750000
33 1.390000
33 0.850000
33 0.490000
33 2.090000
33 1.510000
33 1.440000
33 0.860000
33 1.740000
33 5.160000
33 0.150000
33 6.480000
33 0.570000
33 1.320000
33 1.110000
33 0.900000
33 0.910000
33 0.480000
33 0.510000
33 1.530000
33 0.760000
33 0.180000
33 0.200000
33 0.610000
33 0.180000
33 0.450000
33 0.490000
33 2.360000
33 0.680000
33 0.350000
33 1.560000
33 1.690000
33 0.900000
33 0.300000
33 1.680000
33 0.850000
33 1.050000
33 0.480000
33 0.830000
33 1.240000
33 0.450000
33 0.330000
33 0.190000
33 0.250000
33 0.650000
33 0.660000
33 0.830000
33 0.790000
33 0.570000
33 0.570000
33 0.930000
33 1.530000
33 0.270000
33 1.120000
33 0.240000
33 0.700000
33 0.330000
33 1.610000
33 0.910000
33 1.230000
33 0.730000
33 2.060000
33 1.010000
33 0.620000
33 0.430000
33 0.750000
33 0.180000
33 0.730000
33 0.440000
33 0.870000
33 1.560000
33 0.760000
33 3.270000
33 0.270000
33 1.120000
33 2.010000
33 1.790000
33 0.840000
33 0.430000
33 0.550000
33 1.060000
33 0.320000
33 2.830000
33 0.460000
33 0.620000
33 0.240000
33 1.550000
33 0.950000
33 2.990000
33 0.840000
33 1.090000
33 0.670000
33 0.650000
33 1.470000
33 0.940000
33 0.320000
33 0.140000
33 0.130000
33 0.850000
33 0.430000
33 1.220000
33 0.580000
33 0.950000
33 0.570000
33 1.430000
33 0.510000
33 0.950000
33 0.580000
33 0.110000
33 0.640000
33 0.530000
33 0.260000
33 1.390000
33 0.790000
33 1.820000
33 1.790000
33 1.390000
33 0.240000
33 0.230000
33 0.230000
33 2.950000
33 0.090000
33 0.290000
33 2.690000
33 0.200000
33 2.820000
33 1.900000
33 0.420000
33 0.380000
33 0.980000
33 1.420000
33 0.140000
33 0.370000
33 1.250000
33 1.170000
33 1.470000
33 0.950000
33 1.830000
33 0.700000
33 0.690000
33 0.100000
33 0.170000
33 1.130000
33 1.020000
33 1.330000
33 1.700000
33 1.270000
33 0.250000
33 1.120000
33 2.290000
33 0.530000
33 0.340000
33 0.290000
33 0.270000
33 0.980000
33 0.340000
33 0.270000
33 0.510000
33 0.890000
33 0.740000
33 0.880000
33 2.150000
33 0.490000
33 1.340000
33 0.930000
33 0.450000
33 1.450000
33 0.310000
33 0.530000
33 1.950000
33 0.680000
33 0.730000
33 0.690000
33 0.100000
33 0.610000
33 0.900000
33 2.100000
33 0.280000
33 2.070000
33 0.610000
33 0.340000
33 0.990000
33 0.690000
33 0.220000
33 0.790000
33 1.090000
33 1.960000
33 0.330000
33 0.390000
33 1.910000
33 1.110000
33 0.390000
33 0.100000
33 1.680000
33 0.480000
33 1.760000
33 1.610000
33 0.490000
33 0.520000
33 0.980000
33 1.260000
33 4.500000
33 0.300000
33 0.500000
33 2.170000
33 0.450000
33 0.430000
33 0.110000
33 0.690000
33 0.700000
33 1.920000
33 0.210000
33 0.900000
33 2.320000
33 0.540000
33 1.590000
33 0.600000
33 0.720000
33 0.580000
33 0.590000
33 0.380000
33 1.140000
33 1.310000
33 1.270000
33 0.450000
33 9.030000
33 0.790000
33 2.290000
33 0.870000
33 0.750000
33 0.360000
33 0.180000
33 0.970000
33 0.620000
33 0.980000
33 0.410000
33 0.600000
33 0.440000
33 0.220000
33 1.550000
33 0.850000
33 0.260000
33 1.260000
33 0.270000
33 0.190000
33 0.580000
33 1.600000
33 0.250000
33 0.670000
33 1.140000
33 0.170000
33 2.890000
33 0.380000
33 0.510000
33 0.720000
