#n running-time
32 0.640000
32 0.560000
33 0.540000
33 0.510000
33 0.550000
33 0.600000
33 0.800000
33 0.560000
33 0.900000
33 0.540000
33 0.750000
33 0.850000
34 0.700000
34 0.580000
34 0.590000
34 0.570000
34 0.550000
34 0.690000
34 0.500000
34 0.650000
34 0.600000
34 0.510000
34 0.490000
34 0.780000
34 0.550000
34 0.530000
34 0.510000
34 0.530000
34 0.520000
34 0.760000
34 0.540000
34 0.600000
34 0.650000
34 0.730000
34 0.530000
34 0.650000
34 0.620000
34 0.560000
34 0.520000
34 0.630000
34 0.620000
34 0.570000
34 0.590000
34 0.600000
34 0.520000
34 0.540000
34 0.530000
34 0.570000
34 0.560000
34 0.550000
35 0.610000
35 0.540000
35 0.830000
35 0.620000
35 0.570000
35 0.680000
35 0.570000
35 0.630000
35 0.530000
35 0.490000
35 0.500000
35 0.750000
35 0.630000
35 0.750000
35 0.560000
35 0.540000
35 0.620000
35 0.550000
35 0.640000
35 0.540000
35 0.550000
35 0.600000
35 0.570000
35 0.520000
35 0.570000
35 0.520000
35 0.570000
35 0.570000
35 0.550000
35 0.560000
35 0.740000
35 0.650000
35 0.700000
35 0.520000
35 0.530000
35 0.530000
35 0.680000
35 0.630000
35 0.550000
35 0.570000
35 0.520000
35 0.670000
35 0.890000
35 0.520000
35 0.530000
35 0.580000
35 0.550000
35 0.610000
35 0.700000
35 0.570000
35 0.660000
35 0.520000
35 0.580000
35 0.570000
35 0.640000
35 0.560000
35 0.560000
35 0.520000
35 0.580000
35 0.620000
35 0.560000
35 0.690000
35 0.550000
35 0.560000
35 0.550000
35 0.580000
35 0.590000
35 0.580000
35 0.550000
35 0.540000
35 0.510000
35 0.570000
35 0.600000
35 0.650000
35 0.600000
35 0.650000
35 0.630000
35 0.550000
35 0.550000
35 0.560000
35 0.640000
35 0.550000
35 0.490000
35 0.730000
35 0.580000
35 0.550000
35 0.600000
35 0.820000
35 0.680000
35 0.480000
35 0.600000
35 0.730000
35 0.560000
35 0.540000
35 0.720000
35 0.710000
35 0.570000
35 0.500000
35 0.530000
35 0.600000
35 0.630000
35 0.530000
35 0.550000
35 0.550000
35 0.580000
35 0.640000
35 0.600000
35 0.750000
36 0.640000
36 0.560000
36 0.540000
36 0.700000
36 0.600000
36 0.640000
36 0.550000
36 0.560000
36 0.640000
36 0.540000
36 0.850000
36 0.530000
36 0.850000
36 0.610000
36 0.600000
36 0.570000
36 0.570000
36 0.570000
36 0.610000
36 0.740000
36 0.660000
36 0.670000
36 0.600000
36 0.570000
36 0.570000
36 0.570000
36 0.560000
36 0.540000
36 0.880000
36 0.700000
36 0.510000
36 0.480000
36 0.560000
36 0.530000
36 0.530000
36 0.550000
36 0.540000
36 0.560000
36 0.580000
36 0.560000
36 0.500000
36 0.550000
36 0.600000
36 0.610000
36 0.570000
36 0.650000
36 0.580000
36 0.540000
36 0.530000
36 0.550000
36 0.540000
36 0.890000
36 0.680000
36 0.520000
36 0.560000
36 0.570000
36 0.540000
36 0.590000
36 0.580000
36 0.600000
36 0.520000
36 0.540000
36 0.560000
36 0.590000
36 0.620000
36 13.870000
36 0.590000
36 0.490000
36 0.580000
36 0.530000
36 0.570000
36 0.730000
36 0.510000
36 0.560000
36 0.820000
36 0.490000
36 0.640000
36 0.560000
36 0.550000
36 0.690000
36 0.590000
36 0.790000
36 0.560000
36 0.510000
36 0.550000
36 0.550000
36 0.620000
36 0.490000
36 0.540000
36 0.530000
36 0.510000
36 0.730000
36 0.630000
36 0.540000
36 0.540000
36 0.670000
36 0.720000
36 0.730000
36 0.650000
36 0.590000
36 0.670000
36 0.660000
36 0.510000
36 0.630000
36 0.600000
36 0.700000
36 0.580000
36 1.070000
36 0.830000
36 0.550000
36 0.530000
36 0.600000
36 0.560000
36 0.650000
36 0.520000
36 0.650000
36 0.580000
36 0.500000
36 0.570000
36 0.610000
36 0.560000
36 0.600000
36 0.570000
36 0.620000
36 0.580000
36 0.570000
36 0.720000
36 0.890000
36 0.450000
36 0.750000
36 0.570000
36 0.680000
36 0.580000
36 0.590000
36 0.510000
36 0.690000
36 0.880000
36 0.970000
36 0.560000
36 0.670000
36 0.540000
36 0.530000
36 0.530000
36 0.610000
36 0.590000
36 0.540000
36 0.670000
36 0.560000
36 0.570000
36 0.560000
36 0.570000
36 0.630000
36 0.540000
36 0.560000
36 0.570000
36 0.480000
36 0.680000
36 0.520000
36 0.510000
36 0.750000
36 0.580000
36 0.540000
36 0.760000
36 0.600000
36 0.670000
36 0.610000
36 0.690000
36 0.560000
36 0.620000
36 0.550000
36 0.530000
36 0.580000
36 0.490000
36 0.570000
36 0.640000
36 0.610000
36 0.610000
36 0.620000
36 0.560000
36 0.630000
36 0.540000
36 0.640000
36 0.600000
36 0.540000
36 0.550000
36 0.570000
36 0.530000
36 0.710000
36 0.510000
36 0.630000
36 0.530000
36 0.550000
36 0.840000
36 0.630000
36 0.640000
36 0.500000
36 0.780000
36 0.570000
36 0.540000
36 0.590000
36 0.760000
36 0.660000
36 0.590000
36 0.600000
36 0.820000
36 0.490000
36 0.550000
36 0.570000
36 0.530000
36 0.690000
36 0.620000
36 0.630000
36 0.550000
36 0.580000
36 0.720000
36 0.620000
36 0.510000
36 0.560000
36 0.640000
36 0.550000
36 0.570000
36 0.830000
36 0.530000
36 0.800000
36 0.520000
36 0.640000
36 0.520000
36 0.540000
36 0.580000
36 0.560000
36 0.670000
36 0.660000
36 0.740000
36 0.630000
36 0.600000
36 0.780000
36 0.540000
36 0.550000
36 0.610000
36 0.730000
36 0.900000
36 0.570000
37 0.540000
37 0.970000
37 0.560000
37 0.650000
37 0.570000
37 0.540000
37 0.840000
37 0.720000
37 0.830000
37 0.680000
37 0.560000
37 0.590000
37 0.680000
37 0.530000
37 0.610000
37 0.600000
37 0.530000
37 0.720000
37 0.510000
37 0.660000
37 0.630000
37 0.650000
37 0.620000
37 0.630000
37 0.710000
37 0.590000
37 0.640000
37 0.530000
37 0.720000
37 0.690000
37 0.510000
37 0.950000
37 0.640000
37 0.630000
37 0.650000
37 0.750000
37 0.600000
37 1.300000
37 0.640000
37 0.680000
37 0.520000
37 0.660000
37 0.550000
37 0.620000
37 0.500000
37 0.610000
37 0.530000
37 0.630000
37 0.530000
37 0.750000
37 0.500000
37 0.550000
37 0.650000
37 0.680000
37 0.610000
37 0.570000
37 0.500000
37 0.550000
37 0.530000
37 0.570000
37 0.540000
37 0.750000
37 0.810000
37 0.520000
37 0.550000
37 0.570000
37 0.640000
37 0.680000
37 0.530000
37 0.630000
37 0.570000
37 0.510000
37 0.590000
37 0.660000
37 1.310000
37 0.550000
37 0.600000
37 0.540000
37 0.550000
37 0.810000
37 0.540000
37 0.760000
37 0.510000
37 0.540000
37 1.420000
37 0.570000
37 0.680000
37 0.830000
37 0.530000
37 0.510000
37 0.590000
37 1.120000
37 0.490000
37 0.650000
37 0.650000
37 1.250000
37 0.550000
37 0.660000
37 0.520000
37 0.790000
37 0.570000
37 0.680000
37 0.540000
37 0.660000
37 0.570000
37 0.800000
37 0.660000
37 0.780000
37 0.510000
37 0.550000
37 0.900000
37 0.530000
37 0.720000
37 0.540000
37 0.670000
37 0.710000
37 0.510000
37 0.530000
37 0.540000
37 0.540000
37 0.510000
37 1.890000
37 0.920000
37 0.550000
37 0.600000
37 0.580000
37 0.530000
37 0.730000
37 0.540000
37 0.590000
37 0.540000
37 0.540000
37 0.570000
37 0.590000
37 0.660000
37 0.550000
37 0.650000
37 0.620000
37 0.630000
37 0.580000
37 0.720000
37 0.600000
37 0.560000
37 0.750000
37 0.750000
37 0.710000
37 0.550000
37 0.540000
37 1.840000
37 0.680000
37 0.550000
37 0.520000
37 0.600000
37 0.500000
37 0.630000
37 0.590000
37 0.530000
37 0.560000
37 0.600000
37 0.530000
37 0.590000
37 0.590000
37 0.540000
37 0.570000
37 0.550000
37 0.570000
37 0.580000
37 0.570000
37 0.650000
37 0.830000
37 0.620000
37 0.640000
37 0.550000
37 0.510000
37 0.520000
37 0.670000
37 0.500000
37 0.730000
37 0.590000
37 0.610000
37 0.730000
37 0.600000
37 0.540000
37 1.050000
37 0.530000
37 0.510000
37 0.980000
37 0.500000
37 0.700000
37 0.540000
37 0.560000
37 0.750000
37 0.600000
37 0.690000
37 0.820000
37 0.620000
37 0.570000
37 0.590000
37 0.540000
37 0.530000
37 0.510000
37 0.620000
37 0.760000
37 0.730000
37 0.520000
37 0.570000
37 0.550000
37 0.600000
37 0.640000
37 0.590000
37 0.600000
37 0.620000
37 0.560000
37 0.560000
37 0.560000
37 0.780000
37 0.940000
37 0.740000
37 0.610000
37 0.740000
37 0.550000
37 0.520000
37 0.520000
37 0.500000
37 0.570000
37 0.660000
37 0.610000
37 0.510000
37 0.700000
37 0.550000
37 0.590000
37 0.550000
37 0.540000
37 0.670000
37 0.570000
37 1.120000
37 0.770000
37 0.520000
37 0.570000
37 0.520000
37 0.610000
37 1.160000
37 0.610000
37 0.790000
37 0.720000
37 0.580000
37 0.610000
37 0.620000
37 0.630000
37 0.580000
37 0.710000
37 0.550000
37 0.620000
37 0.540000
37 0.530000
37 0.510000
37 0.550000
37 0.630000
37 0.510000
37 0.520000
37 0.750000
37 0.640000
37 0.530000
37 0.500000
37 0.700000
37 0.630000
37 0.770000
37 0.520000
37 0.540000
37 0.540000
37 0.590000
37 0.570000
37 0.650000
37 0.560000
37 0.540000
37 0.560000
37 0.540000
37 0.580000
37 0.560000
37 1.310000
37 1.040000
37 0.590000
37 0.710000
37 0.540000
37 0.600000
37 0.590000
37 0.580000
37 0.710000
37 0.540000
37 0.480000
37 0.600000
37 0.530000
37 0.650000
37 0.560000
37 0.660000
37 0.570000
37 0.550000
37 0.930000
37 0.560000
37 0.530000
37 0.630000
37 0.550000
37 0.740000
37 0.560000
37 0.500000
37 0.590000
37 0.680000
37 0.980000
37 0.550000
37 0.740000
37 0.830000
37 0.570000
37 0.800000
37 0.590000
37 0.720000
37 0.500000
37 0.550000
37 0.540000
37 0.530000
37 0.790000
37 0.500000
37 0.570000
37 0.630000
37 0.570000
37 0.600000
37 0.530000
37 0.570000
37 0.650000
37 0.750000
37 0.560000
37 0.820000
37 0.580000
37 0.620000
37 0.640000
37 0.580000
37 0.630000
37 0.580000
37 0.990000
37 0.640000
37 0.570000
37 0.740000
37 0.550000
37 0.470000
37 1.010000
37 0.730000
37 0.590000
37 1.060000
37 0.550000
37 0.540000
37 0.610000
37 0.610000
37 0.600000
37 1.170000
37 0.640000
37 0.600000
37 0.610000
37 0.520000
37 0.660000
37 0.580000
37 0.550000
37 0.540000
37 0.910000
37 0.640000
37 0.630000
38 0.740000
38 1.100000
38 0.650000
38 0.620000
38 0.710000
38 0.760000
38 0.570000
38 0.520000
38 0.580000
38 0.520000
38 0.670000
38 0.590000
38 0.560000
38 0.570000
38 0.670000
38 0.640000
38 0.670000
38 0.760000
38 0.780000
38 0.610000
38 1.030000
38 0.580000
38 0.680000
38 0.630000
38 0.670000
38 0.610000
38 0.510000
38 0.700000
38 0.820000
38 0.530000
38 0.640000
38 0.590000
38 1.110000
38 0.550000
38 0.790000
38 0.730000
38 0.690000
38 0.500000
38 0.560000
38 0.690000
38 0.510000
38 0.770000
38 0.500000
38 0.720000
38 0.580000
38 1.330000
38 0.550000
38 0.560000
38 0.680000
38 0.660000
38 0.560000
38 0.580000
38 0.540000
38 0.560000
38 0.560000
38 0.650000
38 0.660000
38 0.570000
38 0.570000
38 0.570000
38 0.900000
38 1.230000
38 1.240000
38 0.700000
38 0.700000
38 1.380000
38 0.580000
38 0.620000
38 0.710000
38 0.480000
38 0.600000
38 0.860000
38 0.870000
38 0.920000
38 0.530000
38 0.550000
38 0.520000
38 0.570000
38 0.680000
38 0.640000
38 0.930000
38 0.700000
38 0.610000
38 0.530000
38 0.480000
38 0.750000
38 0.550000
38 0.610000
38 0.600000
38 0.510000
38 0.580000
38 0.730000
38 0.930000
38 0.530000
38 0.660000
38 0.530000
38 0.620000
38 0.560000
38 0.710000
38 0.710000
38 0.530000
38 0.520000
38 0.660000
38 0.690000
38 1.170000
38 0.510000
38 0.840000
38 0.520000
38 0.600000
38 0.560000
38 0.750000
38 0.660000
38 0.680000
38 0.550000
38 0.970000
38 0.540000
38 0.580000
38 0.850000
38 1.050000
38 0.660000
38 0.730000
38 0.960000
38 0.680000
38 0.590000
38 0.530000
38 0.680000
38 0.630000
38 0.950000
38 0.570000
38 0.670000
38 0.990000
38 0.900000
38 0.530000
38 0.520000
38 0.570000
38 0.540000
38 0.990000
38 0.580000
38 0.590000
38 0.680000
38 0.590000
38 0.540000
38 0.570000
38 0.630000
38 0.600000
38 0.570000
38 0.610000
38 0.680000
38 0.560000
38 1.000000
38 0.600000
38 0.530000
38 0.530000
38 0.550000
38 0.610000
38 0.610000
38 0.550000
38 0.540000
38 0.580000
38 0.560000
38 0.520000
38 0.540000
38 0.590000
38 0.820000
38 0.540000
38 0.510000
38 0.520000
38 0.960000
38 0.650000
38 0.600000
38 0.590000
38 0.560000
38 0.520000
38 0.680000
38 0.590000
38 0.520000
38 0.610000
38 0.560000
38 0.570000
38 0.620000
38 0.660000
38 0.650000
38 0.590000
38 0.590000
38 0.540000
38 0.580000
38 2.410000
38 0.490000
38 0.580000
38 0.600000
38 0.660000
38 0.570000
38 1.340000
38 0.640000
38 0.660000
38 0.610000
38 0.590000
38 0.560000
38 0.710000
38 0.580000
38 0.660000
38 1.750000
38 0.570000
38 0.540000
38 0.540000
38 0.580000
38 0.650000
38 0.610000
38 0.580000
38 0.590000
38 0.710000
38 0.950000
38 0.540000
38 0.850000
38 0.800000
38 0.520000
38 0.590000
38 0.570000
38 0.630000
38 0.510000
38 0.860000
38 0.570000
38 2.570000
38 0.770000
38 0.560000
38 0.500000
38 1.020000
38 0.520000
38 0.840000
38 0.720000
38 0.820000
38 0.600000
38 0.510000
38 0.820000
38 0.850000
38 0.840000
38 0.650000
38 0.630000
38 0.520000
38 0.790000
38 0.520000
38 0.670000
38 0.700000
38 0.580000
38 0.640000
38 0.720000
38 0.560000
38 0.530000
38 0.620000
38 0.750000
38 0.830000
38 0.560000
38 0.600000
38 0.900000
38 0.570000
38 0.840000
38 0.530000
38 0.580000
38 0.680000
38 0.580000
38 0.600000
38 1.100000
38 0.560000
38 2.090000
38 0.590000
38 0.610000
38 0.550000
38 1.330000
38 0.690000
38 0.680000
38 0.530000
38 0.530000
38 0.790000
38 0.570000
38 0.580000
38 0.590000
38 0.680000
38 0.570000
38 0.700000
38 0.520000
38 0.710000
38 0.550000
38 0.540000
38 0.640000
38 0.680000
38 0.490000
38 0.630000
38 0.550000
38 0.610000
38 0.570000
38 0.590000
38 0.620000
38 0.700000
38 0.590000
38 1.070000
38 0.580000
38 0.620000
38 0.540000
38 0.560000
38 0.530000
38 0.590000
38 0.660000
38 0.530000
38 0.700000
38 0.720000
38 0.750000
38 0.500000
38 0.950000
38 0.620000
38 0.670000
38 0.750000
38 0.550000
38 0.680000
38 0.590000
38 0.570000
38 1.750000
38 0.700000
38 0.570000
38 0.840000
38 0.680000
38 0.680000
38 0.720000
38 0.620000
38 0.550000
38 0.660000
38 0.650000
38 0.560000
38 0.630000
38 0.650000
38 0.590000
38 0.620000
38 0.630000
38 4.440000
38 0.790000
38 0.580000
38 0.680000
38 0.620000
38 0.570000
38 0.640000
38 0.890000
38 0.500000
38 1.060000
38 0.610000
38 0.620000
38 0.640000
38 0.590000
38 0.580000
38 0.540000
38 0.560000
38 0.650000
38 0.580000
38 0.540000
38 0.560000
38 0.590000
38 0.570000
38 0.670000
38 0.880000
38 0.700000
38 0.650000
38 0.620000
38 1.690000
38 0.560000
38 0.600000
38 0.640000
38 0.550000
38 0.630000
38 0.560000
38 0.550000
38 0.620000
38 0.590000
38 0.630000
38 0.680000
38 0.690000
38 1.290000
38 1.070000
38 0.780000
38 0.590000
38 0.620000
38 0.530000
38 0.630000
38 1.080000
38 0.550000
38 0.550000
38 0.570000
38 0.710000
38 0.700000
38 0.540000
38 0.510000
38 0.730000
38 0.850000
38 0.580000
38 0.580000
38 0.760000
38 0.650000
38 0.660000
38 0.620000
38 0.630000
38 0.560000
38 0.510000
38 0.600000
38 0.580000
38 0.620000
38 0.660000
38 0.640000
38 0.570000
38 0.610000
38 0.540000
38 0.510000
38 0.550000
38 0.570000
38 0.690000
38 0.860000
38 0.630000
38 0.570000
38 0.650000
38 0.750000
38 0.670000
38 0.500000
38 1.550000
38 0.820000
38 0.600000
38 0.770000
38 0.780000
38 0.680000
38 0.560000
38 0.610000
38 0.540000
38 0.590000
38 0.570000
38 0.600000
38 0.760000
38 0.640000
38 0.660000
38 0.580000
38 0.710000
38 0.860000
38 0.560000
38 0.740000
38 0.550000
38 1.040000
38 0.560000
38 0.690000
38 0.630000
38 0.500000
38 0.580000
38 0.690000
38 0.610000
38 0.540000
38 0.570000
38 0.730000
38 0.590000
38 0.520000
38 0.600000
38 0.580000
38 0.520000
38 0.690000
38 0.680000
38 1.430000
38 0.690000
38 0.560000
38 0.680000
38 0.530000
38 1.020000
38 0.830000
38 0.610000
38 0.580000
38 0.620000
38 0.810000
38 0.630000
38 0.700000
38 0.760000
38 0.640000
38 0.570000
38 0.580000
38 1.240000
38 0.800000
38 0.560000
38 0.620000
38 0.810000
38 0.550000
38 0.560000
38 0.630000
39 0.550000
39 0.540000
39 0.760000
39 0.810000
39 0.600000
39 1.040000
39 0.640000
39 0.680000
39 0.530000
39 0.600000
39 0.560000
39 0.700000
39 0.610000
39 0.570000
39 0.630000
39 0.580000
39 0.600000
39 0.620000
39 0.540000
39 0.540000
39 0.870000
39 0.900000
39 0.810000
39 0.550000
39 0.610000
39 0.560000
39 4.510000
39 0.870000
39 0.550000
39 0.630000
39 0.600000
39 0.530000
39 0.790000
39 0.560000
39 0.780000
39 1.050000
39 0.670000
39 0.570000
39 0.530000
39 0.580000
39 0.510000
39 0.540000
39 0.970000
39 0.590000
39 0.510000
39 0.650000
39 0.600000
39 1.450000
39 0.690000
39 1.340000
39 0.620000
39 0.580000
39 0.520000
39 0.750000
39 0.600000
39 0.590000
39 0.500000
39 0.640000
39 0.760000
39 0.760000
39 0.640000
39 1.230000
39 0.690000
39 1.080000
39 0.530000
39 0.530000
39 0.880000
39 0.550000
39 0.580000
39 0.520000
39 0.830000
39 0.590000
39 0.730000
39 0.630000
39 0.650000
39 0.570000
39 2.150000
39 0.520000
39 0.550000
39 0.510000
39 0.590000
39 0.510000
39 0.600000
39 1.240000
39 0.570000
39 0.730000
39 0.560000
39 0.660000
39 0.920000
39 1.380000
39 0.740000
39 0.570000
39 0.600000
39 1.280000
39 0.760000
39 0.630000
39 0.570000
39 0.580000
39 0.690000
39 0.520000
39 0.590000
39 1.020000
39 0.630000
39 1.390000
39 0.580000
39 1.120000
39 0.770000
39 0.640000
39 0.560000
39 0.790000
39 1.890000
39 0.640000
39 0.690000
39 0.780000
39 0.600000
39 0.520000
39 0.760000
39 0.600000
39 0.680000
39 0.700000
39 0.560000
39 0.580000
39 0.640000
39 0.750000
39 0.990000
39 0.590000
39 0.610000
39 0.620000
39 0.550000
39 0.600000
39 0.560000
39 0.580000
39 0.630000
39 0.650000
39 0.760000
39 0.560000
39 0.660000
39 0.570000
39 0.660000
39 0.630000
39 0.590000
39 0.760000
39 0.760000
39 0.530000
39 0.560000
39 0.700000
39 0.700000
39 0.620000
39 0.500000
39 0.580000
39 1.580000
39 0.560000
39 0.620000
39 0.560000
39 0.550000
39 0.970000
39 0.490000
39 0.500000
39 0.590000
39 0.650000
39 0.590000
39 0.940000
39 0.740000
39 0.550000
39 0.600000
39 0.590000
39 0.550000
39 0.540000
39 0.700000
39 0.520000
39 1.160000
39 0.660000
39 0.580000
39 1.160000
39 0.700000
39 0.570000
39 0.590000
39 0.540000
39 0.630000
39 0.820000
39 0.620000
39 0.520000
39 0.630000
39 0.580000
39 0.680000
39 0.730000
39 0.770000
39 0.500000
39 0.740000
39 0.800000
39 0.700000
39 0.720000
39 0.740000
39 0.530000
39 0.520000
39 0.770000
39 1.300000
39 0.700000
39 0.680000
39 0.520000
39 0.540000
39 0.570000
39 0.590000
39 0.910000
39 0.620000
39 0.760000
39 0.810000
39 1.000000
39 0.580000
39 0.660000
39 0.620000
39 0.580000
39 0.630000
39 0.520000
39 0.740000
39 1.100000
39 0.540000
39 0.580000
39 0.760000
39 0.650000
39 0.630000
39 1.210000
39 0.540000
39 1.940000
39 0.690000
39 1.040000
39 0.680000
39 0.520000
39 0.600000
39 0.560000
39 0.740000
39 1.400000
39 0.510000
39 0.640000
39 0.820000
39 0.770000
39 0.610000
39 0.540000
39 1.060000
39 0.470000
39 0.530000
39 0.700000
39 0.570000
39 0.720000
39 0.760000
39 1.610000
39 0.580000
39 0.550000
39 0.640000
39 0.680000
39 0.630000
39 0.710000
39 0.850000
39 0.640000
39 0.660000
39 0.600000
39 0.680000
39 0.540000
39 0.530000
39 0.560000
39 1.310000
39 0.540000
39 0.580000
39 0.520000
39 0.550000
39 0.560000
39 0.950000
39 0.660000
39 0.650000
39 0.840000
39 0.560000
39 0.600000
39 0.540000
39 0.530000
39 0.660000
39 0.600000
39 0.540000
39 0.730000
39 0.510000
39 1.470000
39 0.550000
39 0.670000
39 0.560000
39 0.600000
39 0.790000
39 0.600000
39 0.610000
39 0.530000
39 0.570000
39 0.670000
39 0.570000
39 0.590000
39 0.620000
39 0.590000
39 0.530000
39 1.260000
39 1.370000
39 0.550000
39 0.550000
39 0.530000
39 0.690000
39 0.580000
39 0.600000
39 0.530000
39 0.570000
39 1.290000
39 0.960000
39 0.650000
39 0.640000
39 0.640000
39 0.640000
39 0.590000
39 0.630000
39 0.680000
39 0.910000
39 0.660000
39 0.700000
39 0.620000
39 0.570000
39 0.680000
39 0.550000
39 0.650000
39 0.620000
39 0.550000
39 0.570000
39 0.980000
39 0.640000
39 0.590000
39 0.550000
39 0.820000
39 0.590000
39 0.700000
39 0.540000
39 0.590000
39 0.560000
39 0.560000
39 0.590000
39 0.560000
39 0.530000
39 1.030000
39 0.560000
39 0.610000
39 0.540000
39 0.560000
39 0.540000
39 0.530000
39 0.660000
39 0.620000
39 0.580000
39 0.560000
39 0.790000
39 0.640000
39 0.610000
39 0.570000
39 0.800000
39 0.570000
39 0.620000
39 0.590000
39 0.620000
39 0.600000
39 0.710000
39 0.710000
39 0.740000
39 0.570000
39 0.600000
39 0.960000
39 0.530000
39 1.020000
39 0.550000
39 0.520000
39 0.560000
39 0.580000
39 0.600000
39 0.560000
39 0.570000
39 0.530000
39 0.550000
39 1.090000
39 0.540000
39 0.560000
39 0.700000
39 0.610000
39 0.800000
39 0.520000
39 0.830000
39 0.730000
39 0.570000
39 0.550000
39 0.620000
39 0.700000
39 0.670000
39 1.120000
39 0.500000
39 0.740000
39 0.560000
39 0.580000
39 0.880000
39 0.570000
39 0.550000
39 0.550000
39 0.580000
39 0.640000
39 0.600000
39 0.770000
39 0.530000
39 1.120000
39 1.020000
39 0.670000
39 0.730000
39 0.570000
39 1.310000
39 0.580000
39 0.550000
39 0.580000
39 0.550000
39 1.190000
39 0.600000
39 0.660000
39 0.570000
39 1.920000
39 0.850000
39 0.560000
39 0.540000
39 0.570000
39 0.770000
39 0.800000
39 0.770000
39 0.940000
39 0.660000
39 0.550000
39 0.610000
39 0.940000
39 0.520000
39 0.600000
39 0.630000
39 0.560000
39 0.990000
39 0.490000
39 0.650000
39 0.660000
39 0.560000
39 0.640000
39 0.540000
39 0.550000
39 0.710000
39 0.550000
39 0.530000
39 0.760000
39 0.660000
39 0.500000
39 0.590000
39 0.720000
39 0.750000
39 0.570000
39 0.570000
39 0.570000
39 0.590000
39 0.670000
39 0.520000
39 0.540000
39 0.570000
39 0.580000
39 0.980000
39 0.530000
39 0.870000
39 0.530000
39 0.600000
39 0.570000
39 0.540000
39 0.580000
39 1.250000
39 0.530000
39 0.810000
39 0.520000
39 0.600000
39 0.510000
39 0.800000
39 0.600000
39 0.530000
39 0.580000
39 0.530000
39 0.580000
39 0.650000
39 0.690000
39 0.850000
39 1.800000
39 0.540000
39 0.770000
39 0.800000
39 0.590000
39 0.740000
39 2.870000
39 0.630000
39 0.540000
39 0.580000
39 1.190000
39 0.630000
