#n running-time
11 0.440000
11 0.510000
11 0.440000
11 0.530000
12 0.840000
12 0.550000
12 0.530000
12 0.720000
12 0.500000
12 0.460000
12 0.630000
12 0.460000
12 0.510000
12 0.490000
12 0.670000
12 0.500000
12 0.500000
12 0.510000
12 0.520000
13 0.640000
13 0.500000
13 0.810000
13 0.580000
13 0.510000
13 0.630000
13 0.530000
13 0.640000
13 0.570000
13 0.490000
13 0.590000
13 0.520000
13 0.590000
13 0.640000
13 0.710000
13 0.520000
13 0.610000
13 0.620000
13 0.590000
13 0.470000
13 0.590000
13 0.670000
13 0.690000
13 0.590000
13 0.590000
13 0.600000
13 0.710000
13 0.640000
13 0.490000
13 0.620000
13 0.560000
13 0.750000
13 0.630000
13 0.520000
13 0.540000
13 0.540000
13 0.560000
13 0.570000
13 0.700000
13 0.750000
13 0.590000
13 0.540000
13 0.480000
13 0.610000
13 0.620000
13 0.530000
13 0.500000
13 0.490000
13 0.670000
13 0.680000
14 0.710000
14 0.720000
14 0.720000
14 0.730000
14 0.770000
14 1.300000
14 0.690000
14 0.830000
14 0.720000
14 0.560000
14 0.560000
14 0.600000
14 0.590000
14 0.630000
14 0.700000
14 0.630000
14 0.690000
14 0.590000
14 0.630000
14 0.760000
14 0.660000
14 0.660000
14 0.810000
14 0.980000
14 0.790000
14 0.830000
14 0.750000
14 0.820000
14 0.540000
14 0.470000
14 0.640000
14 0.840000
14 0.670000
14 0.630000
14 0.620000
14 0.960000
14 0.600000
14 0.520000
14 0.740000
14 0.700000
14 0.790000
14 0.670000
14 0.530000
14 1.130000
14 0.900000
14 0.930000
14 0.690000
14 0.590000
14 0.780000
14 0.760000
14 0.800000
14 0.590000
14 0.610000
14 0.660000
14 0.700000
14 0.540000
14 1.050000
14 0.590000
14 0.710000
14 0.600000
14 0.790000
14 0.710000
14 0.550000
14 0.730000
14 0.760000
14 0.580000
14 0.650000
14 0.610000
14 0.550000
14 0.700000
14 0.880000
14 0.750000
14 0.660000
14 0.750000
14 0.600000
14 0.850000
14 0.840000
14 0.690000
14 0.570000
14 0.520000
14 0.890000
14 0.760000
14 0.470000
14 0.550000
14 0.690000
14 0.580000
14 0.480000
14 0.700000
14 0.680000
14 0.960000
14 0.620000
14 0.780000
14 0.590000
14 0.610000
14 0.900000
14 0.870000
14 0.560000
14 1.120000
14 0.620000
14 0.620000
14 0.700000
14 0.680000
14 1.650000
14 0.580000
14 0.800000
14 0.770000
14 0.680000
14 0.730000
14 1.130000
14 0.540000
14 0.600000
14 0.790000
14 0.740000
14 0.660000
14 0.800000
14 0.550000
14 0.540000
14 0.770000
14 0.530000
14 0.690000
14 0.610000
14 0.670000
15 2.260000
15 0.950000
15 0.830000
15 2.090000
15 0.830000
15 0.720000
15 0.910000
15 0.920000
15 0.700000
15 0.710000
15 1.050000
15 0.650000
15 1.020000
15 0.680000
15 0.680000
15 1.070000
15 0.740000
15 0.840000
15 0.730000
15 0.980000
15 0.670000
15 0.620000
15 1.090000
15 0.660000
15 1.110000
15 0.810000
15 0.840000
15 0.960000
15 1.470000
15 0.740000
15 1.300000
15 0.940000
15 0.820000
15 0.920000
15 1.420000
15 0.850000
15 1.430000
15 0.670000
15 0.820000
15 0.800000
15 0.580000
15 1.200000
15 0.920000
15 1.250000
15 0.840000
15 0.950000
15 0.960000
15 0.800000
15 0.760000
15 0.680000
15 1.090000
15 0.910000
15 1.380000
15 1.230000
15 1.360000
15 0.680000
15 0.860000
15 0.590000
15 0.970000
15 1.110000
15 0.710000
15 0.840000
15 0.810000
15 0.680000
15 0.690000
15 0.760000
15 1.040000
15 0.910000
15 0.820000
15 0.560000
15 0.880000
15 0.580000
15 0.780000
15 0.870000
15 0.680000
15 0.900000
15 0.750000
15 0.810000
15 1.080000
15 0.670000
15 1.160000
15 0.740000
15 0.850000
15 0.770000
15 0.850000
15 1.270000
15 0.660000
15 0.820000
15 1.050000
15 0.790000
15 1.250000
15 0.850000
15 0.620000
15 1.020000
15 0.800000
15 0.720000
15 0.500000
15 1.400000
15 0.730000
15 0.900000
15 0.920000
15 1.110000
15 0.640000
15 1.410000
15 1.030000
15 0.590000
15 0.660000
15 1.380000
15 1.370000
15 1.100000
15 2.020000
15 0.780000
15 1.130000
15 0.940000
15 0.650000
15 0.990000
15 0.690000
15 1.030000
15 0.710000
15 0.780000
15 0.710000
15 0.850000
15 0.610000
15 0.650000
15 0.820000
15 1.010000
15 0.700000
15 0.760000
15 0.860000
15 1.270000
15 0.830000
15 0.850000
15 0.730000
15 0.750000
15 0.880000
15 1.080000
15 0.580000
15 0.860000
15 0.850000
15 1.140000
15 0.630000
15 0.650000
15 0.680000
15 0.810000
15 0.860000
15 1.020000
15 0.800000
15 0.770000
15 0.890000
15 0.970000
15 1.110000
15 0.590000
15 0.720000
15 0.990000
15 0.790000
15 0.700000
15 0.550000
15 0.880000
15 1.370000
15 0.960000
15 0.640000
15 0.840000
15 0.590000
15 1.420000
15 0.770000
15 0.840000
15 0.830000
15 1.050000
15 1.140000
15 0.740000
15 1.050000
15 0.800000
15 0.840000
15 0.900000
15 0.970000
15 1.580000
15 1.050000
15 0.860000
15 0.520000
15 0.680000
15 0.630000
15 0.730000
15 1.060000
15 1.550000
15 0.740000
15 0.810000
15 0.950000
15 0.650000
15 1.770000
15 0.750000
15 0.630000
15 0.750000
15 0.770000
15 0.680000
15 1.170000
15 0.880000
15 0.750000
15 0.960000
15 1.300000
15 0.580000
15 1.040000
16 1.360000
16 0.950000
16 1.590000
16 1.110000
16 0.780000
16 2.110000
16 1.450000
16 1.210000
16 0.890000
16 1.490000
16 1.960000
16 0.860000
16 1.220000
16 1.750000
16 2.280000
16 1.080000
16 1.050000
16 0.800000
16 1.270000
16 1.480000
16 1.100000
16 0.960000
16 1.800000
16 1.120000
16 1.260000
16 1.560000
16 1.300000
16 0.760000
16 0.720000
16 0.920000
16 0.910000
16 0.920000
16 0.890000
16 1.510000
16 1.460000
16 1.380000
16 1.430000
16 1.040000
16 1.060000
16 1.520000
16 1.100000
16 1.590000
16 0.930000
16 0.830000
16 0.960000
16 1.960000
16 1.250000
16 1.480000
16 1.360000
16 1.720000
16 0.980000
16 1.090000
16 0.800000
16 0.860000
16 1.330000
16 0.790000
16 1.290000
16 0.960000
16 1.350000
16 0.840000
16 1.040000
16 1.440000
16 1.490000
16 0.900000
16 0.700000
16 0.980000
16 1.440000
16 0.770000
16 1.310000
16 1.890000
16 0.960000
16 1.350000
16 0.740000
16 1.350000
16 0.990000
16 1.460000
16 1.110000
16 0.910000
16 1.400000
16 1.280000
16 1.180000
16 0.950000
16 0.890000
16 0.750000
16 0.910000
16 1.470000
16 1.410000
16 1.440000
16 1.450000
16 0.770000
16 0.730000
16 1.150000
16 0.780000
16 1.000000
16 1.070000
16 1.520000
16 0.810000
16 2.310000
16 1.280000
16 1.430000
16 2.380000
16 0.840000
16 1.830000
16 0.900000
16 1.510000
16 1.180000
16 1.090000
16 0.720000
16 0.940000
16 0.830000
16 1.020000
16 1.210000
16 1.200000
16 1.020000
16 0.810000
16 1.620000
16 1.320000
16 0.920000
16 1.260000
16 1.140000
16 1.020000
16 0.970000
16 0.790000
16 2.080000
16 1.330000
16 1.530000
16 0.970000
16 1.560000
16 0.860000
16 1.100000
16 1.760000
16 1.820000
16 0.650000
16 2.230000
16 1.550000
16 1.070000
16 1.140000
16 1.250000
16 0.860000
16 2.400000
16 1.450000
16 0.950000
16 0.920000
16 1.530000
16 1.000000
16 0.870000
16 1.650000
16 0.810000
16 2.510000
16 1.030000
16 1.000000
16 1.270000
16 1.060000
16 0.830000
16 1.770000
16 0.770000
16 0.920000
16 0.800000
16 0.820000
16 1.240000
16 1.210000
16 0.930000
16 1.900000
16 0.660000
16 1.200000
16 0.800000
16 1.700000
16 0.960000
16 1.230000
16 1.100000
16 0.900000
16 0.700000
16 0.880000
16 0.950000
16 0.720000
16 1.400000
16 0.790000
16 1.670000
16 0.750000
16 1.010000
16 1.230000
16 1.270000
16 1.060000
16 1.870000
16 1.530000
16 1.520000
16 0.920000
16 1.650000
16 1.720000
16 1.210000
16 1.360000
16 1.370000
16 1.370000
16 1.330000
16 1.920000
16 1.010000
16 1.940000
16 1.210000
16 1.050000
16 0.830000
16 0.780000
16 0.800000
16 1.010000
16 1.930000
16 1.010000
16 1.070000
16 2.060000
16 1.390000
16 2.070000
16 0.960000
16 1.060000
16 0.830000
16 0.880000
16 0.860000
16 1.010000
16 1.840000
16 0.880000
16 1.280000
16 1.660000
16 2.390000
16 0.940000
16 1.300000
16 0.830000
16 1.010000
16 1.360000
16 1.110000
16 1.600000
16 0.910000
16 0.890000
16 1.280000
16 1.230000
16 0.930000
16 1.050000
16 0.780000
16 0.890000
16 0.810000
16 1.510000
16 2.320000
16 0.860000
16 1.030000
16 1.200000
16 1.260000
16 1.160000
16 1.050000
16 1.220000
16 0.920000
16 1.210000
16 1.500000
16 0.920000
16 1.060000
16 1.310000
16 1.200000
16 0.770000
16 0.900000
16 1.430000
16 0.970000
16 1.440000
16 0.990000
16 0.980000
16 1.230000
16 1.380000
16 1.670000
16 1.040000
16 1.210000
16 1.150000
16 1.240000
16 1.190000
16 1.000000
16 1.400000
16 0.850000
16 1.200000
16 2.020000
16 1.610000
16 0.770000
16 0.740000
16 1.810000
16 0.680000
16 0.970000
16 1.010000
16 1.150000
16 0.740000
16 1.010000
16 1.580000
16 1.420000
16 0.900000
16 1.340000
16 1.190000
16 1.360000
16 1.090000
16 1.310000
16 1.480000
16 0.740000
16 1.700000
16 1.100000
16 1.790000
16 0.800000
16 0.930000
16 1.330000
16 0.960000
16 1.000000
16 1.240000
16 1.030000
16 1.540000
16 0.730000
16 1.060000
16 1.710000
16 2.140000
16 1.570000
16 1.010000
16 1.220000
16 1.110000
16 1.590000
16 1.450000
16 1.030000
16 0.570000
16 2.080000
16 0.860000
16 0.640000
16 2.110000
16 0.730000
16 1.040000
16 1.630000
16 1.200000
16 1.140000
16 0.950000
16 0.860000
16 1.060000
16 0.810000
16 1.050000
16 1.510000
16 0.690000
16 0.960000
16 1.390000
16 0.590000
16 0.860000
16 1.370000
16 1.070000
16 1.050000
16 2.040000
16 1.280000
16 0.730000
16 1.640000
16 2.280000
16 0.860000
16 2.450000
16 1.030000
16 0.830000
16 2.020000
16 1.050000
16 0.660000
16 1.140000
16 1.130000
16 0.960000
16 1.290000
16 1.610000
16 1.130000
16 1.200000
16 1.340000
16 1.200000
16 2.170000
16 1.410000
16 1.290000
16 1.540000
16 0.730000
16 1.090000
17 1.810000
17 2.260000
17 1.930000
17 1.400000
17 1.200000
17 0.920000
17 0.980000
17 0.910000
17 3.320000
17 1.090000
17 1.120000
17 1.150000
17 1.710000
17 3.010000
17 1.660000
17 1.400000
17 4.050000
17 1.070000
17 1.680000
17 1.660000
17 2.460000
17 2.910000
17 0.720000
17 1.240000
17 2.900000
17 0.930000
17 0.730000
17 1.280000
17 0.910000
17 1.350000
17 1.270000
17 1.600000
17 1.610000
17 1.880000
17 1.520000
17 0.970000
17 1.290000
17 1.900000
17 1.790000
17 1.810000
17 1.930000
17 0.800000
17 0.970000
17 1.330000
17 1.330000
17 1.710000
17 1.990000
17 3.380000
17 2.560000
17 1.760000
17 2.260000
17 1.680000
17 3.770000
17 1.410000
17 1.270000
17 1.340000
17 3.880000
17 1.320000
17 1.580000
17 1.860000
17 1.720000
17 1.050000
17 2.590000
17 0.950000
17 1.800000
17 2.800000
17 1.330000
17 0.870000
17 1.640000
17 1.620000
17 1.640000
17 1.630000
17 2.150000
17 1.040000
17 1.230000
17 1.960000
17 1.580000
17 0.930000
17 1.000000
17 0.940000
17 1.610000
17 2.670000
17 0.820000
17 1.280000
17 3.030000
17 0.960000
17 1.460000
17 1.300000
17 2.200000
17 2.350000
17 1.610000
17 1.250000
17 1.810000
17 1.280000
17 1.140000
17 2.120000
17 3.450000
17 1.580000
17 2.460000
17 1.320000
17 1.820000
17 3.500000
17 2.090000
17 1.330000
17 2.100000
17 1.440000
17 2.220000
17 0.880000
17 1.520000
17 1.340000
17 1.560000
17 2.310000
17 3.310000
17 1.560000
17 1.900000
17 2.550000
17 1.880000
17 1.720000
17 3.190000
17 1.650000
17 1.500000
17 1.540000
17 1.550000
17 1.660000
17 1.790000
17 2.480000
17 1.260000
17 1.310000
17 1.300000
17 1.420000
17 1.270000
17 0.830000
17 1.070000
17 1.120000
17 0.880000
17 1.120000
17 1.330000
17 1.730000
17 2.400000
17 2.140000
17 1.830000
17 1.410000
17 1.350000
17 2.020000
17 1.370000
17 1.170000
17 1.170000
17 0.890000
17 1.390000
17 1.510000
17 3.040000
17 1.080000
17 1.600000
17 0.940000
17 1.310000
17 1.900000
17 1.600000
17 0.910000
17 1.070000
17 1.040000
17 2.370000
17 1.540000
17 2.040000
17 2.340000
17 1.830000
17 0.980000
17 1.180000
17 1.880000
17 1.160000
17 2.380000
17 2.850000
17 2.310000
17 1.120000
17 1.960000
17 1.170000
17 2.170000
17 3.140000
17 1.200000
17 2.550000
17 1.620000
17 2.180000
17 1.750000
17 4.560000
17 1.600000
17 2.300000
17 1.510000
17 1.320000
17 2.460000
17 1.200000
17 1.000000
17 0.790000
17 2.060000
17 1.590000
17 1.280000
17 1.560000
17 1.220000
17 1.870000
17 1.030000
17 1.580000
17 1.450000
17 1.750000
17 2.990000
17 1.400000
17 1.520000
17 1.430000
17 1.520000
17 0.850000
17 0.860000
17 1.940000
17 1.200000
17 1.980000
17 1.530000
17 1.130000
17 2.670000
17 0.800000
17 1.520000
17 1.240000
17 1.620000
17 1.640000
17 1.120000
17 1.370000
17 1.090000
17 1.190000
17 2.210000
17 1.220000
17 1.880000
17 1.400000
17 1.170000
17 1.580000
17 1.650000
17 1.130000
17 1.020000
17 1.230000
17 1.650000
17 1.510000
17 1.210000
17 1.550000
17 1.080000
17 2.050000
17 2.890000
17 1.350000
17 2.230000
17 2.920000
17 0.890000
17 1.930000
17 1.300000
17 1.770000
17 1.090000
17 5.290000
17 1.340000
17 0.810000
17 2.530000
17 1.420000
17 1.520000
17 2.230000
17 0.820000
17 1.350000
17 1.090000
17 1.480000
17 1.900000
17 1.250000
17 3.600000
17 1.130000
17 1.120000
17 2.120000
17 2.050000
17 1.200000
17 2.500000
17 1.480000
17 2.210000
17 1.000000
17 2.100000
17 0.800000
17 1.070000
17 1.940000
17 1.290000
17 2.340000
17 0.950000
17 1.220000
17 1.790000
17 1.340000
17 1.610000
17 2.380000
17 1.590000
17 1.880000
17 1.790000
17 4.450000
17 1.190000
17 1.860000
17 2.200000
17 1.580000
17 1.500000
17 1.410000
17 1.270000
17 1.630000
17 2.040000
17 1.590000
17 1.270000
17 1.520000
17 1.800000
17 0.900000
17 0.960000
17 1.180000
17 2.310000
17 1.090000
17 1.990000
17 2.280000
17 1.470000
17 1.680000
17 3.980000
17 1.480000
17 4.620000
17 1.750000
17 2.190000
17 1.520000
17 0.830000
17 0.800000
17 0.870000
17 2.600000
17 1.180000
17 1.460000
17 1.230000
17 1.320000
17 1.720000
17 1.160000
17 1.330000
17 1.370000
17 1.460000
17 1.040000
17 0.900000
17 0.800000
17 1.850000
17 2.370000
17 1.260000
17 1.860000
17 1.180000
17 2.090000
17 1.100000
17 1.210000
17 0.970000
17 1.360000
17 2.660000
17 2.160000
17 1.690000
17 1.260000
17 2.200000
17 3.040000
17 1.660000
17 1.400000
17 6.070000
17 1.080000
17 0.980000
17 3.180000
17 1.290000
17 2.700000
17 1.810000
17 2.350000
17 1.890000
17 2.090000
17 1.120000
17 2.010000
17 2.250000
17 1.500000
17 1.510000
17 1.510000
17 1.430000
17 1.460000
17 1.730000
17 1.320000
17 1.140000
17 1.740000
17 1.580000
17 1.890000
17 1.480000
17 1.660000
17 1.250000
17 1.540000
17 3.700000
17 1.410000
17 1.660000
17 1.680000
17 1.400000
17 1.670000
17 1.340000
17 2.150000
17 3.890000
17 1.830000
17 0.730000
17 1.520000
17 1.100000
17 1.600000
17 1.740000
17 1.620000
17 0.840000
17 1.830000
17 3.000000
17 1.480000
17 1.590000
17 2.670000
17 2.450000
17 1.460000
17 0.750000
17 1.020000
17 1.200000
17 0.940000
17 1.430000
17 2.240000
17 1.250000
17 0.990000
17 3.230000
17 1.470000
17 1.250000
17 0.930000
17 1.300000
17 1.440000
17 1.410000
17 2.350000
17 0.720000
17 2.590000
17 1.370000
17 2.090000
17 1.260000
17 1.010000
17 1.300000
17 0.660000
17 1.090000
17 1.800000
17 1.140000
17 1.610000
17 1.450000
17 2.610000
17 1.950000
17 2.580000
17 2.070000
17 1.370000
17 1.280000
17 1.650000
17 1.920000
17 1.460000
17 1.870000
17 2.410000
18 2.680000
18 1.090000
18 2.310000
18 2.410000
18 3.390000
18 1.640000
18 0.920000
18 2.840000
18 2.300000
18 3.020000
18 4.490000
18 1.250000
18 2.610000
18 1.610000
18 1.560000
18 2.150000
18 2.610000
18 1.890000
18 1.660000
18 1.940000
18 1.510000
18 2.030000
18 2.170000
18 1.600000
18 1.820000
18 2.920000
18 4.420000
18 3.000000
18 2.030000
18 1.820000
18 1.560000
18 2.130000
18 3.100000
18 0.970000
18 1.780000
18 4.280000
18 3.250000
18 3.000000
18 2.850000
18 1.600000
18 2.570000
18 1.990000
18 2.790000
18 3.530000
18 2.500000
18 2.060000
18 0.940000
18 0.930000
18 4.670000
18 2.410000
18 2.230000
18 1.640000
18 3.140000
18 1.690000
18 4.640000
18 1.930000
18 7.350000
18 2.840000
18 1.670000
18 2.130000
18 3.740000
18 1.660000
18 2.610000
18 1.630000
18 2.260000
18 2.270000
18 1.350000
18 2.720000
18 1.350000
18 1.680000
18 4.750000
18 1.840000
18 1.850000
18 2.740000
18 1.710000
18 1.440000
18 1.770000
18 1.900000
18 2.420000
18 1.660000
18 2.540000
18 4.220000
18 2.320000
18 2.990000
18 3.380000
18 2.220000
18 2.490000
18 1.640000
18 1.420000
18 3.210000
18 1.800000
18 3.120000
18 2.930000
18 4.550000
18 3.820000
18 1.720000
18 3.120000
18 1.410000
18 3.310000
18 3.310000
18 1.180000
18 2.040000
18 3.550000
18 2.810000
18 3.320000
18 1.380000
18 2.680000
18 2.690000
18 5.940000
18 0.960000
18 3.730000
18 3.050000
18 1.850000
18 0.940000
18 1.460000
18 2.180000
18 1.280000
18 2.630000
18 1.630000
18 2.670000
18 1.900000
18 3.730000
18 4.500000
18 2.310000
18 0.840000
18 2.750000
18 1.120000
18 0.870000
18 2.610000
18 2.830000
18 4.640000
18 2.400000
18 3.210000
18 1.750000
18 1.500000
18 2.680000
18 2.910000
18 1.750000
18 2.220000
18 2.230000
18 1.370000
18 3.010000
18 2.020000
18 1.270000
18 1.810000
18 5.470000
18 1.890000
18 2.410000
18 1.510000
18 2.110000
18 1.990000
18 2.180000
18 1.800000
18 2.170000
18 1.710000
18 3.260000
18 1.420000
18 2.040000
18 1.350000
18 2.430000
18 2.670000
18 2.360000
18 2.100000
18 3.340000
18 2.340000
18 1.510000
18 2.300000
18 1.890000
18 2.070000
18 1.830000
18 2.210000
18 3.130000
18 1.230000
18 3.990000
18 0.740000
18 4.230000
18 1.440000
18 4.250000
18 3.840000
18 2.540000
18 5.740000
18 2.080000
18 2.370000
18 1.920000
18 1.450000
18 2.140000
18 1.110000
18 4.290000
18 1.690000
18 1.950000
18 1.320000
18 1.930000
18 1.120000
18 3.460000
18 3.560000
18 2.230000
18 5.370000
18 1.070000
18 1.940000
18 3.170000
18 2.150000
18 1.550000
18 1.360000
18 2.050000
18 1.530000
18 2.630000
18 2.180000
18 3.650000
18 1.740000
18 2.170000
18 1.850000
18 2.310000
18 2.000000
18 1.680000
18 2.920000
18 2.760000
18 2.260000
18 2.240000
18 2.560000
18 4.520000
18 5.560000
18 3.050000
18 2.180000
18 2.360000
18 1.870000
18 1.790000
18 2.740000
18 2.140000
18 1.600000
18 2.420000
18 2.700000
18 2.800000
18 1.910000
18 3.620000
18 0.910000
18 0.840000
18 1.990000
18 1.430000
18 1.810000
18 1.360000
18 1.570000
18 3.360000
18 1.790000
18 1.320000
18 5.070000
18 2.360000
18 2.570000
18 1.710000
18 1.910000
18 4.740000
18 2.120000
18 1.570000
18 2.040000
18 1.650000
18 2.360000
18 3.400000
18 1.600000
18 2.650000
18 3.800000
18 3.990000
18 2.420000
18 1.510000
18 4.510000
18 2.430000
18 2.950000
18 3.730000
18 2.290000
18 0.890000
18 2.730000
18 2.520000
18 2.580000
18 2.590000
18 2.750000
18 2.410000
18 1.430000
18 1.790000
18 2.250000
18 1.630000
18 1.520000
18 2.280000
18 2.880000
18 2.480000
18 1.720000
18 2.110000
18 4.240000
18 2.790000
18 4.780000
18 1.100000
18 6.830000
18 5.340000
18 1.550000
18 1.740000
18 2.290000
18 2.120000
18 1.830000
18 1.450000
18 2.870000
18 2.480000
18 2.620000
18 2.950000
18 3.090000
18 1.130000
18 2.670000
18 3.490000
18 2.130000
18 3.420000
18 2.040000
18 1.860000
18 2.370000
18 2.930000
18 3.340000
18 1.290000
18 2.600000
18 2.620000
18 3.410000
18 2.000000
18 1.960000
18 2.740000
18 2.480000
18 3.040000
18 2.370000
18 2.950000
18 1.830000
18 1.240000
18 1.500000
18 2.920000
18 2.210000
18 2.510000
18 1.650000
18 1.890000
18 1.660000
18 3.570000
18 2.450000
18 2.010000
18 1.550000
18 6.190000
18 2.430000
18 3.430000
18 1.630000
18 2.150000
18 0.950000
18 1.890000
18 2.220000
18 2.910000
18 1.580000
18 1.830000
18 2.070000
18 1.480000
18 2.370000
18 1.140000
18 2.610000
18 1.460000
18 4.400000
18 2.650000
18 1.450000
18 2.290000
18 1.150000
18 1.380000
18 4.230000
18 2.440000
18 3.260000
18 2.460000
18 3.140000
18 1.750000
18 1.690000
18 2.250000
18 2.810000
18 2.260000
18 2.790000
18 1.300000
18 2.280000
18 1.750000
18 1.480000
18 1.720000
18 2.070000
18 1.460000
18 3.110000
18 3.720000
18 1.330000
18 3.520000
18 1.710000
18 3.910000
18 4.150000
18 1.720000
18 1.810000
18 2.270000
18 1.310000
18 2.140000
18 3.330000
18 1.810000
18 2.010000
18 1.930000
18 3.940000
18 2.030000
18 2.820000
18 2.530000
18 3.450000
18 2.730000
18 1.280000
18 2.630000
18 2.020000
18 2.940000
18 1.540000
18 1.790000
18 1.460000
18 2.070000
18 3.320000
18 1.460000
18 2.470000
18 1.690000
18 1.490000
18 2.030000
18 2.270000
18 0.940000
18 1.980000
18 2.490000
18 1.180000
18 3.500000
18 2.740000
18 1.520000
18 1.080000
18 2.980000
18 2.320000
18 2.350000
18 1.440000
18 1.380000
18 1.870000
18 2.620000
18 1.560000
18 2.370000
18 3.800000
18 1.840000
18 2.630000
18 2.970000
18 1.880000
18 3.340000
18 3.500000
18 2.040000
18 2.710000
18 1.510000
18 3.160000
18 1.620000
18 1.480000
18 1.840000
18 1.760000
18 3.080000
18 1.490000
18 2.120000
18 2.860000
18 2.620000
18 1.950000
18 3.740000
18 2.130000
18 1.690000
18 1.820000
18 2.870000
18 1.090000
18 1.680000
18 2.280000
18 5.340000
18 1.990000
18 1.670000
18 1.150000
18 3.130000
18 1.160000
18 2.510000
18 1.490000
18 1.470000
18 2.760000
18 1.810000
18 2.890000
18 3.420000
18 3.000000
18 1.370000
18 2.880000
18 1.930000
18 1.880000
18 2.410000
18 3.270000
18 1.300000
18 2.690000
18 2.500000
18 2.150000
18 2.030000
18 5.030000
18 1.410000
18 1.960000
18 1.970000
18 1.240000
18 4.860000
18 3.410000
18 2.700000
18 6.230000
18 1.450000
18 3.290000
18 1.940000
18 2.480000
18 5.110000
18 1.420000
18 2.010000
18 2.250000
18 2.830000
18 2.430000
18 1.600000
18 3.700000
18 1.440000
18 1.150000
18 1.140000
