#n running-time
24 1.000000
25 0.730000
25 0.810000
25 0.670000
25 0.930000
25 1.040000
26 2.660000
26 1.850000
26 2.840000
26 1.190000
26 3.720000
26 0.670000
26 0.820000
26 1.240000
26 1.700000
27 1.890000
27 0.650000
27 1.250000
27 2.270000
27 0.860000
27 1.870000
27 1.870000
27 1.620000
27 2.200000
27 1.010000
27 4.060000
27 0.950000
27 1.430000
27 2.340000
27 2.220000
27 1.510000
27 1.640000
27 1.170000
27 1.910000
27 1.670000
27 2.760000
27 2.940000
27 2.810000
27 2.300000
27 3.160000
27 4.790000
27 2.860000
27 2.260000
27 1.420000
27 1.260000
27 1.380000
27 1.330000
27 3.120000
27 0.790000
27 5.730000
27 2.090000
27 2.670000
27 0.700000
27 2.470000
28 4.790000
28 1.920000
28 1.160000
28 1.450000
28 4.340000
28 3.490000
28 1.210000
28 2.220000
28 1.820000
28 1.320000
28 1.250000
28 0.790000
28 2.750000
28 1.930000
28 4.520000
28 0.890000
28 2.230000
28 1.520000
28 1.970000
28 17.970000
28 6.580000
28 4.910000
28 1.600000
28 1.790000
28 0.850000
28 3.820000
28 4.200000
28 6.050000
28 0.760000
28 8.770000
28 1.020000
28 2.530000
28 2.590000
28 0.850000
28 1.500000
28 1.300000
28 2.800000
28 4.300000
28 1.600000
28 2.710000
28 1.130000
28 1.810000
28 0.730000
28 3.920000
28 2.090000
28 1.370000
28 1.580000
28 0.780000
28 3.680000
28 1.510000
28 2.710000
28 0.860000
28 1.180000
28 1.770000
28 1.120000
28 3.360000
28 3.240000
28 5.560000
28 0.760000
28 3.180000
28 3.800000
28 2.680000
28 2.750000
28 3.260000
28 3.200000
28 1.740000
28 11.980000
28 2.810000
28 0.790000
28 2.230000
28 1.190000
28 2.110000
28 1.950000
28 0.910000
28 2.290000
28 1.350000
28 2.210000
28 1.430000
28 2.150000
28 0.790000
28 2.180000
28 2.420000
28 2.100000
28 3.570000
29 3.310000
29 3.320000
29 6.230000
29 1.690000
29 4.430000
29 1.820000
29 1.320000
29 2.110000
29 1.160000
29 0.820000
29 0.900000
29 11.840000
29 1.030000
29 1.570000
29 3.650000
29 1.060000
29 2.220000
29 2.760000
29 1.330000
29 1.940000
29 1.780000
29 6.230000
29 2.520000
29 3.460000
29 1.120000
29 2.090000
29 3.920000
29 2.100000
29 1.920000
29 3.630000
29 3.990000
29 7.610000
29 2.420000
29 4.260000
29 2.460000
29 2.350000
29 3.250000
29 7.450000
29 2.050000
29 8.500000
29 4.590000
29 2.290000
29 1.690000
29 1.750000
29 1.020000
29 1.650000
29 3.160000
29 3.690000
29 2.050000
29 1.220000
29 3.830000
29 1.150000
29 2.840000
29 2.070000
29 6.880000
29 1.370000
29 2.030000
29 1.170000
29 3.370000
29 3.480000
29 1.450000
29 4.590000
29 2.610000
29 9.530000
29 2.440000
29 1.680000
29 6.590000
29 1.570000
29 1.840000
29 2.530000
29 2.450000
29 6.540000
29 1.870000
29 1.530000
29 3.120000
29 1.580000
29 4.470000
29 3.010000
29 1.100000
29 2.040000
29 8.260000
29 3.170000
29 1.100000
29 2.180000
29 3.340000
29 5.150000
29 1.180000
29 1.770000
29 1.830000
29 5.440000
29 0.910000
29 1.610000
29 1.070000
29 2.370000
29 10.060000
29 3.990000
29 4.920000
29 4.380000
29 1.900000
29 1.180000
29 3.400000
29 2.580000
29 11.720000
29 3.470000
29 6.250000
29 1.360000
29 1.470000
29 2.350000
29 2.790000
29 2.260000
29 1.780000
29 2.230000
29 3.320000
29 12.440000
29 2.670000
29 0.790000
29 1.300000
29 6.820000
29 1.370000
29 4.270000
29 0.780000
29 2.030000
29 2.750000
29 2.350000
29 4.090000
29 2.490000
29 2.390000
29 2.060000
29 1.070000
29 1.070000
29 7.200000
29 3.420000
29 1.090000
29 2.990000
29 4.860000
29 2.480000
29 3.320000
29 1.390000
29 1.240000
29 1.680000
29 2.820000
29 2.600000
29 2.500000
29 1.400000
29 1.270000
29 2.110000
29 1.050000
29 2.260000
29 2.270000
29 1.410000
29 2.340000
29 2.640000
29 1.990000
29 1.860000
29 1.490000
29 0.730000
29 1.780000
29 1.020000
29 7.260000
29 2.730000
29 2.260000
29 4.370000
29 1.790000
29 1.980000
29 1.800000
29 1.330000
29 2.510000
29 0.910000
29 4.060000
29 1.440000
29 1.200000
29 2.510000
29 1.560000
29 1.500000
29 1.740000
29 2.390000
29 3.920000
29 1.950000
29 2.830000
29 1.160000
29 1.720000
29 1.020000
29 1.410000
29 1.640000
29 1.760000
29 3.930000
29 0.960000
29 2.450000
29 2.420000
29 4.000000
29 2.370000
29 1.220000
29 6.790000
29 1.170000
29 2.530000
29 2.160000
29 3.170000
29 0.810000
30 4.200000
30 1.840000
30 1.850000
30 4.280000
30 1.920000
30 1.820000
30 5.450000
30 6.360000
30 2.250000
30 4.230000
30 2.860000
30 2.620000
30 1.960000
30 2.100000
30 3.130000
30 4.110000
30 12.100000
30 3.460000
30 1.380000
30 1.860000
30 4.750000
30 2.790000
30 2.910000
30 4.480000
30 5.980000
30 3.470000
30 2.070000
30 2.150000
30 1.020000
30 1.070000
30 2.240000
30 5.480000
30 1.200000
30 2.960000
30 2.820000
30 3.540000
30 2.170000
30 1.090000
30 1.940000
30 5.480000
30 4.000000
30 3.000000
30 4.610000
30 0.900000
30 2.080000
30 0.870000
30 1.600000
30 1.490000
30 9.090000
30 2.200000
30 4.500000
30 4.770000
30 0.980000
30 1.890000
30 10.950000
30 8.610000
30 2.950000
30 7.440000
30 2.490000
30 10.870000
30 4.070000
30 5.780000
30 1.290000
30 2.320000
30 1.510000
30 2.960000
30 2.960000
30 7.800000
30 12.840000
30 6.000000
30 3.490000
30 2.680000
30 1.550000
30 2.180000
30 3.900000
30 8.650000
30 6.070000
30 1.720000
30 2.730000
30 7.880000
30 3.450000
30 1.840000
30 2.690000
30 2.280000
30 4.360000
30 4.250000
30 17.730000
30 4.650000
30 3.350000
30 0.980000
30 1.100000
30 1.120000
30 1.500000
30 3.510000
30 5.790000
30 1.560000
30 9.050000
30 0.860000
30 2.190000
30 1.310000
30 2.300000
30 3.430000
30 5.430000
30 4.400000
30 5.560000
30 2.060000
30 2.180000
30 4.450000
30 3.410000
30 3.970000
30 2.050000
30 3.410000
30 1.050000
30 2.090000
30 0.850000
30 1.690000
30 1.860000
30 2.010000
30 5.110000
30 2.430000
30 3.170000
30 3.770000
30 5.090000
30 1.290000
30 3.280000
30 3.650000
30 3.080000
30 5.000000
30 6.000000
30 2.730000
30 0.790000
30 2.760000
30 10.200000
30 1.530000
30 2.300000
30 2.230000
30 1.430000
30 2.310000
30 12.410000
30 5.310000
30 3.520000
30 0.970000
30 1.000000
30 2.320000
30 3.050000
30 2.490000
30 1.890000
30 2.350000
30 3.320000
30 2.360000
30 1.750000
30 1.850000
30 8.110000
30 0.850000
30 2.720000
30 2.050000
30 1.660000
30 2.810000
30 3.270000
30 1.780000
30 4.010000
30 1.150000
30 2.740000
30 7.800000
30 5.680000
30 1.760000
30 1.610000
30 5.100000
30 2.730000
30 1.060000
30 4.040000
30 6.910000
30 2.720000
30 3.220000
30 1.210000
30 14.170000
30 2.590000
30 3.070000
30 3.610000
30 2.790000
30 3.040000
30 8.510000
30 2.150000
30 3.810000
30 6.700000
30 2.800000
30 5.810000
30 2.920000
30 1.070000
30 3.150000
30 12.200000
30 1.220000
30 3.010000
30 1.580000
30 10.400000
30 3.760000
30 3.080000
30 2.770000
30 2.370000
30 2.320000
30 1.080000
30 2.380000
30 2.910000
30 1.860000
30 5.220000
30 5.100000
30 2.900000
30 1.380000
30 1.480000
30 4.140000
30 3.820000
30 2.650000
30 2.160000
30 1.770000
30 8.180000
30 5.050000
30 1.620000
30 1.880000
30 2.740000
30 7.330000
30 8.230000
30 5.200000
30 7.680000
30 12.750000
30 1.390000
30 4.280000
30 2.360000
30 2.600000
30 3.080000
30 3.740000
30 6.550000
30 4.380000
30 2.480000
30 3.640000
30 4.920000
30 1.380000
30 2.080000
30 3.410000
30 4.590000
30 3.730000
30 3.020000
30 1.900000
30 4.530000
30 2.840000
30 1.720000
30 1.480000
30 1.510000
30 3.360000
30 2.170000
30 4.710000
30 5.090000
30 4.230000
30 2.410000
30 1.510000
30 5.850000
30 2.810000
30 4.490000
30 3.080000
30 2.510000
30 0.900000
30 1.490000
30 1.040000
30 1.600000
30 3.600000
30 3.970000
30 2.070000
30 4.470000
30 2.620000
30 1.560000
30 1.660000
30 1.410000
30 0.940000
30 3.390000
30 1.380000
30 5.940000
30 4.520000
30 4.580000
30 3.390000
30 7.670000
30 1.420000
30 10.140000
30 6.500000
30 6.870000
30 3.200000
31 5.540000
31 2.440000
31 3.440000
31 5.060000
31 2.970000
31 12.820000
31 3.530000
31 1.920000
31 2.620000
31 1.610000
31 3.490000
31 1.890000
31 6.210000
31 3.210000
31 6.710000
31 2.890000
31 3.260000
31 5.930000
31 7.440000
31 10.960000
31 3.680000
31 8.630000
31 2.750000
31 5.060000
31 16.720000
31 3.790000
31 4.770000
31 4.000000
31 1.580000
31 1.980000
31 6.050000
31 4.560000
31 1.260000
31 5.010000
31 9.090000
31 3.720000
31 9.980000
31 2.240000
31 5.790000
31 2.850000
31 2.270000
31 3.050000
31 2.900000
31 3.920000
31 1.210000
31 3.480000
31 3.080000
31 3.040000
31 3.560000
31 1.560000
31 1.190000
31 8.140000
31 1.420000
31 3.860000
31 8.310000
31 2.710000
31 1.450000
31 4.190000
31 6.590000
31 6.110000
31 3.130000
31 9.800000
31 4.170000
31 5.250000
31 2.400000
31 3.740000
31 2.120000
31 1.360000
31 5.790000
31 3.130000
31 6.070000
31 2.610000
31 1.890000
31 3.660000
31 3.330000
31 7.410000
31 1.530000
31 4.810000
31 4.800000
31 8.400000
31 5.280000
31 4.560000
31 2.150000
31 3.620000
31 2.860000
31 8.820000
31 5.480000
31 14.170000
31 2.480000
31 3.320000
31 5.110000
31 2.640000
31 4.490000
31 3.000000
31 1.260000
31 2.780000
31 2.920000
31 8.840000
31 3.470000
31 16.460000
31 4.550000
31 3.020000
31 10.150000
31 6.450000
31 4.190000
31 2.650000
31 1.350000
31 8.100000
31 1.060000
31 5.160000
31 5.140000
31 2.460000
31 1.780000
31 1.550000
31 2.800000
31 5.960000
31 2.830000
31 2.370000
31 2.120000
31 6.890000
31 20.780000
31 2.810000
31 2.860000
31 1.550000
31 3.680000
31 2.740000
31 3.100000
31 1.140000
31 2.900000
31 1.900000
31 1.370000
31 2.190000
31 10.240000
31 4.230000
31 2.830000
31 2.250000
31 1.900000
31 5.820000
31 8.330000
31 1.360000
31 6.380000
31 0.940000
31 7.690000
31 3.080000
31 2.740000
31 2.050000
31 3.200000
31 9.860000
31 3.850000
31 4.280000
31 3.890000
31 6.470000
31 4.100000
31 2.670000
31 3.840000
31 6.710000
31 2.820000
31 2.180000
31 4.260000
31 7.260000
31 2.580000
31 6.210000
31 4.860000
31 2.990000
31 6.900000
31 6.230000
31 8.340000
31 5.860000
31 6.730000
31 1.210000
31 3.310000
31 1.700000
31 7.440000
31 3.080000
31 4.100000
31 3.640000
31 2.870000
31 0.990000
31 4.550000
31 1.950000
31 2.130000
31 2.360000
31 2.070000
31 2.830000
31 4.670000
31 1.110000
31 5.840000
31 3.710000
31 5.190000
31 3.140000
31 11.360000
31 1.650000
31 5.090000
31 5.910000
31 5.710000
31 14.870000
31 2.390000
31 2.680000
31 1.070000
31 4.180000
31 4.840000
31 2.420000
31 1.400000
31 12.750000
31 2.180000
31 1.640000
31 3.480000
31 5.350000
31 3.270000
31 5.470000
31 3.450000
31 3.520000
31 4.210000
31 8.210000
31 2.570000
31 2.540000
31 2.950000
31 6.170000
31 4.340000
31 7.170000
31 1.480000
31 6.370000
31 6.300000
31 3.070000
31 1.780000
31 1.710000
31 5.790000
31 6.260000
31 3.240000
31 3.380000
31 1.260000
31 2.950000
31 2.070000
31 4.770000
31 1.910000
31 9.310000
31 2.690000
31 3.110000
31 2.430000
31 3.930000
31 4.120000
31 4.180000
31 9.630000
31 3.130000
31 8.180000
31 2.590000
31 7.030000
31 4.810000
31 3.760000
31 5.390000
31 4.360000
31 2.440000
31 3.110000
31 2.240000
31 4.790000
31 2.700000
31 7.430000
31 1.580000
31 2.080000
31 4.000000
31 4.690000
31 4.580000
31 24.130000
31 1.170000
31 2.530000
31 1.880000
31 4.960000
31 7.360000
31 1.920000
31 3.640000
31 6.690000
31 5.040000
31 1.720000
31 2.390000
31 9.170000
31 9.700000
31 4.900000
31 3.470000
31 4.030000
31 8.690000
31 12.160000
31 1.510000
31 4.770000
31 3.000000
31 1.370000
31 2.590000
31 4.070000
31 3.850000
31 1.000000
31 1.580000
31 6.940000
31 3.860000
31 8.000000
31 2.460000
31 2.540000
31 6.730000
31 1.240000
31 1.770000
31 18.040000
31 2.350000
31 5.510000
31 10.760000
31 4.420000
31 2.490000
31 3.340000
31 3.340000
31 0.720000
31 7.000000
31 4.640000
31 4.230000
31 3.420000
31 7.010000
31 2.950000
31 7.430000
31 8.200000
31 2.170000
31 4.640000
31 3.890000
31 25.520000
31 1.530000
31 3.780000
31 1.960000
31 2.480000
31 1.260000
31 2.140000
31 4.790000
31 1.770000
31 8.460000
31 9.360000
31 1.900000
31 2.440000
31 4.810000
31 1.800000
31 2.450000
31 2.490000
31 1.360000
31 4.760000
31 2.750000
31 3.210000
31 12.680000
31 8.650000
31 3.120000
31 1.070000
31 1.580000
31 1.620000
31 2.490000
31 6.140000
31 2.950000
31 3.970000
31 11.210000
31 1.980000
31 6.300000
31 3.700000
31 2.040000
31 5.450000
31 6.330000
31 1.940000
31 2.440000
31 2.720000
31 1.940000
31 10.470000
31 1.380000
31 2.000000
31 5.790000
31 5.010000
31 8.350000
31 1.840000
31 7.440000
31 6.200000
31 9.030000
31 3.390000
31 4.900000
31 2.500000
31 1.950000
31 4.450000
31 4.380000
31 9.940000
31 4.540000
31 5.950000
31 7.860000
31 2.910000
31 5.220000
31 1.350000
31 2.390000
31 20.590000
31 21.930000
32 2.740000
32 5.520000
32 3.440000
32 1.470000
32 1.680000
32 3.590000
32 2.890000
32 1.750000
32 4.800000
32 5.320000
32 1.900000
32 4.810000
32 5.860000
32 3.880000
32 3.420000
32 3.080000
32 9.620000
32 3.380000
32 1.860000
32 4.450000
32 14.570000
32 5.250000
32 4.720000
32 3.560000
32 3.260000
32 5.600000
32 9.110000
32 3.840000
32 2.340000
32 5.420000
32 6.730000
32 3.390000
32 2.770000
32 9.080000
32 1.920000
32 5.540000
32 2.720000
32 1.600000
32 6.400000
32 3.690000
32 8.190000
32 7.220000
32 1.940000
32 2.850000
32 2.770000
32 3.470000
32 11.500000
32 5.320000
32 11.360000
32 5.090000
32 3.070000
32 1.790000
32 31.230000
32 4.510000
32 2.910000
32 7.810000
32 1.170000
32 4.350000
32 3.420000
32 9.950000
32 4.190000
32 7.760000
32 5.110000
32 5.330000
32 4.750000
32 3.240000
32 2.820000
32 7.500000
32 17.780000
32 6.120000
32 21.250000
32 6.630000
32 9.190000
32 8.850000
32 2.240000
32 4.050000
32 7.360000
32 8.270000
32 2.050000
32 7.080000
32 9.700000
32 6.410000
32 2.930000
32 21.410000
32 7.810000
32 6.680000
32 9.510000
32 9.570000
32 4.910000
32 16.460000
32 3.180000
32 2.010000
32 14.480000
32 2.180000
32 8.620000
32 3.080000
32 5.320000
32 7.040000
32 1.480000
32 3.440000
32 13.540000
32 13.350000
32 1.710000
32 4.980000
32 4.440000
32 5.060000
32 1.800000
32 5.830000
32 2.960000
32 6.710000
32 4.620000
32 20.530000
32 13.240000
32 5.380000
32 2.320000
32 2.810000
32 3.140000
32 5.260000
32 5.590000
32 5.200000
32 6.480000
32 2.950000
32 1.680000
32 3.250000
32 3.270000
32 1.530000
32 24.460000
32 2.640000
32 3.550000
32 0.760000
32 12.200000
32 1.130000
32 9.480000
32 1.390000
32 3.180000
32 7.430000
32 4.810000
32 6.150000
32 10.080000
32 6.660000
32 2.730000
32 2.360000
32 7.000000
32 19.680000
32 9.550000
32 8.360000
32 2.190000
32 9.660000
32 10.060000
32 5.810000
32 3.640000
32 4.740000
32 5.730000
32 4.170000
32 11.040000
32 0.940000
32 3.630000
32 1.590000
32 3.020000
32 1.510000
32 4.190000
32 2.360000
32 11.130000
32 1.880000
32 4.880000
32 4.250000
32 9.580000
32 10.970000
32 8.600000
32 4.840000
32 9.930000
32 3.180000
32 13.840000
32 1.140000
32 4.720000
32 10.160000
32 14.540000
32 15.640000
32 4.260000
32 2.930000
32 4.410000
32 2.470000
32 13.070000
32 3.700000
32 8.770000
32 12.790000
32 3.430000
32 6.840000
32 2.130000
32 3.200000
32 3.010000
32 1.820000
32 10.640000
32 7.470000
32 3.080000
32 2.900000
32 11.480000
32 4.470000
32 2.580000
32 2.530000
32 3.050000
32 20.150000
32 1.320000
32 6.220000
32 5.690000
32 4.620000
32 8.030000
32 6.070000
32 8.290000
32 7.380000
32 2.280000
32 3.540000
32 3.910000
32 2.240000
32 1.460000
32 3.910000
32 3.820000
32 1.980000
32 1.850000
32 2.980000
32 8.540000
32 4.830000
32 5.140000
32 5.570000
32 1.460000
32 8.500000
32 5.800000
32 4.810000
32 3.240000
32 5.050000
32 2.870000
32 3.730000
32 2.950000
32 4.400000
32 2.770000
32 7.280000
32 4.660000
32 22.960000
32 6.560000
32 8.960000
32 3.560000
32 4.100000
32 1.190000
32 20.050000
32 17.750000
32 10.610000
32 3.710000
32 5.770000
32 12.080000
32 3.940000
32 4.490000
32 17.740000
32 13.520000
32 13.590000
32 6.140000
32 8.820000
32 2.860000
32 1.850000
32 3.270000
32 7.190000
32 11.410000
32 3.940000
32 3.320000
32 4.610000
32 7.010000
32 2.290000
32 1.610000
32 8.890000
32 4.520000
32 5.220000
32 2.880000
32 1.460000
32 3.790000
32 4.380000
32 3.970000
32 6.320000
32 7.050000
32 4.100000
32 1.460000
32 2.810000
32 6.940000
32 13.820000
32 3.990000
32 10.020000
32 7.260000
32 1.950000
32 4.590000
32 2.670000
32 6.350000
32 3.580000
32 8.370000
32 27.740000
32 12.970000
32 3.640000
32 2.130000
32 3.570000
32 8.740000
32 2.620000
32 6.450000
32 1.890000
32 1.540000
32 3.630000
32 1.180000
32 4.460000
32 6.720000
32 2.300000
32 2.570000
32 1.610000
32 1.670000
32 10.450000
32 3.530000
32 1.730000
32 6.960000
32 5.430000
32 3.590000
32 3.470000
32 4.690000
32 7.800000
32 2.640000
32 8.810000
32 1.170000
32 11.510000
32 4.100000
32 3.830000
32 13.410000
32 3.070000
32 2.710000
32 7.340000
32 1.620000
32 2.050000
32 3.570000
32 5.480000
32 2.580000
32 1.450000
32 8.380000
32 3.820000
32 7.170000
32 3.650000
32 3.590000
32 16.240000
32 9.740000
32 8.690000
32 7.400000
32 3.930000
32 9.980000
32 6.960000
32 3.370000
32 1.980000
32 2.690000
32 18.200000
32 6.110000
32 5.330000
32 4.630000
32 5.480000
32 9.610000
32 3.990000
32 8.320000
32 3.530000
32 1.250000
32 3.830000
32 1.370000
32 14.240000
32 4.150000
32 6.650000
32 8.400000
32 7.470000
32 1.890000
32 7.610000
32 5.890000
32 10.450000
32 5.350000
32 6.720000
32 1.950000
32 2.330000
32 4.890000
32 7.070000
32 0.780000
32 3.520000
32 9.210000
32 4.570000
32 1.660000
32 7.240000
32 3.770000
32 3.230000
32 2.970000
32 2.810000
32 3.540000
32 8.200000
32 3.820000
32 3.170000
32 1.470000
32 12.100000
32 10.890000
32 1.410000
32 1.390000
32 5.740000
32 4.330000
32 3.440000
32 4.500000
32 6.290000
32 4.280000
32 4.690000
32 6.940000
32 4.810000
32 3.340000
32 4.190000
32 5.380000
32 17.160000
32 8.730000
32 7.950000
32 3.440000
32 4.020000
32 1.400000
32 4.660000
32 17.590000
32 9.560000
32 18.800000
32 2.980000
32 11.370000
32 5.080000
32 4.180000
32 4.650000
32 6.870000
33 6.510000
33 6.400000
33 6.950000
33 1.770000
33 9.700000
33 3.240000
33 14.940000
33 7.840000
33 2.100000
33 5.000000
33 1.430000
33 3.850000
33 24.320000
33 3.750000
33 2.860000
33 5.750000
33 15.690000
33 7.890000
33 2.440000
33 5.410000
33 10.890000
33 6.750000
33 17.190000
33 7.050000
33 10.270000
33 9.640000
33 1.650000
33 1.550000
33 3.170000
33 12.000000
33 2.950000
33 1.380000
33 5.170000
33 9.010000
33 23.110000
33 5.430000
33 6.220000
33 6.330000
33 1.790000
33 6.720000
33 0.890000
33 3.220000
33 4.090000
33 6.300000
33 2.540000
33 2.150000
33 4.990000
33 32.740000
33 20.610000
33 5.800000
33 2.300000
33 8.980000
33 4.790000
33 3.640000
33 3.070000
33 3.560000
33 6.090000
33 3.010000
33 2.840000
33 2.920000
33 5.120000
33 4.680000
33 11.160000
33 1.240000
33 7.320000
33 13.530000
33 14.210000
33 2.700000
33 2.570000
33 7.910000
33 4.570000
33 6.830000
33 5.820000
33 3.070000
33 10.180000
33 9.180000
33 6.210000
33 7.990000
33 8.010000
33 3.140000
33 6.010000
33 6.970000
33 3.580000
33 7.890000
33 11.020000
33 21.180000
33 13.480000
33 1.960000
33 7.650000
33 10.180000
33 2.260000
33 1.750000
33 3.300000
33 8.620000
33 14.270000
33 5.050000
33 15.570000
33 2.260000
33 11.620000
33 11.740000
33 5.100000
33 1.070000
33 5.390000
33 11.600000
33 4.810000
33 4.290000
33 5.810000
33 4.530000
33 6.660000
33 3.880000
33 1.450000
33 6.920000
33 4.820000
33 2.790000
33 15.960000
33 1.220000
33 3.500000
33 7.130000
33 50.110000
33 5.080000
33 6.990000
33 13.000000
33 18.110000
33 1.750000
33 1.200000
33 19.870000
33 4.290000
33 5.660000
33 4.660000
33 2.560000
33 9.520000
33 2.440000
33 1.500000
33 9.600000
33 12.670000
33 21.670000
33 1.640000
33 8.170000
33 21.740000
33 6.470000
33 45.730000
33 26.590000
33 4.490000
33 10.240000
33 18.960000
33 6.410000
33 1.490000
33 23.890000
33 27.360000
33 11.790000
33 4.610000
33 4.130000
33 3.410000
33 8.640000
33 2.460000
33 4.690000
33 21.000000
33 1.470000
33 2.130000
33 8.180000
33 3.500000
33 12.090000
33 1.970000
33 3.590000
33 8.190000
33 4.230000
33 3.540000
33 4.320000
33 1.620000
33 2.350000
33 9.870000
33 4.190000
33 9.750000
33 3.870000
33 4.460000
33 3.740000
33 8.260000
33 2.400000
33 4.110000
33 12.960000
33 6.530000
33 3.390000
33 7.350000
33 3.700000
33 10.960000
33 6.210000
33 5.940000
33 8.690000
33 5.220000
33 3.340000
33 8.650000
33 5.000000
33 25.700000
33 8.240000
33 9.550000
33 1.480000
33 7.240000
33 1.830000
33 11.890000
33 2.480000
33 8.770000
33 5.170000
33 2.150000
33 4.240000
33 1.850000
33 2.770000
33 6.350000
33 3.680000
33 14.000000
33 11.700000
33 6.930000
33 4.300000
33 13.180000
33 5.550000
33 3.600000
33 2.650000
33 14.370000
33 3.500000
33 1.880000
33 4.700000
33 5.020000
33 2.880000
33 9.440000
33 3.050000
33 9.460000
33 5.340000
33 7.180000
33 4.410000
33 7.430000
33 26.130000
33 1.850000
33 6.250000
33 3.560000
33 6.540000
33 1.360000
33 6.040000
33 6.950000
33 3.240000
33 2.320000
33 10.440000
33 14.570000
33 5.700000
33 5.570000
33 5.910000
33 7.320000
33 7.640000
33 23.820000
33 2.330000
33 12.880000
33 10.670000
33 24.340000
33 10.610000
33 2.730000
33 5.780000
33 8.260000
33 10.920000
33 7.790000
33 3.690000
33 7.210000
33 4.410000
33 12.850000
33 6.850000
33 6.300000
33 7.380000
33 12.350000
33 3.680000
33 0.810000
33 7.810000
33 30.960000
33 3.650000
33 1.290000
33 5.590000
33 22.840000
33 4.360000
33 7.070000
33 8.180000
33 3.840000
33 8.380000
33 0.890000
33 1.860000
33 4.260000
33 2.610000
33 5.740000
33 4.990000
33 16.830000
33 8.470000
33 4.750000
33 9.090000
33 12.750000
33 3.670000
33 3.270000
33 18.070000
33 4.120000
33 6.420000
33 9.940000
33 3.790000
33 7.410000
33 10.470000
33 7.730000
33 1.850000
33 9.460000
33 6.480000
33 11.480000
33 9.380000
33 4.600000
33 10.220000
33 1.120000
33 3.680000
33 2.310000
33 8.670000
33 2.260000
33 7.460000
33 5.090000
33 2.570000
33 1.040000
33 4.880000
33 2.820000
33 4.120000
33 7.600000
33 7.060000
33 2.590000
33 5.570000
33 10.450000
33 3.960000
33 4.880000
33 13.260000
33 8.580000
33 5.030000
33 11.940000
33 5.630000
33 15.210000
33 7.180000
33 12.150000
33 10.930000
33 1.440000
33 3.670000
33 7.170000
33 4.730000
33 52.320000
33 4.420000
33 4.340000
33 5.910000
33 53.710000
33 8.970000
33 10.440000
33 3.520000
33 5.770000
33 8.210000
33 3.400000
33 4.020000
33 4.080000
33 5.280000
33 3.670000
33 2.710000
33 2.810000
33 2.170000
33 2.350000
33 4.760000
33 4.830000
33 11.940000
33 2.190000
33 4.790000
33 2.050000
33 5.590000
33 3.260000
33 3.780000
33 2.630000
33 12.810000
33 1.810000
33 3.810000
33 3.050000
33 6.350000
33 3.160000
33 2.440000
33 6.770000
33 3.950000
33 4.940000
33 3.540000
33 4.540000
33 2.730000
33 2.260000
33 5.940000
33 5.360000
33 18.670000
33 13.190000
33 2.150000
33 4.510000
33 4.170000
33 3.080000
33 9.810000
33 12.420000
33 2.810000
33 6.090000
33 15.080000
33 3.980000
33 4.860000
33 5.870000
33 11.140000
33 2.460000
33 11.250000
33 45.290000
33 5.550000
33 0.890000
33 13.370000
33 7.800000
33 13.700000
33 3.990000
33 22.110000
33 2.580000
33 25.060000
33 15.430000
33 1.510000
33 2.510000
33 9.520000
33 12.290000
33 5.920000
33 15.590000
33 1.440000
33 10.230000
33 4.810000
33 6.190000
33 6.070000
33 4.090000
33 2.620000
33 12.090000
33 4.090000
33 4.160000
33 17.010000
33 1.610000
33 6.510000
33 6.380000
33 10.750000
33 2.330000
33 2.260000
33 3.560000
33 6.680000
33 4.480000
33 3.880000
33 9.540000
33 2.960000
33 2.420000
33 7.190000
33 6.300000
33 7.270000
33 3.330000
33 9.000000
33 6.480000
33 9.310000
33 2.550000
33 8.490000
33 16.800000
33 3.030000
33 1.970000
33 8.550000
33 5.780000
33 1.950000
33 3.060000
33 10.750000
33 11.710000
33 52.830000
33 17.520000
33 2.630000
33 1.180000
33 3.290000
33 1.350000
33 9.080000
33 10.630000
33 0.940000
33 2.130000
33 3.650000
33 3.690000
33 4.360000
33 16.110000
33 8.350000
33 2.380000
33 9.170000
33 13.280000
33 5.720000
33 3.260000
33 11.080000
33 11.370000
33 19.670000
33 5.600000
33 9.580000
33 2.040000
33 1.830000
33 4.310000
33 9.140000
33 5.670000
33 3.150000
33 2.870000
33 6.420000
33 7.080000
33 3.530000
33 3.510000
33 13.180000
33 4.420000
33 9.480000
33 4.770000
33 0.920000
33 90.560000
33 9.550000
33 23.230000
33 5.210000
33 11.590000
33 1.050000
33 20.100000
33 1.560000
33 10.370000
33 11.720000
33 3.500000
33 10.110000
33 2.650000
33 11.230000
33 3.990000
33 11.240000
33 7.430000
33 9.510000
33 5.430000
33 1.620000
33 2.310000
33 6.650000
33 4.810000
33 9.640000
33 6.540000
33 1.450000
33 1.130000
33 1.350000
33 10.900000
