#n running-time
30 0.080000
30 0.150000
30 0.160000
31 0.640000
31 0.090000
31 0.490000
31 0.750000
31 0.230000
31 0.080000
31 0.330000
31 0.110000
31 0.130000
31 0.290000
31 0.420000
31 6.620000
31 0.370000
31 0.190000
31 0.150000
31 0.310000
32 0.550000
32 0.360000
32 0.400000
32 0.430000
32 0.230000
32 0.410000
32 0.200000
32 0.380000
32 0.180000
32 0.480000
32 0.200000
32 0.610000
32 0.600000
32 1.300000
32 0.260000
32 1.580000
32 1.020000
32 0.220000
32 0.150000
32 0.130000
32 0.140000
32 0.130000
32 0.290000
32 0.180000
32 0.240000
32 0.450000
32 0.150000
32 0.260000
32 0.520000
32 0.530000
32 0.660000
32 0.320000
32 0.200000
32 0.350000
32 0.180000
32 0.190000
32 0.670000
32 0.280000
32 0.200000
32 0.180000
32 0.170000
32 0.200000
32 0.160000
32 1.090000
32 0.090000
32 0.210000
32 0.150000
32 0.210000
32 0.150000
32 0.250000
32 0.260000
32 0.130000
32 0.940000
32 0.170000
32 0.150000
32 0.370000
32 1.750000
32 0.200000
33 0.210000
33 4.670000
33 0.500000
33 2.210000
33 0.120000
33 0.500000
33 0.640000
33 0.190000
33 2.050000
33 0.110000
33 0.680000
33 0.220000
33 0.260000
33 0.480000
33 0.110000
33 0.380000
33 0.120000
33 0.940000
33 0.580000
33 0.110000
33 0.490000
33 0.390000
33 0.340000
33 0.410000
33 0.130000
33 0.380000
33 1.300000
33 0.530000
33 0.280000
33 0.340000
33 0.150000
33 0.190000
33 0.590000
33 0.370000
33 0.620000
33 0.440000
33 7.700000
33 0.340000
33 0.320000
33 0.120000
33 0.090000
33 0.110000
33 0.650000
33 0.170000
33 0.440000
33 0.270000
33 0.090000
33 0.760000
33 0.090000
33 0.710000
33 0.260000
33 1.170000
33 0.640000
33 1.760000
33 0.910000
33 0.180000
33 0.430000
33 0.430000
33 0.370000
33 0.550000
33 0.220000
33 0.330000
33 0.270000
33 0.220000
33 0.170000
33 0.430000
33 1.380000
33 0.490000
33 0.420000
33 0.180000
33 0.490000
33 0.360000
33 0.180000
33 0.380000
33 0.770000
33 1.130000
33 0.600000
33 0.710000
33 0.330000
33 0.600000
33 0.180000
33 0.130000
33 3.170000
33 0.260000
33 2.510000
33 2.290000
33 0.340000
33 1.040000
33 0.130000
33 2.870000
33 1.760000
33 0.480000
33 0.120000
33 0.160000
33 1.090000
33 0.130000
33 1.400000
33 0.290000
33 0.240000
33 0.170000
33 1.010000
33 0.520000
33 0.400000
33 0.190000
33 1.130000
33 0.250000
33 0.410000
33 0.190000
33 0.180000
33 0.890000
33 0.170000
33 2.290000
33 0.600000
33 0.430000
33 1.470000
33 0.150000
33 0.360000
33 0.110000
33 0.350000
33 0.100000
33 0.640000
33 0.790000
33 1.190000
33 0.110000
33 0.400000
33 0.090000
33 0.360000
34 0.530000
34 0.190000
34 0.240000
34 0.310000
34 0.280000
34 0.160000
34 0.500000
34 0.240000
34 0.960000
34 3.660000
34 0.250000
34 0.420000
34 3.210000
34 0.130000
34 0.220000
34 1.380000
34 0.200000
34 0.580000
34 0.100000
34 1.250000
34 0.100000
34 1.530000
34 0.150000
34 0.170000
34 0.110000
34 0.180000
34 1.890000
34 1.020000
34 1.210000
34 0.220000
34 0.240000
34 0.240000
34 0.110000
34 0.140000
34 0.650000
34 3.580000
34 0.880000
34 0.110000
34 0.140000
34 2.720000
34 1.020000
34 1.440000
34 0.090000
34 1.150000
34 0.330000
34 0.320000
34 0.130000
34 0.330000
34 4.390000
34 0.720000
34 0.440000
34 0.160000
34 0.420000
34 1.140000
34 1.760000
34 0.530000
34 0.130000
34 0.160000
34 1.140000
34 0.140000
34 0.790000
34 0.230000
34 0.130000
34 0.630000
34 0.670000
34 0.420000
34 1.900000
34 0.100000
34 0.940000
34 0.300000
34 0.710000
34 0.090000
34 0.930000
34 0.160000
34 0.230000
34 0.650000
34 0.090000
34 0.370000
34 0.300000
34 0.210000
34 0.280000
34 1.060000
34 0.330000
34 0.310000
34 0.350000
34 1.890000
34 0.190000
34 0.090000
34 0.440000
34 0.300000
34 0.590000
34 0.400000
34 0.340000
34 2.650000
34 0.320000
34 6.000000
34 1.060000
34 0.920000
34 0.310000
34 0.120000
34 0.290000
34 0.230000
34 2.540000
34 0.320000
34 0.440000
34 0.220000
34 0.200000
34 0.210000
34 1.280000
34 0.660000
34 1.250000
34 0.560000
34 1.490000
34 3.250000
34 2.360000
34 0.360000
34 0.210000
34 0.110000
34 0.140000
34 0.870000
34 0.620000
34 0.410000
34 1.690000
34 1.140000
34 0.430000
34 0.130000
34 1.450000
34 1.080000
34 0.690000
34 0.230000
34 0.130000
34 1.980000
34 1.910000
34 0.410000
34 3.110000
34 0.530000
34 0.390000
34 0.210000
34 0.110000
34 0.430000
34 0.100000
34 0.390000
34 0.190000
34 0.240000
34 0.810000
34 0.330000
34 0.670000
34 0.240000
34 1.040000
34 0.770000
34 0.710000
34 10.160000
34 0.650000
34 1.120000
34 0.130000
34 0.840000
34 0.140000
34 1.790000
34 2.840000
34 0.320000
34 1.840000
34 0.590000
34 0.580000
34 0.330000
34 0.430000
34 0.590000
34 0.810000
34 0.110000
34 0.160000
34 0.300000
34 0.550000
34 0.160000
34 0.690000
34 0.100000
34 0.850000
34 0.150000
34 0.140000
34 0.190000
34 0.350000
34 0.560000
34 0.380000
34 0.270000
34 1.770000
34 5.630000
34 0.750000
34 0.700000
34 1.120000
34 0.120000
34 0.200000
34 0.220000
34 0.260000
34 0.700000
34 0.250000
34 0.450000
34 0.290000
34 0.150000
34 0.110000
34 0.370000
34 0.620000
34 1.010000
34 0.220000
34 0.190000
34 0.270000
34 0.650000
34 0.330000
34 0.210000
35 1.600000
35 0.370000
35 0.620000
35 0.270000
35 0.790000
35 0.590000
35 0.570000
35 0.290000
35 0.270000
35 0.840000
35 0.280000
35 1.680000
35 0.610000
35 0.140000
35 0.090000
35 3.180000
35 0.100000
35 0.820000
35 3.180000
35 0.110000
35 1.160000
35 0.290000
35 0.450000
35 0.210000
35 3.990000
35 6.070000
35 0.810000
35 0.200000
35 0.540000
35 0.370000
35 2.640000
35 0.250000
35 0.430000
35 0.610000
35 0.510000
35 1.040000
35 0.600000
35 0.500000
35 0.080000
35 2.530000
35 0.480000
35 0.230000
35 0.170000
35 0.210000
35 1.570000
35 0.860000
35 0.760000
35 0.320000
35 0.290000
35 8.250000
35 0.340000
35 0.310000
35 0.430000
35 0.780000
35 0.620000
35 0.610000
35 2.260000
35 1.200000
35 1.840000
35 0.840000
35 0.430000
35 0.600000
35 2.790000
35 1.480000
35 0.120000
35 0.630000
35 0.670000
35 1.510000
35 0.370000
35 0.670000
35 0.300000
35 0.720000
35 0.460000
35 0.760000
35 0.270000
35 0.470000
35 0.160000
35 0.280000
35 0.770000
35 0.230000
35 0.620000
35 0.520000
35 0.300000
35 0.850000
35 1.440000
35 1.530000
35 2.890000
35 0.400000
35 0.170000
35 0.940000
35 0.700000
35 0.290000
35 0.160000
35 2.740000
35 1.370000
35 2.240000
35 0.250000
35 0.450000
35 0.260000
35 0.100000
35 1.350000
35 0.240000
35 0.100000
35 0.580000
35 0.320000
35 0.330000
35 2.290000
35 0.240000
35 0.750000
35 0.190000
35 1.000000
35 0.320000
35 0.220000
35 0.540000
35 0.330000
35 0.290000
35 0.160000
35 0.400000
35 0.720000
35 0.190000
35 0.460000
35 0.140000
35 0.220000
35 0.340000
35 1.290000
35 0.160000
35 1.280000
35 0.350000
35 2.130000
35 0.430000
35 0.460000
35 0.260000
35 0.230000
35 0.160000
35 0.490000
35 5.040000
35 0.260000
35 2.130000
35 0.530000
35 0.250000
35 0.680000
35 0.740000
35 0.450000
35 0.810000
35 0.100000
35 0.140000
35 0.770000
35 0.570000
35 0.100000
35 0.860000
35 0.200000
35 0.330000
35 1.610000
35 0.450000
35 0.680000
35 2.400000
35 0.980000
35 0.400000
35 0.140000
35 0.080000
35 0.700000
35 0.220000
35 0.450000
35 0.220000
35 0.130000
35 0.120000
35 1.700000
35 0.440000
35 0.180000
35 0.440000
35 1.930000
35 0.080000
35 0.380000
35 1.040000
35 0.360000
35 0.130000
35 0.490000
35 0.360000
35 0.450000
35 0.700000
35 6.550000
35 0.620000
35 0.100000
35 0.540000
35 3.530000
35 0.250000
35 3.390000
35 0.110000
35 1.150000
35 3.330000
35 0.140000
35 0.990000
35 0.770000
35 0.410000
35 0.590000
35 0.290000
35 2.840000
35 0.290000
35 1.140000
35 0.930000
35 2.080000
35 0.200000
35 0.620000
35 0.260000
35 0.920000
35 0.620000
35 0.320000
35 2.900000
35 0.660000
35 0.110000
35 0.190000
35 0.320000
35 0.330000
35 1.490000
35 0.480000
35 0.970000
35 0.620000
35 0.240000
35 0.570000
35 0.830000
35 0.370000
35 0.520000
35 2.280000
35 0.300000
35 0.170000
35 0.130000
35 0.090000
35 0.290000
35 0.430000
35 0.840000
35 1.190000
35 0.210000
35 0.450000
35 0.620000
35 1.060000
35 1.450000
35 0.460000
35 0.360000
35 0.490000
35 0.400000
35 2.180000
35 1.070000
35 0.620000
35 2.280000
35 1.260000
35 0.710000
35 0.190000
35 0.440000
35 0.250000
35 1.230000
35 0.600000
35 0.350000
35 1.480000
35 0.430000
35 0.270000
35 0.240000
35 0.460000
35 0.240000
35 0.470000
35 0.590000
35 0.390000
35 0.780000
35 0.200000
35 2.810000
35 11.170000
35 0.650000
35 2.600000
35 0.360000
35 0.140000
35 1.100000
35 4.220000
35 0.950000
35 0.270000
35 0.470000
35 0.400000
35 1.450000
35 3.010000
35 1.870000
35 0.410000
35 0.380000
35 1.410000
35 0.460000
35 1.090000
35 0.390000
35 0.530000
35 0.750000
35 0.240000
35 0.680000
35 1.150000
35 0.230000
35 0.220000
35 1.120000
35 0.580000
35 1.750000
35 0.620000
35 0.810000
35 0.330000
35 0.110000
35 0.500000
35 0.790000
35 0.410000
35 2.700000
35 0.300000
35 0.100000
35 0.490000
35 1.080000
35 0.300000
35 0.230000
35 3.380000
35 0.240000
35 0.220000
35 0.580000
35 0.260000
35 0.830000
35 0.430000
35 0.310000
35 0.260000
35 2.320000
35 0.410000
35 0.160000
35 0.190000
35 0.240000
35 0.310000
35 3.470000
35 0.230000
35 0.790000
35 0.100000
35 0.180000
35 4.690000
35 0.420000
35 0.540000
35 0.230000
35 0.350000
35 1.250000
35 2.030000
35 0.440000
35 0.110000
35 0.270000
35 0.510000
35 0.320000
35 1.230000
35 0.780000
35 0.250000
35 3.840000
36 0.330000
36 0.920000
36 0.990000
36 1.430000
36 0.400000
36 0.170000
36 0.250000
36 1.370000
36 1.750000
36 1.100000
36 0.380000
36 0.620000
36 0.180000
36 0.280000
36 2.790000
36 4.020000
36 0.440000
36 0.170000
36 0.660000
36 0.100000
36 0.580000
36 0.990000
36 0.230000
36 1.050000
36 1.280000
36 0.210000
36 0.420000
36 4.130000
36 0.770000
36 1.010000
36 0.520000
36 1.990000
36 4.350000
36 0.160000
36 2.090000
36 0.240000
36 0.550000
36 0.370000
36 0.190000
36 0.300000
36 0.410000
36 1.220000
36 1.020000
36 0.650000
36 0.100000
36 0.150000
36 0.430000
36 1.720000
36 2.010000
36 0.540000
36 0.330000
36 0.300000
36 3.240000
36 0.450000
36 0.310000
36 2.040000
36 0.120000
36 0.430000
36 0.820000
36 2.190000
36 0.520000
36 1.980000
36 2.120000
36 0.350000
36 2.910000
36 1.000000
36 0.100000
36 0.680000
36 0.110000
36 0.390000
36 1.620000
36 0.380000
36 0.390000
36 0.870000
36 8.490000
36 0.400000
36 0.220000
36 0.680000
36 0.460000
36 1.970000
36 0.110000
36 0.220000
36 0.100000
36 0.260000
36 1.090000
36 1.570000
36 0.690000
36 0.410000
36 0.290000
36 1.200000
36 1.170000
36 0.760000
36 0.120000
36 0.650000
36 0.240000
36 0.720000
36 3.770000
36 0.630000
36 1.120000
36 1.020000
36 0.160000
36 0.910000
36 2.560000
36 1.470000
36 2.230000
36 0.190000
36 1.050000
36 0.150000
36 1.010000
36 1.010000
36 0.420000
36 0.210000
36 0.530000
36 1.950000
36 1.230000
36 1.460000
36 0.160000
36 0.730000
36 4.970000
36 1.130000
36 1.330000
36 0.480000
36 0.210000
36 0.250000
36 3.240000
36 0.240000
36 1.370000
36 0.330000
36 2.170000
36 3.740000
36 1.610000
36 0.880000
36 3.830000
36 0.390000
36 1.110000
36 0.200000
36 0.360000
36 0.460000
36 1.030000
36 0.240000
36 1.080000
36 0.230000
36 0.150000
36 0.230000
36 7.620000
36 0.410000
36 0.270000
36 1.390000
36 0.440000
36 2.270000
36 1.860000
36 0.090000
36 0.520000
36 8.480000
36 1.850000
36 0.140000
36 0.150000
36 0.710000
36 2.270000
36 2.010000
36 1.150000
36 3.260000
36 0.480000
36 0.460000
36 0.710000
36 8.570000
36 0.450000
36 0.770000
36 0.270000
36 0.500000
36 1.450000
36 0.710000
36 0.480000
36 0.200000
36 0.190000
36 0.280000
36 0.430000
36 0.400000
36 0.300000
36 0.950000
36 0.420000
36 1.480000
36 0.510000
36 0.250000
36 0.150000
36 0.660000
36 0.190000
36 0.190000
36 0.510000
36 0.590000
36 1.850000
36 0.320000
36 1.080000
36 0.630000
36 0.520000
36 0.270000
36 1.650000
36 0.590000
36 0.340000
36 3.460000
36 1.420000
36 2.040000
36 0.220000
36 0.700000
36 0.150000
36 0.370000
36 3.220000
36 0.470000
36 0.090000
36 0.150000
36 0.200000
36 1.380000
36 0.470000
36 0.190000
36 1.310000
36 0.650000
36 0.210000
36 1.320000
36 0.940000
36 1.920000
36 1.270000
36 0.400000
36 0.170000
36 0.170000
36 0.710000
36 0.460000
36 2.710000
36 0.140000
36 0.800000
36 0.920000
36 0.450000
36 0.330000
36 0.720000
36 0.360000
36 0.780000
36 0.780000
36 0.260000
36 1.380000
36 0.530000
36 0.540000
36 0.870000
36 0.820000
36 0.430000
36 1.450000
36 0.240000
36 0.130000
36 3.090000
36 0.610000
36 0.490000
36 1.480000
36 0.480000
36 0.870000
36 0.310000
36 0.510000
36 0.640000
36 0.420000
36 0.410000
36 0.490000
36 0.890000
36 0.640000
36 1.620000
36 0.180000
36 0.280000
36 0.720000
36 0.480000
36 1.250000
36 0.540000
36 0.210000
36 1.090000
36 6.020000
36 1.060000
36 0.800000
36 0.860000
36 2.490000
36 0.300000
36 0.890000
36 0.720000
36 1.590000
36 1.190000
36 0.600000
36 0.350000
36 1.070000
36 1.210000
36 0.570000
36 0.230000
36 0.250000
36 0.290000
36 2.690000
36 0.360000
36 0.320000
36 0.200000
36 0.560000
36 1.430000
36 0.350000
36 0.310000
36 1.500000
36 0.370000
36 0.550000
36 0.240000
36 0.400000
36 0.830000
36 0.260000
36 1.010000
36 1.790000
36 1.040000
36 1.240000
36 0.660000
36 1.300000
36 0.280000
36 1.330000
36 0.990000
36 2.140000
36 6.990000
36 0.850000
36 0.220000
36 0.260000
36 0.900000
36 0.150000
36 0.960000
36 1.110000
36 0.360000
36 1.070000
36 0.200000
36 0.170000
36 0.910000
36 0.370000
36 0.300000
36 0.090000
36 2.190000
36 0.370000
36 1.390000
36 0.930000
36 0.250000
36 0.690000
36 0.480000
36 0.130000
36 1.230000
36 1.220000
36 1.660000
36 0.140000
36 0.680000
36 0.110000
36 0.760000
36 0.380000
36 0.730000
36 0.290000
36 0.270000
36 0.830000
36 1.140000
36 0.150000
36 0.110000
36 1.460000
36 3.010000
36 1.960000
36 3.060000
36 0.830000
36 0.730000
36 18.170000
36 0.310000
36 0.290000
36 0.450000
36 2.320000
36 0.540000
36 0.600000
36 0.390000
36 0.810000
36 0.880000
36 0.680000
36 0.470000
36 0.580000
36 0.190000
36 0.320000
36 1.900000
36 0.270000
36 1.180000
36 0.130000
36 0.150000
36 5.740000
36 0.640000
36 1.480000
36 0.520000
36 1.630000
36 0.350000
36 0.170000
36 0.420000
36 0.780000
36 0.950000
36 0.470000
36 0.490000
36 3.840000
36 0.350000
36 1.540000
36 0.240000
36 0.240000
36 0.490000
36 0.130000
36 0.740000
36 0.350000
36 0.920000
36 0.350000
36 1.260000
36 1.980000
36 0.960000
36 0.140000
36 3.590000
36 0.530000
36 3.030000
36 1.820000
36 0.730000
36 2.500000
36 0.660000
36 0.790000
36 0.460000
36 0.230000
36 0.410000
36 2.560000
36 0.630000
36 0.110000
36 4.580000
37 0.860000
37 0.550000
37 5.510000
37 0.450000
37 0.630000
37 0.580000
37 0.350000
37 0.100000
37 0.880000
37 2.040000
37 0.990000
37 1.020000
37 1.810000
37 0.550000
37 0.760000
37 0.240000
37 0.760000
37 0.940000
37 1.060000
37 0.370000
37 1.060000
37 0.670000
37 1.260000
37 0.260000
37 1.790000
37 0.780000
37 2.690000
37 2.530000
37 2.000000
37 0.300000
37 1.300000
37 1.090000
37 3.380000
37 6.110000
37 0.590000
37 2.940000
37 0.430000
37 1.110000
37 0.740000
37 1.640000
37 1.500000
37 0.430000
37 0.400000
37 2.750000
37 0.390000
37 1.310000
37 1.050000
37 0.310000
37 2.000000
37 4.170000
37 0.820000
37 0.910000
37 2.670000
37 0.580000
37 0.100000
37 1.090000
37 0.640000
37 13.900000
37 0.270000
37 0.280000
37 1.130000
37 1.150000
37 0.520000
37 0.240000
37 0.200000
37 3.280000
37 2.270000
37 6.810000
37 2.680000
37 0.970000
37 0.260000
37 0.530000
37 9.360000
37 0.300000
37 2.020000
37 0.380000
37 0.410000
37 2.610000
37 0.740000
37 2.540000
37 7.050000
37 0.140000
37 0.490000
37 1.090000
37 0.310000
37 0.220000
37 0.910000
37 0.310000
37 0.430000
37 1.450000
37 0.560000
37 3.490000
37 1.280000
37 4.570000
37 0.270000
37 0.130000
37 0.150000
37 0.310000
37 1.530000
37 1.770000
37 1.150000
37 0.590000
37 7.410000
37 1.130000
37 1.450000
37 1.880000
37 0.570000
37 0.320000
37 0.420000
37 0.810000
37 1.260000
37 2.270000
37 0.640000
37 0.190000
37 1.770000
37 2.300000
37 2.120000
37 0.730000
37 1.040000
37 1.500000
37 0.250000
37 0.650000
37 0.490000
37 0.480000
37 1.640000
37 0.450000
37 0.900000
37 4.250000
37 0.230000
37 1.320000
37 1.280000
37 0.660000
37 0.830000
37 0.300000
37 0.810000
37 1.890000
37 4.700000
37 1.050000
37 0.190000
37 0.260000
37 0.230000
37 0.240000
37 4.820000
37 0.620000
37 0.460000
37 1.270000
37 0.440000
37 0.690000
37 2.780000
37 0.220000
37 3.890000
37 0.990000
37 2.280000
37 0.590000
37 1.050000
37 1.890000
37 0.370000
37 1.830000
37 1.110000
37 5.450000
37 0.410000
37 0.440000
37 1.390000
37 0.520000
37 0.820000
37 0.360000
37 1.480000
37 1.160000
37 0.240000
37 0.530000
37 0.450000
37 0.430000
37 2.550000
37 1.160000
37 1.430000
37 0.270000
37 0.270000
37 0.900000
37 4.240000
37 0.440000
37 0.100000
37 1.920000
37 0.540000
37 0.130000
37 0.390000
37 0.210000
37 0.220000
37 0.570000
37 0.150000
37 0.740000
37 0.720000
37 0.750000
37 0.580000
37 0.100000
37 3.160000
37 0.760000
37 3.220000
37 0.360000
37 1.090000
37 2.150000
37 2.220000
37 0.230000
37 0.180000
37 1.270000
37 0.470000
37 1.600000
37 0.550000
37 1.770000
37 0.420000
37 2.960000
37 4.330000
37 0.870000
37 0.820000
37 8.200000
37 3.440000
37 0.130000
37 0.550000
37 0.630000
37 0.620000
37 2.870000
37 0.890000
37 0.780000
37 0.620000
37 0.580000
37 0.230000
37 0.280000
37 1.130000
37 0.140000
37 1.030000
37 1.810000
37 0.210000
37 1.630000
37 1.010000
37 0.360000
37 0.320000
37 0.300000
37 0.160000
37 2.170000
37 0.510000
37 2.080000
37 2.130000
37 0.220000
37 0.630000
37 0.650000
37 0.250000
37 2.740000
37 0.850000
37 0.360000
37 0.860000
37 0.760000
37 1.580000
37 1.720000
37 0.930000
37 0.590000
37 0.680000
37 1.570000
37 0.680000
37 2.700000
37 0.110000
37 0.500000
37 0.440000
37 0.400000
37 0.830000
37 1.700000
37 1.260000
37 2.500000
37 0.490000
37 0.370000
37 0.130000
37 0.690000
37 0.470000
37 0.380000
37 1.120000
37 0.310000
37 0.950000
37 11.010000
37 0.640000
37 2.870000
37 1.160000
37 5.650000
37 0.540000
37 1.210000
37 1.480000
37 1.550000
37 0.330000
37 1.530000
37 5.750000
37 1.140000
37 1.790000
37 0.500000
37 0.230000
37 0.190000
37 0.410000
37 0.390000
37 3.820000
37 0.480000
37 2.730000
37 0.460000
37 0.360000
37 0.110000
37 3.610000
37 1.750000
37 0.210000
37 0.870000
37 0.380000
37 2.880000
37 1.710000
37 0.480000
37 1.820000
37 0.770000
37 7.470000
37 6.810000
37 0.870000
37 0.240000
37 0.300000
37 0.310000
37 4.220000
37 1.690000
37 0.170000
37 0.920000
37 0.350000
37 0.540000
37 6.850000
37 0.240000
37 1.040000
37 0.830000
37 1.130000
37 0.620000
37 0.480000
37 1.910000
37 0.110000
37 0.330000
37 0.170000
37 0.710000
37 12.490000
37 0.440000
37 0.940000
37 0.280000
37 6.180000
37 0.360000
37 0.300000
37 2.420000
37 0.510000
37 0.920000
37 0.360000
37 0.610000
37 4.360000
37 3.600000
37 0.140000
37 0.910000
37 0.400000
37 0.830000
37 0.260000
37 0.160000
37 1.230000
37 1.010000
37 0.480000
37 1.480000
37 0.540000
37 0.440000
37 1.540000
37 0.260000
37 2.450000
37 0.780000
37 1.570000
37 0.230000
37 1.210000
37 0.630000
37 9.790000
37 1.860000
37 1.360000
37 5.280000
37 0.190000
37 0.980000
37 0.410000
37 0.460000
37 0.700000
37 2.390000
37 3.550000
37 0.580000
37 4.400000
37 0.200000
37 0.360000
37 0.810000
37 0.750000
37 0.570000
37 0.380000
37 0.730000
37 0.850000
37 1.190000
37 0.660000
37 2.290000
37 0.750000
37 9.070000
37 1.620000
37 0.310000
37 0.670000
37 0.990000
37 2.560000
37 1.170000
37 1.600000
37 0.250000
37 0.270000
37 1.260000
37 0.210000
37 0.500000
37 1.190000
37 1.700000
37 1.080000
37 2.720000
37 0.180000
37 0.490000
37 0.480000
37 0.480000
37 0.430000
37 0.450000
37 1.490000
37 2.450000
37 0.230000
37 0.870000
37 0.460000
37 0.330000
37 0.110000
37 0.240000
37 0.290000
37 0.750000
37 0.440000
37 0.790000
37 0.190000
37 0.350000
37 0.530000
37 0.700000
37 0.370000
37 0.190000
37 0.490000
37 0.770000
37 0.240000
37 2.840000
37 0.490000
37 1.490000
37 0.350000
37 0.790000
37 0.450000
37 1.350000
37 4.630000
37 0.530000
37 1.190000
37 1.030000
37 1.130000
37 0.420000
37 0.350000
37 0.220000
37 1.680000
37 1.420000
37 1.140000
37 0.400000
37 0.220000
37 0.480000
37 0.190000
37 0.390000
37 1.300000
37 3.460000
37 0.470000
37 0.340000
37 0.680000
37 0.230000
37 0.830000
37 3.620000
37 1.180000
37 1.180000
37 1.680000
37 0.150000
37 1.560000
37 0.940000
37 0.860000
37 0.420000
37 1.030000
37 0.140000
37 0.280000
37 1.100000
37 1.340000
37 0.470000
37 0.840000
37 0.580000
37 1.460000
37 2.380000
