#n running-time
19 0.680000
19 0.180000
19 0.260000
19 0.430000
19 0.300000
20 1.400000
20 1.240000
20 0.560000
20 0.730000
20 0.690000
20 0.580000
20 0.480000
20 1.840000
20 1.870000
20 0.810000
20 1.610000
20 1.130000
21 1.740000
21 1.230000
21 1.950000
21 0.860000
21 1.360000
21 0.710000
21 3.620000
21 1.560000
21 0.720000
21 1.090000
21 0.720000
21 1.630000
21 0.500000
21 1.010000
21 0.320000
21 1.560000
21 0.940000
21 0.910000
21 2.590000
21 0.710000
21 0.640000
21 1.080000
21 1.650000
21 2.190000
21 1.640000
21 0.790000
21 0.470000
21 1.510000
21 1.830000
21 2.010000
21 0.890000
21 1.170000
21 1.180000
21 1.260000
21 0.970000
21 1.270000
21 2.020000
21 0.770000
21 0.320000
21 1.370000
21 2.990000
21 1.160000
21 0.940000
21 1.660000
22 0.820000
22 3.710000
22 2.170000
22 4.420000
22 2.820000
22 0.890000
22 2.290000
22 0.410000
22 2.680000
22 4.200000
22 5.600000
22 0.680000
22 1.550000
22 2.280000
22 1.760000
22 4.830000
22 1.700000
22 1.970000
22 1.240000
22 1.440000
22 3.740000
22 0.520000
22 1.940000
22 1.230000
22 3.610000
22 3.500000
22 1.490000
22 1.600000
22 3.840000
22 2.340000
22 1.590000
22 1.280000
22 1.430000
22 1.920000
22 3.540000
22 1.270000
22 2.390000
22 0.890000
22 1.120000
22 1.750000
22 1.660000
22 5.220000
22 1.500000
22 1.170000
22 2.700000
22 2.010000
22 2.960000
22 0.800000
22 5.080000
22 0.730000
22 0.740000
22 2.700000
22 1.160000
22 1.070000
22 1.400000
22 1.260000
22 0.950000
22 2.360000
22 3.740000
22 2.970000
22 3.470000
22 1.990000
22 0.650000
22 2.220000
22 1.500000
22 2.410000
22 1.280000
22 1.950000
22 0.790000
22 6.860000
22 1.190000
22 0.790000
22 2.190000
22 2.760000
22 2.210000
22 1.700000
22 1.160000
22 1.890000
22 0.880000
22 2.210000
22 2.230000
22 2.460000
22 0.830000
22 1.150000
22 2.230000
22 1.130000
22 3.650000
22 0.390000
22 1.250000
22 2.550000
22 1.170000
22 1.090000
22 0.580000
22 2.620000
22 0.820000
22 2.500000
22 0.710000
22 3.590000
22 1.770000
22 1.300000
22 3.660000
22 0.710000
22 1.410000
22 2.380000
22 1.280000
22 3.220000
22 1.330000
22 1.680000
22 1.930000
23 2.410000
23 1.690000
23 1.430000
23 1.710000
23 2.110000
23 2.760000
23 4.270000
23 4.190000
23 4.480000
23 2.320000
23 3.760000
23 2.860000
23 2.670000
23 2.490000
23 1.200000
23 1.740000
23 2.710000
23 5.650000
23 2.750000
23 1.780000
23 2.930000
23 1.610000
23 5.480000
23 3.890000
23 2.380000
23 2.560000
23 5.440000
23 1.120000
23 3.000000
23 4.290000
23 3.010000
23 2.270000
23 5.070000
23 3.730000
23 1.510000
23 1.920000
23 6.280000
23 2.130000
23 3.980000
23 2.350000
23 2.830000
23 4.380000
23 3.040000
23 1.650000
23 4.390000
23 1.820000
23 6.740000
23 0.710000
23 3.490000
23 7.200000
23 1.020000
23 1.700000
23 2.340000
23 2.380000
23 3.080000
23 1.070000
23 8.500000
23 1.640000
23 0.770000
23 3.890000
23 3.360000
23 1.910000
23 3.790000
23 2.940000
23 1.310000
23 3.290000
23 2.750000
23 2.940000
23 1.400000
23 2.740000
23 3.440000
23 1.820000
23 1.960000
23 1.930000
23 2.590000
23 1.740000
23 3.040000
23 1.950000
23 3.140000
23 2.840000
23 6.540000
23 5.580000
23 2.430000
23 5.100000
23 3.550000
23 1.590000
23 1.600000
23 3.170000
23 1.130000
23 2.710000
23 1.460000
23 2.590000
23 1.700000
23 2.480000
23 6.280000
23 2.480000
23 4.530000
23 1.980000
23 1.320000
23 2.750000
23 3.470000
23 3.520000
23 7.180000
23 0.740000
23 4.930000
23 3.920000
23 1.260000
23 1.840000
23 5.530000
23 3.030000
23 4.610000
23 1.870000
23 2.970000
23 2.930000
23 2.150000
23 4.020000
23 2.940000
23 2.440000
23 3.270000
23 1.650000
23 3.790000
23 4.640000
23 2.520000
23 1.120000
23 2.050000
23 3.920000
23 5.060000
23 4.950000
23 3.820000
23 2.240000
23 3.960000
23 2.000000
23 2.130000
23 1.790000
23 2.600000
23 2.770000
23 1.200000
23 2.620000
23 3.410000
23 2.230000
23 1.860000
23 2.790000
23 5.650000
23 2.850000
23 1.350000
23 7.600000
23 3.810000
23 1.950000
23 3.570000
23 1.930000
23 3.400000
23 1.420000
23 1.180000
23 2.920000
23 1.760000
23 4.400000
23 1.890000
23 4.440000
23 3.860000
23 5.650000
23 4.880000
23 0.650000
23 4.000000
23 2.950000
23 1.960000
23 1.540000
23 4.760000
23 3.980000
23 3.070000
23 2.350000
23 4.970000
23 2.260000
23 2.170000
23 2.610000
23 1.840000
23 2.870000
23 3.260000
23 3.100000
23 1.680000
23 3.120000
23 2.270000
23 2.290000
23 2.180000
23 1.410000
23 2.190000
23 2.180000
23 3.810000
23 8.890000
23 4.810000
23 3.190000
23 4.410000
23 2.510000
23 6.280000
23 2.630000
23 1.420000
23 4.520000
24 8.790000
24 3.940000
24 15.140000
24 14.920000
24 0.920000
24 5.650000
24 4.760000
24 2.450000
24 6.570000
24 5.540000
24 7.000000
24 6.630000
24 2.900000
24 2.340000
24 5.050000
24 10.760000
24 8.680000
24 8.180000
24 5.790000
24 4.580000
24 4.330000
24 4.150000
24 3.980000
24 1.240000
24 3.700000
24 2.320000
24 2.270000
24 3.710000
24 3.360000
24 6.780000
24 7.710000
24 8.320000
24 3.680000
24 3.720000
24 6.880000
24 6.140000
24 3.320000
24 5.280000
24 2.820000
24 5.580000
24 3.180000
24 3.190000
24 9.920000
24 2.220000
24 3.720000
24 1.830000
24 3.790000
24 5.720000
24 6.340000
24 3.310000
24 4.160000
24 5.600000
24 4.240000
24 8.930000
24 1.810000
24 3.870000
24 6.920000
24 4.720000
24 2.690000
24 2.360000
24 6.480000
24 2.150000
24 5.290000
24 2.920000
24 2.970000
24 2.650000
24 2.310000
24 2.180000
24 4.760000
24 3.990000
24 5.030000
24 3.160000
24 4.390000
24 4.930000
24 1.910000
24 11.240000
24 6.790000
24 4.370000
24 5.070000
24 2.610000
24 10.760000
24 2.280000
24 10.930000
24 2.930000
24 3.080000
24 3.700000
24 4.640000
24 7.780000
24 4.860000
24 5.430000
24 5.440000
24 7.340000
24 8.310000
24 7.350000
24 8.340000
24 6.610000
24 4.230000
24 3.090000
24 2.200000
24 6.710000
24 4.190000
24 4.000000
24 3.690000
24 8.340000
24 7.170000
24 2.780000
24 1.590000
24 6.380000
24 5.260000
24 6.610000
24 3.190000
24 4.430000
24 3.570000
24 2.420000
24 8.030000
24 3.300000
24 3.960000
24 16.370000
24 4.440000
24 2.420000
24 2.890000
24 6.680000
24 3.130000
24 5.820000
24 2.110000
24 16.930000
24 3.130000
24 5.780000
24 5.570000
24 6.770000
24 4.610000
24 7.760000
24 4.770000
24 6.320000
24 1.840000
24 2.380000
24 2.500000
24 2.780000
24 6.080000
24 6.780000
24 3.990000
24 2.770000
24 7.070000
24 6.580000
24 6.810000
24 4.560000
24 6.340000
24 5.470000
24 5.060000
24 3.080000
24 5.420000
24 6.170000
24 6.050000
24 1.730000
24 1.890000
24 2.390000
24 3.640000
24 3.850000
24 5.970000
24 0.890000
24 2.310000
24 5.810000
24 5.620000
24 2.560000
24 6.860000
24 3.200000
24 5.730000
24 12.260000
24 5.840000
24 3.820000
24 2.870000
24 2.030000
24 3.920000
24 7.070000
24 3.260000
24 8.250000
24 6.510000
24 3.210000
24 4.400000
24 5.370000
24 10.210000
24 6.860000
24 2.430000
24 3.210000
24 4.390000
24 7.000000
24 2.250000
24 4.300000
24 1.040000
24 8.220000
24 5.910000
24 7.260000
24 6.790000
24 7.680000
24 7.220000
24 3.180000
24 4.970000
24 6.450000
24 7.010000
24 4.760000
24 2.680000
24 0.720000
24 4.000000
24 5.360000
24 2.770000
24 2.820000
24 5.080000
24 6.930000
24 4.450000
24 2.540000
24 7.660000
24 5.870000
24 3.600000
24 5.840000
24 2.960000
24 2.290000
24 5.050000
24 4.860000
24 4.510000
24 2.760000
24 2.910000
24 2.000000
24 4.860000
24 5.310000
24 5.090000
24 3.050000
24 1.620000
24 7.250000
24 1.600000
24 4.160000
24 2.470000
24 5.910000
24 4.350000
24 7.340000
24 5.860000
24 4.920000
24 5.540000
24 6.580000
24 3.890000
24 6.840000
24 8.550000
24 5.600000
24 7.310000
24 8.040000
24 3.560000
24 3.460000
24 3.880000
24 3.240000
24 8.150000
24 3.650000
24 11.500000
24 1.900000
24 11.190000
24 8.270000
24 1.810000
24 5.470000
24 6.380000
24 4.390000
24 7.680000
24 5.010000
24 3.260000
24 5.230000
24 5.090000
24 1.750000
24 4.400000
24 1.590000
24 6.010000
24 3.940000
24 5.030000
24 11.240000
24 6.590000
24 5.550000
24 4.620000
24 2.840000
24 2.800000
24 2.770000
24 6.290000
24 3.990000
24 5.120000
24 2.240000
24 5.890000
24 4.570000
24 3.380000
24 1.760000
24 2.280000
24 10.890000
24 7.230000
24 7.710000
24 2.460000
24 7.080000
24 6.270000
24 7.110000
24 3.100000
24 4.690000
24 3.650000
24 2.150000
24 4.330000
24 1.850000
24 2.980000
24 4.340000
24 0.800000
24 4.180000
24 6.000000
24 4.340000
24 7.150000
24 5.650000
25 20.100000
25 9.500000
25 8.470000
25 1.660000
25 8.460000
25 14.810000
25 5.050000
25 6.880000
25 5.640000
25 5.500000
25 10.720000
25 4.510000
25 5.150000
25 6.250000
25 5.120000
25 5.850000
25 6.540000
25 6.670000
25 3.180000
25 7.920000
25 5.470000
25 8.150000
25 8.950000
25 8.970000
25 6.590000
25 8.250000
25 8.510000
25 13.710000
25 6.260000
25 4.430000
25 6.880000
25 2.940000
25 18.140000
25 5.950000
25 4.650000
25 13.740000
25 15.390000
25 9.910000
25 5.670000
25 12.330000
25 11.460000
25 8.780000
25 7.150000
25 5.080000
25 7.440000
25 10.190000
25 13.920000
25 8.830000
25 3.980000
25 2.220000
25 4.870000
25 5.080000
25 4.040000
25 2.160000
25 2.930000
25 11.730000
25 3.990000
25 3.380000
25 9.540000
25 10.360000
25 13.920000
25 4.380000
25 6.530000
25 4.230000
25 5.670000
25 11.690000
25 2.670000
25 7.290000
25 12.730000
25 7.690000
25 5.760000
25 6.030000
25 4.360000
25 5.320000
25 8.650000
25 4.340000
25 12.950000
25 10.950000
25 4.810000
25 6.760000
25 4.910000
25 6.370000
25 2.660000
25 4.900000
25 2.820000
25 16.820000
25 14.850000
25 4.800000
25 5.640000
25 14.240000
25 6.780000
25 7.120000
25 5.260000
25 1.420000
25 7.460000
25 4.760000
25 1.400000
25 7.740000
25 11.170000
25 6.470000
25 7.740000
25 21.380000
25 15.600000
25 4.780000
25 5.270000
25 7.560000
25 29.450000
25 5.960000
25 4.660000
25 4.780000
25 14.620000
25 8.730000
25 3.830000
25 3.190000
25 10.260000
25 10.430000
25 5.070000
25 14.360000
25 5.330000
25 1.220000
25 4.890000
25 8.100000
25 5.930000
25 5.920000
25 13.310000
25 2.960000
25 5.160000
25 8.990000
25 4.270000
25 6.340000
25 8.100000
25 3.480000
25 22.480000
25 7.210000
25 6.860000
25 13.640000
25 5.770000
25 3.460000
25 3.760000
25 10.060000
25 6.330000
25 3.630000
25 5.750000
25 6.300000
25 2.320000
25 6.420000
25 6.910000
25 7.960000
25 6.720000
25 8.820000
25 6.720000
25 10.890000
25 3.670000
25 9.080000
25 8.520000
25 6.160000
25 9.780000
25 5.420000
25 11.850000
25 5.590000
25 11.020000
25 8.100000
25 15.390000
25 3.110000
25 2.610000
25 9.640000
25 10.570000
25 7.000000
25 19.090000
25 3.930000
25 8.880000
25 18.230000
25 4.700000
25 6.810000
25 7.180000
25 2.030000
25 10.090000
25 4.610000
25 9.450000
25 5.150000
25 2.840000
25 11.010000
25 2.450000
25 8.080000
25 9.180000
25 8.660000
25 9.250000
25 24.460000
25 14.190000
25 5.610000
25 4.060000
25 12.760000
25 3.790000
25 5.180000
25 6.720000
25 7.550000
25 5.140000
25 4.910000
25 9.030000
25 5.300000
25 6.740000
25 4.470000
25 7.170000
25 6.120000
25 8.230000
25 3.440000
25 6.270000
25 4.720000
25 4.670000
25 7.330000
25 9.290000
25 5.420000
25 12.760000
25 5.840000
25 4.710000
25 12.900000
25 2.660000
25 5.840000
25 6.740000
25 5.450000
25 7.850000
25 9.980000
25 8.410000
25 4.070000
25 5.810000
25 3.180000
25 23.490000
25 6.520000
25 7.890000
25 6.070000
25 10.610000
25 10.320000
25 10.450000
25 12.430000
25 11.680000
25 5.430000
25 12.090000
25 2.900000
25 5.340000
25 4.820000
25 2.280000
25 8.240000
25 13.160000
25 7.200000
25 4.460000
25 10.250000
25 3.500000
25 6.720000
25 8.740000
25 4.800000
25 8.770000
25 26.870000
25 8.830000
25 6.490000
25 5.340000
25 6.710000
25 7.650000
25 7.570000
25 4.070000
25 6.840000
25 5.350000
25 5.330000
25 7.510000
25 7.340000
25 13.220000
25 13.150000
25 5.980000
25 14.280000
25 5.900000
25 6.000000
25 8.460000
25 9.460000
25 5.890000
25 6.890000
25 7.500000
25 9.500000
25 21.260000
25 13.280000
25 7.680000
25 7.080000
25 4.200000
25 5.950000
25 12.480000
25 6.320000
25 13.630000
25 12.500000
25 3.810000
25 3.830000
25 2.970000
25 5.310000
25 6.360000
25 5.740000
25 24.260000
25 11.190000
25 8.920000
25 6.890000
25 5.040000
25 3.470000
25 4.930000
25 8.940000
25 1.960000
25 8.870000
25 3.050000
25 22.380000
25 4.640000
25 4.590000
25 3.420000
25 3.390000
25 11.590000
25 5.250000
25 12.240000
25 6.660000
25 12.310000
25 13.190000
25 8.750000
25 4.730000
25 6.360000
25 22.190000
25 4.990000
25 8.400000
25 12.780000
25 15.370000
25 27.490000
25 7.490000
25 5.240000
25 7.760000
25 1.280000
25 13.710000
25 7.160000
25 4.790000
25 13.010000
25 6.960000
25 14.030000
25 8.330000
25 6.320000
25 6.050000
25 5.860000
25 5.970000
25 8.600000
25 9.920000
25 3.190000
25 11.650000
25 8.100000
25 6.120000
25 10.920000
25 12.280000
25 10.240000
25 7.490000
25 5.750000
25 8.740000
25 8.530000
25 1.200000
25 11.680000
25 5.070000
25 6.410000
25 1.510000
25 4.790000
25 11.890000
25 3.130000
25 4.490000
25 8.510000
25 5.860000
25 10.940000
25 5.570000
25 7.900000
25 10.220000
25 6.800000
25 8.360000
25 11.080000
25 6.810000
25 6.100000
25 8.100000
25 7.890000
25 8.520000
25 8.440000
25 5.190000
25 21.830000
25 3.060000
25 5.540000
25 3.000000
25 7.120000
25 7.130000
25 4.650000
25 21.490000
25 3.780000
25 8.360000
25 5.830000
25 6.520000
25 4.390000
25 16.010000
25 2.470000
25 5.190000
25 7.240000
25 9.570000
25 9.930000
25 17.980000
25 13.470000
26 7.180000
26 7.850000
26 13.780000
26 15.750000
26 15.670000
26 8.210000
26 8.150000
26 19.470000
26 7.010000
26 13.800000
26 8.950000
26 4.960000
26 15.560000
26 6.300000
26 18.660000
26 9.300000
26 14.110000
26 8.410000
26 11.960000
26 6.950000
26 10.620000
26 19.270000
26 13.910000
26 11.280000
26 24.720000
26 13.880000
26 6.770000
26 7.200000
26 6.220000
26 9.380000
26 35.050000
26 6.760000
26 12.960000
26 31.260000
26 13.120000
26 2.410000
26 14.590000
26 12.780000
26 13.630000
26 10.080000
26 19.020000
26 18.260000
26 9.050000
26 25.150000
26 7.540000
26 10.260000
26 32.380000
26 13.830000
26 9.830000
26 7.710000
26 5.190000
26 8.550000
26 21.590000
26 6.870000
26 10.080000
26 9.670000
26 32.740000
26 21.630000
26 21.380000
26 7.810000
26 16.210000
26 24.620000
26 12.460000
26 2.740000
26 12.330000
26 22.530000
26 5.650000
26 15.270000
26 9.760000
26 11.570000
26 25.220000
26 17.740000
26 8.150000
26 14.670000
26 16.590000
26 24.040000
26 8.480000
26 13.910000
26 14.600000
26 8.810000
26 3.160000
26 10.780000
26 16.090000
26 7.740000
26 25.120000
26 13.230000
26 9.890000
26 10.080000
26 7.950000
26 13.120000
26 17.360000
26 12.070000
26 12.430000
26 25.760000
26 17.350000
26 7.420000
26 12.170000
26 8.480000
26 14.100000
26 19.750000
26 6.430000
26 11.160000
26 11.030000
26 6.970000
26 9.440000
26 13.550000
26 14.600000
26 17.650000
26 15.750000
26 12.690000
26 6.810000
26 7.200000
26 21.180000
26 4.500000
26 11.790000
26 3.920000
26 17.960000
26 5.970000
26 15.300000
26 20.040000
26 6.800000
26 12.090000
26 9.210000
26 14.630000
26 9.350000
26 21.690000
26 10.470000
26 6.230000
26 5.480000
26 12.190000
26 3.540000
26 6.260000
26 12.600000
26 10.730000
26 12.720000
26 6.750000
26 15.160000
26 14.310000
26 5.200000
26 6.780000
26 8.040000
26 16.370000
26 8.050000
26 6.880000
26 7.550000
26 13.950000
26 14.400000
26 8.080000
26 7.900000
26 14.220000
26 5.090000
26 15.360000
26 11.110000
26 14.190000
26 11.680000
26 21.180000
26 8.830000
26 5.820000
26 11.420000
26 12.190000
26 14.780000
26 12.750000
26 5.260000
26 14.080000
26 6.190000
26 17.530000
26 12.880000
26 11.630000
26 11.550000
26 5.900000
26 6.130000
26 6.590000
26 7.220000
26 6.520000
26 4.240000
26 27.870000
26 22.860000
26 13.610000
26 9.170000
26 30.510000
26 6.810000
26 10.470000
26 6.650000
26 15.300000
26 9.760000
26 19.910000
26 3.240000
26 28.970000
26 3.970000
26 20.540000
26 17.900000
26 6.680000
26 6.510000
26 5.420000
26 5.790000
26 12.170000
26 12.410000
26 15.140000
26 14.440000
26 8.090000
26 14.940000
26 7.420000
26 28.060000
26 14.090000
26 20.070000
26 26.100000
26 15.120000
26 12.460000
26 16.320000
26 24.560000
26 9.770000
26 5.430000
26 10.510000
26 5.570000
26 17.600000
26 7.820000
26 7.450000
26 11.460000
26 10.210000
26 10.970000
26 8.690000
26 9.240000
26 25.410000
26 32.240000
26 6.650000
26 16.520000
26 17.040000
26 9.790000
26 13.690000
26 13.790000
26 7.230000
26 11.170000
26 12.680000
26 13.090000
26 17.180000
26 19.820000
26 5.630000
26 13.120000
26 15.000000
26 6.240000
26 6.460000
26 11.520000
26 5.880000
26 14.940000
26 15.350000
26 16.600000
26 16.510000
26 4.230000
26 13.730000
26 8.730000
26 5.780000
26 6.910000
26 10.130000
26 24.130000
26 7.680000
26 10.210000
26 6.480000
26 14.450000
26 13.850000
26 26.820000
26 12.640000
26 8.510000
26 4.680000
26 23.050000
26 15.640000
26 9.180000
26 14.980000
26 15.460000
26 22.180000
26 23.640000
26 17.630000
26 5.920000
26 9.850000
26 9.320000
26 6.860000
26 5.410000
26 29.310000
26 33.640000
26 7.080000
26 16.640000
26 14.830000
26 9.330000
26 10.370000
26 17.960000
26 11.100000
26 21.350000
26 18.500000
26 8.560000
26 15.940000
26 19.270000
26 11.950000
26 5.490000
26 11.970000
26 8.020000
26 11.250000
26 10.150000
26 26.160000
26 2.400000
26 8.650000
26 7.000000
26 6.110000
26 23.410000
26 8.980000
26 8.520000
26 8.140000
26 7.830000
26 19.630000
26 19.470000
26 14.320000
26 10.070000
26 18.980000
26 12.800000
26 26.350000
26 15.280000
26 6.440000
26 4.570000
26 9.980000
26 12.610000
26 7.480000
26 13.580000
26 9.660000
26 7.220000
26 16.300000
26 8.910000
26 7.340000
26 15.050000
26 8.950000
26 9.460000
26 9.590000
26 14.600000
26 20.910000
26 3.750000
26 15.500000
26 10.910000
26 7.100000
26 21.660000
26 12.790000
26 12.750000
26 11.350000
26 16.020000
26 5.840000
26 10.260000
26 12.160000
26 6.590000
26 15.980000
26 17.320000
26 16.960000
26 11.230000
26 5.830000
26 8.090000
26 5.090000
26 8.600000
26 9.100000
26 6.110000
26 2.750000
26 9.400000
26 8.740000
26 11.120000
26 3.610000
26 13.140000
26 19.050000
26 5.940000
26 3.060000
26 9.550000
26 7.860000
26 8.490000
26 12.890000
26 7.740000
26 9.200000
26 6.770000
26 6.170000
26 7.520000
26 11.700000
26 6.690000
26 11.770000
26 11.100000
26 5.150000
26 11.640000
26 8.880000
26 10.260000
26 11.460000
26 22.100000
26 22.420000
26 18.070000
26 14.460000
26 15.600000
26 14.150000
26 7.480000
26 18.960000
26 12.500000
26 15.130000
26 16.030000
26 11.610000
26 14.290000
26 13.450000
26 8.830000
26 22.940000
26 6.990000
26 4.820000
26 10.850000
26 32.710000
26 7.120000
26 18.830000
26 5.640000
26 10.290000
26 5.610000
26 14.550000
26 10.390000
26 11.080000
26 7.680000
26 16.120000
26 21.830000
26 14.320000
26 13.370000
26 14.210000
26 14.820000
26 6.730000
26 24.760000
26 7.480000
26 6.750000
26 15.630000
26 12.510000
26 14.380000
26 11.930000
26 12.330000
26 9.710000
26 14.310000
26 14.480000
26 13.190000
26 7.590000
26 4.190000
26 15.860000
26 6.450000
26 11.650000
26 7.930000
26 5.140000
26 16.610000
26 9.350000
26 23.030000
26 9.190000
26 17.660000
26 23.940000
26 5.200000
26 10.530000
26 15.890000
26 25.960000
26 10.940000
26 27.330000
26 22.670000
26 3.540000
27 14.150000
27 14.900000
27 19.840000
27 17.880000
27 21.400000
27 23.280000
27 6.550000
27 18.450000
27 20.570000
27 24.600000
27 12.250000
27 13.150000
27 19.880000
27 23.790000
27 40.960000
27 41.790000
27 25.160000
27 6.630000
27 49.550000
27 20.280000
27 19.980000
27 17.610000
27 25.950000
27 20.290000
27 12.110000
27 13.630000
27 12.070000
27 36.090000
27 13.440000
27 21.540000
27 32.860000
27 19.860000
27 7.450000
27 41.770000
27 21.450000
27 32.860000
27 10.660000
27 8.320000
27 25.970000
27 20.690000
27 8.300000
27 8.660000
27 9.150000
27 21.090000
27 12.940000
27 13.490000
27 28.160000
27 30.670000
27 9.130000
27 18.360000
27 19.860000
27 14.170000
27 34.670000
27 15.110000
27 57.500000
27 14.030000
27 25.960000
27 17.270000
27 25.930000
27 16.600000
27 35.030000
27 6.890000
27 15.310000
27 22.010000
27 16.180000
27 21.720000
27 23.190000
27 27.770000
27 13.880000
27 10.240000
27 16.560000
27 16.360000
27 19.140000
27 5.630000
27 14.770000
27 16.250000
27 4.400000
27 13.250000
27 4.780000
27 7.000000
27 18.940000
27 11.740000
27 10.480000
27 45.330000
27 27.990000
27 20.460000
27 9.290000
27 24.780000
27 22.610000
27 32.240000
27 15.360000
27 22.150000
27 37.580000
27 14.020000
27 35.330000
27 23.530000
27 18.220000
27 19.520000
27 12.510000
27 23.310000
27 12.030000
27 74.250000
27 30.020000
27 17.400000
27 54.020000
27 9.500000
27 42.650000
27 20.760000
27 10.910000
27 13.080000
27 5.500000
27 11.420000
27 24.850000
27 20.490000
27 8.460000
27 17.120000
27 22.120000
27 14.540000
27 15.180000
27 33.690000
27 65.400000
27 15.890000
27 25.030000
27 21.330000
27 44.560000
27 8.150000
27 7.310000
27 10.820000
27 43.010000
27 13.970000
27 20.580000
27 31.230000
27 26.070000
27 51.820000
27 15.990000
27 9.880000
27 22.750000
27 22.390000
27 4.940000
27 9.610000
27 19.610000
27 16.020000
27 15.490000
27 10.230000
27 21.050000
27 10.680000
27 9.630000
27 9.560000
27 36.480000
27 20.330000
27 31.880000
27 17.850000
27 31.760000
27 50.400000
27 15.550000
27 17.890000
27 16.140000
27 40.640000
27 14.050000
27 36.370000
27 18.100000
27 28.600000
27 37.430000
27 7.400000
27 42.180000
27 11.090000
27 15.950000
27 17.980000
27 19.060000
27 17.820000
27 7.030000
27 28.420000
27 10.460000
27 42.110000
27 39.630000
27 9.040000
27 30.840000
27 16.680000
27 75.700000
27 22.510000
27 12.020000
27 32.780000
27 10.550000
27 12.850000
27 11.860000
27 33.410000
27 36.600000
27 55.230000
27 28.130000
27 14.830000
27 19.600000
27 41.550000
27 22.590000
27 5.540000
27 17.810000
27 35.870000
27 14.500000
27 22.780000
27 22.100000
27 10.740000
27 81.140000
27 24.510000
27 7.380000
27 15.450000
27 23.990000
27 20.510000
27 29.710000
27 19.340000
27 14.880000
27 12.250000
27 11.780000
27 38.950000
27 16.260000
27 31.740000
27 7.270000
27 8.510000
27 11.220000
27 26.450000
27 19.200000
27 14.820000
27 7.770000
27 23.360000
27 23.350000
27 19.810000
27 41.250000
27 25.510000
27 20.290000
27 10.970000
27 23.990000
27 18.870000
27 28.500000
27 15.600000
27 9.970000
27 19.170000
27 32.940000
27 11.450000
27 21.070000
27 21.950000
27 11.180000
27 32.430000
27 16.820000
27 9.370000
27 14.420000
27 18.730000
27 16.660000
27 29.650000
27 14.980000
27 6.380000
27 16.210000
27 34.500000
27 12.380000
27 3.600000
27 15.590000
27 8.730000
27 12.120000
27 17.620000
27 17.950000
27 20.960000
27 26.920000
27 25.440000
27 14.230000
27 7.760000
27 11.410000
27 18.220000
27 32.010000
27 13.290000
27 13.900000
27 14.420000
27 24.630000
27 27.340000
27 26.490000
27 33.470000
27 15.010000
27 18.610000
27 26.250000
27 15.200000
27 22.030000
27 24.630000
27 10.070000
27 13.990000
27 25.150000
27 11.030000
27 15.120000
27 21.400000
27 15.320000
27 17.430000
27 14.560000
27 16.110000
27 12.150000
27 9.340000
27 9.640000
27 14.770000
27 15.210000
27 16.980000
27 24.840000
27 20.120000
27 29.450000
27 13.940000
27 41.190000
27 16.350000
27 7.930000
27 8.700000
27 19.400000
27 18.870000
27 13.820000
27 36.250000
27 12.830000
27 21.800000
27 10.690000
27 31.040000
27 33.770000
27 24.570000
27 16.810000
27 21.620000
27 14.180000
27 10.010000
27 28.340000
27 11.840000
27 23.110000
27 6.460000
27 11.190000
27 30.280000
27 25.300000
27 22.670000
27 22.810000
27 10.470000
27 8.550000
27 12.930000
27 27.500000
27 33.250000
27 15.370000
27 24.430000
27 21.920000
27 11.760000
27 15.880000
27 22.000000
27 6.030000
27 10.990000
27 9.780000
27 12.700000
27 17.190000
27 37.630000
27 20.520000
27 18.950000
27 9.470000
27 11.090000
27 15.000000
27 13.660000
27 33.920000
27 13.810000
27 17.090000
27 30.520000
27 19.250000
27 45.270000
27 13.550000
27 41.000000
27 17.520000
27 6.720000
27 22.070000
27 29.850000
27 4.730000
27 20.030000
27 28.550000
27 19.050000
27 12.290000
27 8.830000
27 8.840000
27 26.320000
27 19.470000
27 46.290000
27 19.260000
27 19.480000
27 23.610000
27 5.840000
27 8.990000
27 24.250000
27 17.300000
27 20.000000
27 6.410000
27 19.940000
27 19.770000
27 30.250000
27 25.330000
27 10.080000
27 18.190000
27 18.170000
27 12.400000
27 41.350000
27 16.120000
27 25.320000
27 11.400000
27 13.440000
27 24.150000
27 10.830000
27 36.570000
27 10.360000
27 27.090000
27 50.890000
27 16.160000
27 14.870000
27 39.660000
27 8.540000
27 27.570000
27 15.360000
27 32.700000
27 17.630000
27 15.120000
27 27.390000
27 19.100000
27 10.610000
27 23.420000
27 10.870000
27 29.340000
27 27.990000
27 10.890000
27 7.100000
27 36.000000
27 8.850000
27 15.020000
27 10.760000
27 6.930000
27 20.430000
27 16.280000
27 16.230000
27 16.370000
27 23.210000
27 12.470000
27 15.880000
27 13.070000
27 64.270000
27 14.790000
27 19.310000
27 27.100000
27 16.470000
27 18.620000
27 12.490000
27 11.100000
27 28.510000
27 23.060000
27 11.990000
27 23.980000
27 28.940000
27 21.580000
27 30.250000
27 16.090000
27 37.940000
27 30.900000
27 78.630000
27 13.520000
27 21.080000
27 26.870000
27 25.810000
27 13.810000
27 9.290000
27 11.790000
27 20.150000
27 23.070000
27 12.910000
27 20.250000
27 23.750000
27 45.020000
