#n running-time
24 0.700000
25 0.790000
25 1.910000
25 1.800000
25 1.320000
25 1.380000
26 1.200000
26 2.760000
26 2.340000
26 0.680000
26 2.820000
26 3.820000
26 0.860000
26 4.820000
26 0.440000
27 3.270000
27 3.530000
27 6.610000
27 2.840000
27 2.110000
27 3.390000
27 4.410000
27 5.320000
27 2.030000
27 4.670000
27 3.220000
27 1.960000
27 3.980000
27 1.480000
27 5.540000
27 5.340000
27 10.220000
27 1.590000
27 3.050000
27 1.650000
27 1.020000
27 1.680000
27 3.720000
27 4.820000
27 3.860000
27 8.630000
27 8.430000
27 2.630000
27 2.410000
27 5.070000
27 4.590000
27 4.050000
27 1.490000
27 6.400000
27 4.220000
27 3.260000
27 5.310000
27 1.650000
27 6.860000
28 1.350000
28 2.450000
28 4.430000
28 1.840000
28 2.910000
28 2.670000
28 7.970000
28 11.250000
28 3.980000
28 9.420000
28 6.980000
28 16.680000
28 6.400000
28 4.970000
28 1.040000
28 1.560000
28 1.170000
28 16.210000
28 6.350000
28 14.420000
28 4.620000
28 9.590000
28 3.740000
28 1.190000
28 4.440000
28 6.290000
28 1.090000
28 2.910000
28 6.120000
28 7.030000
28 4.610000
28 5.410000
28 12.830000
28 3.990000
28 7.310000
28 2.110000
28 5.710000
28 3.850000
28 10.150000
28 1.910000
28 6.630000
28 3.840000
28 6.200000
28 3.130000
28 5.480000
28 18.680000
28 5.640000
28 3.800000
28 6.010000
28 2.180000
28 4.970000
28 3.910000
28 6.350000
28 0.740000
28 4.400000
28 2.110000
28 1.770000
28 4.900000
28 8.100000
28 1.530000
28 9.590000
28 5.450000
28 3.150000
28 6.410000
28 10.520000
28 5.960000
28 1.350000
28 11.450000
28 12.200000
28 2.220000
28 0.800000
28 9.200000
28 1.950000
28 6.430000
28 11.280000
28 7.920000
28 5.560000
28 11.490000
28 2.140000
28 2.250000
28 7.210000
28 6.110000
28 3.960000
28 4.930000
29 3.920000
29 3.180000
29 6.770000
29 3.480000
29 12.530000
29 5.940000
29 9.870000
29 1.150000
29 24.920000
29 2.190000
29 3.110000
29 4.260000
29 3.020000
29 4.820000
29 13.070000
29 1.450000
29 4.040000
29 3.770000
29 8.940000
29 1.680000
29 13.450000
29 2.260000
29 1.560000
29 7.710000
29 5.380000
29 8.380000
29 6.840000
29 10.720000
29 20.390000
29 5.050000
29 28.950000
29 5.670000
29 3.550000
29 1.920000
29 17.330000
29 15.960000
29 1.750000
29 4.690000
29 5.310000
29 5.450000
29 2.220000
29 5.300000
29 15.160000
29 6.390000
29 9.060000
29 9.110000
29 5.870000
29 9.850000
29 1.820000
29 3.220000
29 13.240000
29 28.400000
29 1.770000
29 1.310000
29 17.960000
29 11.930000
29 8.880000
29 11.930000
29 4.060000
29 8.670000
29 3.290000
29 4.140000
29 14.600000
29 7.760000
29 4.960000
29 4.490000
29 13.940000
29 3.500000
29 3.050000
29 5.380000
29 2.760000
29 1.610000
29 8.600000
29 7.240000
29 7.280000
29 9.130000
29 5.730000
29 19.920000
29 5.210000
29 4.900000
29 14.710000
29 6.460000
29 1.580000
29 6.860000
29 2.150000
29 6.820000
29 1.150000
29 4.710000
29 2.910000
29 4.630000
29 15.040000
29 2.200000
29 10.200000
29 2.230000
29 5.180000
29 2.800000
29 15.470000
29 8.310000
29 6.160000
29 2.570000
29 0.900000
29 6.560000
29 2.340000
29 6.960000
29 6.240000
29 18.350000
29 11.840000
29 6.340000
29 8.910000
29 8.840000
29 4.890000
29 14.330000
29 1.090000
29 3.230000
29 4.340000
29 3.340000
29 20.860000
29 3.720000
29 5.650000
29 6.380000
29 8.600000
29 4.300000
29 15.940000
29 20.770000
29 5.760000
29 5.060000
29 9.920000
29 8.580000
29 15.320000
29 2.900000
29 5.710000
29 4.850000
29 11.290000
29 3.460000
29 7.910000
29 4.600000
29 1.820000
29 6.230000
29 7.300000
29 3.780000
29 2.700000
29 3.490000
29 4.090000
29 5.830000
29 8.310000
29 10.000000
29 4.820000
29 7.240000
29 2.180000
29 5.810000
29 4.130000
29 4.190000
29 2.830000
29 7.920000
29 6.370000
29 12.330000
29 3.220000
29 12.700000
29 9.010000
29 8.080000
29 2.730000
29 14.160000
29 3.120000
29 15.160000
29 10.420000
29 7.250000
29 1.570000
29 8.750000
29 1.590000
29 2.530000
29 7.550000
29 9.960000
29 4.650000
29 25.200000
29 7.950000
29 3.040000
29 4.700000
29 3.640000
29 4.410000
29 19.290000
29 5.020000
29 6.330000
29 8.220000
29 3.510000
29 16.680000
29 10.350000
29 3.610000
29 9.670000
29 7.270000
29 11.440000
29 10.880000
29 18.840000
29 5.620000
29 4.000000
29 12.630000
29 5.590000
29 7.790000
29 13.000000
30 21.870000
30 15.220000
30 50.300000
30 10.440000
30 42.350000
30 5.800000
30 8.370000
30 17.810000
30 7.800000
30 3.230000
30 13.630000
30 15.950000
30 11.220000
30 9.030000
30 10.410000
30 4.250000
30 11.990000
30 6.520000
30 9.750000
30 25.750000
30 12.350000
30 10.250000
30 8.290000
30 1.790000
30 13.250000
30 8.010000
30 9.320000
30 6.040000
30 20.840000
30 27.700000
30 4.850000
30 1.990000
30 19.430000
30 11.400000
30 7.030000
30 16.180000
30 19.450000
30 14.660000
30 4.770000
30 9.860000
30 4.410000
30 14.100000
30 5.270000
30 6.110000
30 1.640000
30 10.800000
30 9.410000
30 17.150000
30 9.420000
30 8.760000
30 2.270000
30 15.380000
30 3.420000
30 4.040000
30 11.860000
30 18.450000
30 10.840000
30 7.310000
30 3.120000
30 4.880000
30 3.900000
30 4.520000
30 7.630000
30 6.870000
30 16.370000
30 6.630000
30 7.610000
30 8.470000
30 4.650000
30 3.380000
30 5.700000
30 8.390000
30 7.800000
30 18.120000
30 14.640000
30 7.450000
30 7.050000
30 10.690000
30 16.970000
30 12.610000
30 8.130000
30 10.220000
30 19.560000
30 33.650000
30 5.780000
30 2.290000
30 14.620000
30 3.460000
30 26.780000
30 7.560000
30 20.790000
30 11.870000
30 13.320000
30 2.940000
30 11.080000
30 10.860000
30 30.420000
30 15.570000
30 10.960000
30 3.650000
30 3.570000
30 18.810000
30 11.430000
30 4.410000
30 4.010000
30 6.420000
30 3.280000
30 12.040000
30 27.350000
30 12.160000
30 4.530000
30 6.850000
30 7.260000
30 9.330000
30 19.890000
30 12.590000
30 7.890000
30 3.180000
30 5.510000
30 13.070000
30 6.350000
30 23.570000
30 14.200000
30 21.350000
30 10.020000
30 10.270000
30 17.420000
30 14.830000
30 8.160000
30 7.680000
30 13.240000
30 5.200000
30 20.510000
30 49.480000
30 9.660000
30 6.280000
30 7.870000
30 3.440000
30 3.840000
30 11.300000
30 36.950000
30 25.620000
30 9.060000
30 17.910000
30 7.090000
30 9.770000
30 7.330000
30 17.490000
30 17.730000
30 8.510000
30 8.550000
30 6.330000
30 15.560000
30 10.490000
30 2.730000
30 8.320000
30 14.630000
30 15.310000
30 12.990000
30 3.050000
30 16.430000
30 14.620000
30 4.920000
30 23.000000
30 11.740000
30 5.350000
30 7.750000
30 22.300000
30 5.680000
30 3.000000
30 7.680000
30 14.610000
30 26.560000
30 5.470000
30 19.020000
30 5.900000
30 2.650000
30 5.550000
30 10.860000
30 6.260000
30 6.140000
30 11.500000
30 7.080000
30 4.170000
30 16.180000
30 13.510000
30 14.710000
30 8.120000
30 7.950000
30 36.060000
30 6.730000
30 35.660000
30 6.600000
30 11.320000
30 9.840000
30 9.980000
30 5.830000
30 3.900000
30 1.810000
30 15.610000
30 1.960000
30 8.950000
30 5.620000
30 16.770000
30 18.740000
30 5.720000
30 5.950000
30 22.100000
30 6.450000
30 7.840000
30 17.370000
30 6.290000
30 7.230000
30 8.720000
30 6.120000
30 2.310000
30 8.430000
30 4.660000
30 10.010000
30 3.790000
30 11.630000
30 12.680000
30 9.070000
30 4.900000
30 3.250000
30 17.860000
30 2.940000
30 25.950000
30 17.720000
30 8.740000
30 33.010000
30 5.880000
30 5.160000
30 6.380000
30 12.800000
30 12.720000
30 15.040000
30 6.890000
30 12.630000
30 1.800000
30 6.520000
30 3.000000
30 20.660000
30 15.910000
30 1.380000
30 3.120000
30 20.860000
30 5.620000
30 11.530000
30 25.970000
30 5.480000
30 19.020000
30 8.150000
30 4.190000
30 4.500000
30 24.310000
30 6.030000
30 13.190000
30 6.420000
30 6.940000
30 18.150000
30 15.680000
30 10.590000
30 3.800000
30 19.680000
30 18.170000
30 22.420000
30 4.190000
30 20.330000
30 18.160000
30 1.680000
30 3.170000
30 13.780000
30 27.840000
30 6.290000
30 6.220000
30 4.690000
30 9.340000
30 6.020000
30 9.320000
30 9.700000
30 19.570000
30 15.420000
30 6.530000
31 20.640000
31 6.090000
31 5.210000
31 8.650000
31 44.090000
31 4.780000
31 4.060000
31 44.470000
31 10.440000
31 27.990000
31 8.200000
31 20.360000
31 22.390000
31 17.150000
31 11.310000
31 14.860000
31 9.920000
31 22.240000
31 15.710000
31 20.310000
31 12.290000
31 15.850000
31 9.030000
31 17.170000
31 48.670000
31 11.820000
31 4.500000
31 14.530000
31 8.610000
31 11.740000
31 5.080000
31 8.250000
31 8.270000
31 12.790000
31 13.460000
31 27.690000
31 6.440000
31 5.460000
31 35.260000
31 6.250000
31 13.360000
31 27.640000
31 32.280000
31 4.350000
31 7.240000
31 3.960000
31 1.340000
31 25.110000
31 5.980000
31 26.750000
31 8.830000
31 7.910000
31 7.470000
31 35.230000
31 6.740000
31 9.950000
31 42.320000
31 15.540000
31 7.260000
31 13.600000
31 24.650000
31 4.920000
31 18.700000
31 10.500000
31 5.090000
31 16.260000
31 5.420000
31 19.910000
31 17.870000
31 6.980000
31 7.230000
31 3.080000
31 35.740000
31 18.480000
31 10.940000
31 12.770000
31 21.990000
31 29.540000
31 7.550000
31 11.590000
31 11.240000
31 27.300000
31 12.190000
31 63.460000
31 12.700000
31 18.510000
31 40.460000
31 7.850000
31 5.250000
31 7.070000
31 15.830000
31 4.880000
31 4.870000
31 6.270000
31 14.100000
31 25.650000
31 15.660000
31 15.830000
31 31.620000
31 8.440000
31 9.500000
31 8.420000
31 21.350000
31 35.360000
31 26.810000
31 15.050000
31 18.090000
31 7.110000
31 17.130000
31 6.670000
31 38.190000
31 5.940000
31 33.830000
31 8.120000
31 19.480000
31 14.130000
31 5.310000
31 9.340000
31 21.500000
31 5.900000
31 1.630000
31 23.850000
31 9.480000
31 10.620000
31 7.140000
31 22.090000
31 10.720000
31 10.620000
31 5.840000
31 19.060000
31 27.110000
31 26.450000
31 10.310000
31 8.620000
31 48.560000
31 4.750000
31 11.240000
31 9.680000
31 12.010000
31 5.280000
31 10.150000
31 8.000000
31 14.500000
31 2.650000
31 7.950000
31 4.040000
31 19.890000
31 1.280000
31 10.580000
31 9.000000
31 6.640000
31 10.930000
31 35.120000
31 22.540000
31 6.790000
31 4.330000
31 2.540000
31 6.290000
31 8.980000
31 8.410000
31 23.010000
31 17.410000
31 15.710000
31 8.500000
31 3.760000
31 34.620000
31 20.590000
31 6.190000
31 6.850000
31 21.970000
31 3.690000
31 3.530000
31 5.220000
31 4.030000
31 8.100000
31 17.170000
31 26.370000
31 1.630000
31 12.360000
31 36.550000
31 9.320000
31 29.140000
31 23.420000
31 7.170000
31 20.310000
31 7.390000
31 15.830000
31 12.450000
31 18.520000
31 6.640000
31 3.660000
31 13.730000
31 8.500000
31 4.510000
31 8.870000
31 16.560000
31 10.480000
31 6.150000
31 11.660000
31 56.100000
31 10.170000
31 23.470000
31 20.380000
31 27.070000
31 13.070000
31 4.250000
31 25.900000
31 9.290000
31 14.440000
31 17.780000
31 7.490000
31 5.450000
31 13.140000
31 22.480000
31 24.080000
31 6.180000
31 23.750000
31 8.850000
31 9.860000
31 28.310000
31 7.110000
31 33.190000
31 42.960000
31 67.260000
31 32.210000
31 18.110000
31 6.250000
31 23.590000
31 38.810000
31 9.030000
31 15.410000
31 6.350000
31 26.090000
31 5.230000
31 7.780000
31 23.510000
31 4.050000
31 32.850000
31 12.990000
31 16.930000
31 6.470000
31 17.070000
31 25.570000
31 17.890000
31 9.760000
31 21.440000
31 39.350000
31 20.680000
31 6.300000
31 30.650000
31 10.640000
31 10.200000
31 4.340000
31 10.050000
31 18.750000
31 2.740000
31 4.210000
31 19.730000
31 8.820000
31 9.840000
31 9.610000
31 14.830000
31 7.410000
31 23.660000
31 17.850000
31 6.750000
31 12.820000
31 25.580000
31 3.850000
31 11.410000
31 13.540000
31 15.180000
31 4.340000
31 5.110000
31 27.440000
31 42.470000
31 9.880000
31 5.610000
31 6.010000
31 25.550000
31 5.200000
31 6.980000
31 3.840000
31 4.270000
31 28.960000
31 25.370000
31 7.570000
31 12.770000
31 31.410000
31 8.890000
31 15.860000
31 7.570000
31 21.590000
31 13.590000
31 10.000000
31 11.960000
31 7.760000
31 13.080000
31 9.460000
31 12.460000
31 7.630000
31 28.750000
31 37.860000
31 14.140000
31 5.620000
31 13.290000
31 8.720000
31 3.990000
31 5.610000
31 11.110000
31 15.440000
31 8.590000
31 5.650000
31 19.700000
31 4.590000
31 19.350000
31 8.920000
31 28.460000
31 8.180000
31 13.820000
31 10.070000
31 1.640000
31 8.380000
31 12.540000
31 7.840000
31 22.800000
31 23.440000
31 12.290000
31 21.290000
31 37.620000
31 23.280000
31 10.990000
31 49.550000
31 95.350000
31 9.620000
31 2.310000
31 70.120000
31 8.370000
31 25.850000
31 9.640000
31 13.530000
31 13.130000
31 37.170000
31 5.410000
31 40.830000
31 7.940000
31 17.110000
31 6.620000
31 16.750000
31 53.480000
31 10.480000
31 13.130000
31 32.480000
31 7.120000
31 6.350000
31 11.510000
31 37.700000
31 12.650000
31 26.420000
31 22.650000
31 55.650000
31 17.960000
31 98.980000
31 14.300000
31 22.310000
31 21.390000
31 10.810000
31 11.690000
31 28.840000
31 29.720000
31 22.000000
31 8.510000
31 17.230000
31 11.610000
31 4.470000
31 16.210000
31 13.570000
31 48.260000
31 6.420000
31 9.920000
31 19.370000
31 5.580000
31 3.700000
31 5.910000
31 40.180000
31 8.500000
32 12.170000
32 5.970000
32 35.270000
32 18.580000
32 6.520000
32 21.310000
32 13.920000
32 32.390000
32 45.560000
32 38.130000
32 5.050000
32 13.470000
32 19.470000
32 7.410000
32 2.980000
32 11.280000
32 77.110000
32 63.740000
32 32.830000
32 12.570000
32 38.180000
32 5.870000
32 16.540000
32 54.260000
32 13.440000
32 28.130000
32 21.110000
32 11.160000
32 14.930000
32 16.530000
32 17.380000
32 15.820000
32 47.830000
32 31.890000
32 8.430000
32 22.610000
32 15.030000
32 18.690000
32 17.180000
32 22.130000
32 10.010000
32 21.140000
32 29.270000
32 37.370000
32 12.090000
32 12.400000
32 23.800000
32 22.150000
32 14.790000
32 10.890000
32 20.480000
32 18.060000
32 6.450000
32 6.030000
32 47.810000
32 15.960000
32 28.800000
32 6.510000
32 86.650000
32 7.260000
32 22.710000
32 26.050000
32 23.850000
32 27.500000
32 55.630000
32 19.820000
32 14.840000
32 37.230000
32 24.590000
32 22.120000
32 40.430000
32 31.220000
32 20.780000
32 20.840000
32 14.100000
32 10.960000
32 9.810000
32 24.030000
32 25.490000
32 40.340000
32 4.220000
32 12.740000
32 17.970000
32 4.710000
32 37.500000
32 19.080000
32 14.250000
32 17.460000
32 42.260000
32 9.390000
32 34.770000
32 6.010000
32 12.330000
32 7.000000
32 66.900000
32 8.570000
32 35.020000
32 9.150000
32 32.810000
32 33.520000
32 20.340000
32 32.470000
32 12.130000
32 7.740000
32 10.120000
32 38.190000
32 49.360000
32 34.330000
32 79.890000
32 28.530000
32 24.630000
32 10.190000
32 41.670000
32 4.930000
32 93.570000
32 8.070000
32 23.860000
32 19.720000
32 12.810000
32 1.610000
32 26.770000
32 5.930000
32 19.890000
32 14.790000
32 29.400000
32 25.560000
32 11.810000
32 6.410000
32 9.580000
32 6.300000
32 18.030000
32 11.170000
32 6.390000
32 22.860000
32 55.090000
32 10.500000
32 14.030000
32 23.990000
32 44.320000
32 30.660000
32 10.210000
32 108.770000
32 21.390000
32 5.190000
32 24.420000
32 12.050000
32 19.060000
32 15.600000
32 12.050000
32 12.650000
32 27.150000
32 28.850000
32 26.370000
32 17.110000
32 17.390000
32 34.650000
32 10.890000
32 30.740000
32 14.680000
32 25.380000
32 13.650000
32 17.450000
32 11.600000
32 19.170000
32 204.130000
32 5.220000
32 7.940000
32 40.590000
32 22.670000
32 22.020000
32 12.350000
32 15.360000
32 13.520000
32 9.710000
32 6.880000
32 60.080000
32 14.910000
32 6.980000
32 29.150000
32 19.000000
32 12.350000
32 115.230000
32 52.990000
32 21.710000
32 73.870000
32 20.490000
32 17.010000
32 16.290000
32 6.260000
32 4.920000
32 18.170000
32 30.990000
32 15.260000
32 14.550000
32 21.080000
32 32.360000
32 9.970000
32 6.530000
32 13.620000
32 10.630000
32 4.930000
32 60.200000
32 33.480000
32 52.220000
32 47.080000
32 45.390000
32 17.060000
32 5.190000
32 36.890000
32 8.980000
32 26.490000
32 15.960000
32 20.070000
32 16.900000
32 5.510000
32 20.560000
32 5.550000
32 25.980000
32 19.450000
32 34.880000
32 14.630000
32 16.540000
32 7.910000
32 49.620000
32 17.160000
32 35.560000
32 28.490000
32 14.620000
32 20.060000
32 26.250000
32 8.460000
32 3.290000
32 41.490000
32 9.720000
32 42.040000
32 17.840000
32 17.820000
32 21.480000
32 7.270000
32 28.150000
32 55.480000
32 27.290000
32 8.380000
32 36.060000
32 11.130000
32 20.070000
32 12.140000
32 37.630000
32 59.330000
32 37.400000
32 6.160000
32 44.950000
32 14.590000
32 27.010000
32 7.760000
32 10.240000
32 7.740000
32 16.310000
32 33.910000
32 16.290000
32 32.210000
32 20.380000
32 9.580000
32 10.070000
32 29.760000
32 14.080000
32 19.350000
32 9.470000
32 12.640000
32 9.830000
32 13.690000
32 2.930000
32 7.440000
32 8.480000
32 8.550000
32 25.730000
32 9.790000
32 49.040000
32 9.090000
32 51.620000
32 42.990000
32 12.950000
32 10.410000
32 39.880000
32 5.820000
32 8.440000
32 25.820000
32 15.600000
32 13.410000
32 20.190000
32 7.760000
32 31.460000
32 90.930000
32 4.320000
32 11.020000
32 9.990000
32 30.230000
32 7.120000
32 30.750000
32 10.730000
32 8.790000
32 36.310000
32 13.290000
32 35.580000
32 33.420000
32 22.830000
32 42.380000
32 20.450000
32 25.520000
32 21.020000
32 27.550000
32 20.130000
32 14.840000
32 19.090000
32 8.130000
32 12.900000
32 37.580000
32 10.330000
32 35.430000
32 22.600000
32 7.290000
32 10.020000
32 12.860000
32 17.090000
32 33.340000
32 18.080000
32 29.100000
32 48.600000
32 19.810000
32 20.010000
32 37.750000
32 16.540000
32 22.890000
32 28.670000
32 10.240000
32 13.710000
32 41.980000
32 30.430000
32 42.710000
32 10.030000
32 11.060000
32 6.950000
32 71.610000
32 16.650000
32 37.570000
32 9.180000
32 34.140000
32 45.730000
32 20.650000
32 8.470000
32 21.440000
32 3.370000
32 6.090000
32 28.710000
32 14.140000
32 23.760000
32 14.870000
32 11.580000
32 17.630000
32 6.770000
32 9.780000
32 15.440000
32 25.840000
32 34.020000
32 6.570000
32 54.960000
32 6.420000
32 30.610000
32 20.160000
32 19.730000
32 7.870000
32 13.350000
32 29.750000
32 9.240000
32 3.100000
32 24.260000
32 11.180000
32 17.980000
32 7.400000
32 22.770000
32 10.940000
32 7.640000
32 6.660000
32 7.840000
32 76.970000
32 47.080000
32 13.140000
32 15.370000
32 20.050000
32 12.950000
32 18.450000
32 34.880000
32 26.930000
32 29.610000
32 48.010000
32 51.670000
32 13.790000
32 19.300000
32 14.580000
32 32.040000
32 24.170000
32 4.890000
32 43.790000
32 13.400000
32 44.670000
32 10.180000
32 20.090000
32 71.180000
32 8.850000
32 4.930000
32 18.030000
32 10.770000
32 13.250000
32 37.680000
32 23.890000
32 7.010000
32 26.450000
32 26.650000
32 32.880000
32 8.250000
32 32.070000
32 6.270000
32 19.180000
33 26.980000
33 22.560000
33 36.310000
33 14.010000
33 8.750000
33 34.680000
33 28.030000
33 29.810000
33 11.230000
33 32.670000
33 15.050000
33 40.390000
33 77.370000
33 30.950000
33 16.230000
33 17.620000
33 27.930000
33 25.070000
33 6.260000
33 8.480000
33 40.600000
33 40.350000
33 17.760000
33 15.850000
33 34.250000
33 57.670000
33 48.320000
33 61.610000
33 18.990000
33 10.260000
33 13.010000
33 30.830000
33 9.960000
33 88.770000
33 5.070000
33 17.360000
33 41.750000
33 33.380000
33 15.550000
33 7.340000
33 11.360000
33 25.260000
33 34.810000
33 43.690000
33 17.240000
33 13.650000
33 67.540000
33 25.390000
33 21.950000
33 32.640000
33 51.460000
33 24.850000
33 21.840000
33 38.900000
33 7.060000
33 84.880000
33 56.310000
33 40.180000
33 34.380000
33 44.890000
33 16.450000
33 18.730000
33 24.130000
33 71.630000
33 23.660000
33 18.450000
33 27.220000
33 29.340000
33 15.970000
33 18.760000
33 25.910000
33 66.240000
33 13.750000
33 13.480000
33 23.920000
33 25.470000
33 71.860000
33 64.630000
33 18.050000
33 66.740000
33 23.440000
33 23.320000
33 26.860000
33 20.420000
33 7.000000
33 30.040000
33 47.490000
33 9.060000
33 58.320000
33 31.270000
33 42.250000
33 26.940000
33 16.190000
33 37.460000
33 44.120000
33 8.730000
33 28.570000
33 18.160000
33 39.360000
33 7.250000
33 6.230000
33 32.720000
33 14.560000
33 9.640000
33 25.240000
33 91.280000
33 7.600000
33 36.470000
33 13.480000
33 23.440000
33 11.970000
33 25.820000
33 4.530000
33 43.380000
33 10.910000
33 57.100000
33 34.640000
33 12.430000
33 55.490000
33 24.550000
33 31.580000
33 124.200000
33 27.450000
33 10.620000
33 48.350000
33 78.250000
33 29.790000
33 46.740000
33 15.770000
33 23.440000
33 48.720000
33 20.820000
33 17.670000
33 22.390000
33 45.860000
33 9.320000
33 21.920000
33 35.090000
33 96.110000
33 21.680000
33 38.010000
33 20.800000
33 48.330000
33 39.130000
33 42.160000
33 34.130000
33 21.910000
33 34.780000
33 33.390000
33 60.210000
33 53.130000
33 31.460000
33 45.870000
33 9.840000
33 39.470000
33 45.060000
33 42.710000
33 64.620000
33 34.100000
33 9.210000
33 16.230000
33 23.710000
33 19.150000
33 10.600000
33 24.870000
33 12.390000
33 14.130000
33 29.170000
33 28.610000
33 42.230000
33 52.650000
33 30.330000
33 19.100000
33 17.470000
33 10.650000
33 32.300000
33 45.080000
33 52.500000
33 8.930000
33 21.580000
33 76.030000
33 27.170000
33 32.060000
33 102.810000
33 8.290000
33 5.310000
33 14.510000
33 49.850000
33 28.430000
33 12.490000
33 10.680000
33 18.250000
33 29.810000
33 33.260000
33 54.950000
33 58.580000
33 25.120000
33 15.950000
33 77.230000
33 22.250000
33 19.680000
33 37.910000
33 36.480000
33 30.740000
33 33.060000
33 13.320000
33 31.630000
33 11.540000
33 30.120000
33 7.090000
33 12.690000
33 36.570000
33 23.300000
33 82.630000
33 21.650000
33 31.360000
33 18.430000
33 10.690000
33 23.030000
33 15.270000
33 11.700000
33 21.130000
33 12.650000
33 9.320000
33 35.580000
33 7.340000
33 9.450000
33 7.750000
33 26.920000
33 13.200000
33 70.840000
33 16.940000
33 9.020000
33 18.180000
33 91.910000
33 41.900000
33 6.020000
33 8.460000
33 10.540000
33 13.650000
33 76.000000
33 17.310000
33 26.090000
33 7.800000
33 6.910000
33 4.960000
33 25.600000
33 8.250000
33 23.750000
33 2.600000
33 35.740000
33 35.420000
33 26.840000
33 7.800000
33 17.040000
33 131.660000
33 20.240000
33 19.070000
33 15.290000
33 46.390000
33 10.900000
33 22.090000
33 23.690000
33 60.280000
33 56.720000
33 20.280000
33 36.970000
33 45.630000
33 11.910000
33 70.690000
33 26.640000
33 11.600000
33 26.100000
33 12.950000
33 9.730000
33 35.090000
33 16.780000
33 127.870000
33 19.830000
33 135.110000
33 49.400000
33 12.610000
33 21.120000
33 21.820000
33 13.000000
33 11.910000
33 28.500000
33 27.740000
33 25.240000
33 25.710000
33 17.720000
33 24.800000
33 84.770000
33 55.730000
33 11.750000
33 25.080000
33 5.840000
33 27.230000
33 46.650000
33 5.350000
33 19.480000
33 16.100000
33 63.380000
33 14.960000
33 72.540000
33 11.220000
33 32.070000
33 9.440000
33 4.220000
33 47.950000
33 20.900000
33 75.390000
33 28.360000
33 45.050000
33 41.030000
33 19.790000
33 13.320000
33 16.390000
33 27.290000
33 23.390000
33 57.880000
33 31.720000
33 64.450000
33 44.560000
33 63.940000
33 42.690000
33 19.110000
33 22.990000
33 7.340000
33 31.440000
33 57.040000
33 14.350000
33 40.440000
33 7.970000
33 44.190000
33 41.390000
33 27.210000
33 46.440000
33 21.400000
33 11.940000
33 10.790000
33 22.820000
33 8.470000
33 19.010000
33 14.610000
33 30.360000
33 5.940000
33 40.570000
33 68.050000
33 16.780000
33 8.150000
33 29.150000
33 28.540000
33 21.240000
33 14.420000
33 4.070000
33 51.480000
33 11.650000
33 8.260000
33 30.490000
33 70.180000
33 7.880000
33 23.500000
33 61.080000
33 33.380000
33 84.670000
33 41.150000
33 61.300000
33 28.300000
33 20.350000
33 37.270000
33 20.410000
33 138.720000
33 59.910000
33 38.560000
33 24.640000
33 23.130000
33 18.880000
33 34.780000
33 48.750000
33 65.460000
33 43.470000
33 11.210000
33 50.600000
33 28.660000
33 29.390000
33 14.800000
33 22.910000
33 22.570000
33 17.670000
33 21.400000
33 14.290000
33 11.150000
33 36.270000
33 18.540000
33 18.520000
33 21.270000
33 18.060000
33 13.920000
33 67.220000
33 10.940000
33 24.110000
33 33.440000
33 177.450000
33 32.860000
33 63.290000
33 22.860000
33 52.470000
33 51.910000
33 37.450000
33 21.380000
33 7.080000
33 8.370000
33 29.940000
33 8.990000
33 14.990000
33 36.310000
33 23.560000
33 34.680000
33 44.840000
33 16.710000
33 10.040000
33 25.760000
33 29.510000
33 11.170000
33 40.510000
33 34.910000
33 10.500000
33 41.160000
33 9.640000
33 53.600000
33 18.410000
33 30.630000
33 39.090000
33 30.420000
33 37.700000
33 32.960000
33 60.730000
33 56.460000
33 29.040000
33 19.620000
33 54.640000
33 5.400000
33 28.690000
33 52.190000
33 23.880000
33 20.660000
33 21.260000
33 31.330000
33 149.400000
33 48.730000
33 5.780000
33 60.220000
33 41.970000
33 13.680000
33 29.920000
33 52.200000
33 33.840000
33 31.870000
33 10.160000
33 10.730000
33 38.490000
33 17.590000
33 32.320000
33 26.340000
33 27.690000
33 70.080000
33 25.130000
33 72.140000
33 10.800000
33 16.550000
33 138.810000
33 25.590000
33 44.060000
33 23.940000
33 31.740000
33 8.530000
33 27.590000
33 13.230000
33 124.120000
33 22.580000
33 11.500000
33 30.590000
33 30.350000
33 69.550000
33 15.290000
33 63.820000
33 48.320000
33 11.620000
33 47.070000
33 27.860000
33 43.740000
33 42.940000
33 39.970000
33 24.240000
33 24.930000
33 33.370000
33 15.710000
33 26.600000
33 6.480000
33 8.620000
33 9.010000
33 49.550000
33 25.570000
33 51.660000
33 22.520000
33 39.610000
33 98.820000
33 23.990000
33 32.980000
33 20.020000
33 8.820000
33 25.370000
33 22.100000
33 47.870000
33 24.850000
33 29.440000
33 9.370000
33 13.570000
33 12.210000
33 18.350000
33 12.110000
33 12.870000
33 78.210000
33 23.490000
33 21.070000
33 52.490000
33 24.010000
33 39.550000
