#n running-time
35 0.130000
36 0.130000
36 0.110000
36 0.080000
36 0.080000
36 0.080000
37 0.090000
37 0.080000
37 0.110000
37 0.120000
37 0.080000
37 0.080000
37 0.070000
37 0.080000
37 0.110000
37 0.090000
37 0.090000
37 0.080000
37 0.080000
37 0.080000
37 0.140000
37 0.080000
37 0.080000
37 0.080000
37 0.080000
37 0.080000
37 0.190000
37 0.170000
37 0.080000
37 0.080000
37 0.080000
37 0.090000
38 0.080000
38 0.090000
38 0.080000
38 0.080000
38 0.080000
38 0.080000
38 0.090000
38 0.070000
38 0.080000
38 0.090000
38 0.080000
38 0.080000
38 0.090000
38 0.080000
38 0.080000
38 0.090000
38 0.080000
38 0.080000
38 0.100000
38 0.080000
38 0.070000
38 0.080000
38 0.080000
38 0.080000
38 0.080000
38 0.090000
38 0.100000
38 0.620000
38 0.080000
38 0.080000
38 0.080000
38 0.070000
38 0.080000
38 0.090000
38 0.080000
38 0.080000
38 0.080000
38 0.090000
38 0.090000
38 0.080000
38 0.090000
38 0.080000
38 0.080000
38 0.080000
38 0.090000
38 0.090000
38 0.080000
38 0.080000
38 0.070000
38 0.100000
38 0.100000
38 0.080000
38 0.090000
38 0.100000
38 0.090000
38 0.080000
38 0.090000
38 0.080000
38 0.090000
38 0.080000
38 0.070000
38 0.090000
38 0.090000
38 0.080000
38 0.090000
38 0.080000
38 0.070000
38 0.080000
38 0.080000
38 0.080000
38 0.080000
38 0.090000
38 0.080000
38 0.090000
38 0.090000
38 0.080000
38 0.080000
38 0.120000
38 0.070000
38 0.090000
38 0.120000
38 0.080000
38 0.080000
38 0.090000
38 0.080000
39 0.090000
39 0.080000
39 0.090000
39 0.090000
39 0.080000
39 0.090000
39 0.100000
39 0.090000
39 0.080000
39 0.080000
39 0.080000
39 0.080000
39 0.090000
39 0.120000
39 0.080000
39 0.070000
39 0.080000
39 0.100000
39 0.090000
39 0.090000
39 0.080000
39 0.090000
39 0.070000
39 0.080000
39 0.080000
39 0.090000
39 0.090000
39 0.070000
39 0.080000
39 0.100000
39 0.080000
39 0.080000
39 0.080000
39 0.080000
39 0.080000
39 0.110000
39 0.090000
39 0.080000
39 0.090000
39 0.100000
39 0.070000
39 0.080000
39 0.080000
39 0.090000
39 0.090000
39 0.190000
39 0.080000
39 0.090000
39 0.100000
39 0.080000
39 0.100000
39 0.170000
39 0.100000
39 0.080000
39 0.100000
39 0.100000
39 0.080000
39 0.090000
39 0.080000
39 0.080000
39 0.080000
39 0.090000
39 0.080000
39 0.100000
39 0.080000
39 0.110000
39 0.100000
39 0.080000
39 0.110000
39 0.080000
39 0.100000
39 0.080000
39 0.130000
39 0.080000
39 0.080000
39 0.130000
39 0.120000
39 0.090000
39 0.090000
39 0.080000
39 0.080000
39 0.080000
39 0.090000
39 0.080000
39 0.070000
39 0.100000
39 0.190000
39 0.180000
39 0.080000
39 0.070000
39 0.130000
39 0.100000
39 0.080000
39 0.080000
39 0.080000
39 0.110000
39 0.080000
39 0.080000
39 0.110000
39 0.080000
39 0.080000
39 0.090000
39 0.080000
39 0.090000
39 0.080000
39 0.080000
39 0.080000
39 0.090000
39 0.130000
39 0.080000
39 0.100000
39 0.080000
39 0.150000
39 0.070000
39 0.090000
39 0.080000
39 0.140000
39 0.120000
39 0.090000
39 0.120000
39 0.080000
39 0.080000
39 0.090000
39 0.080000
39 0.080000
39 0.110000
39 0.080000
39 0.090000
39 0.110000
39 0.090000
39 0.140000
39 0.070000
39 0.090000
39 0.080000
39 0.080000
39 0.110000
39 0.080000
39 0.080000
39 0.080000
39 0.090000
39 0.070000
39 0.090000
39 0.070000
39 0.150000
39 0.090000
39 0.090000
39 0.080000
39 0.080000
39 0.090000
39 0.110000
39 0.090000
39 0.090000
39 0.080000
39 0.070000
39 0.090000
39 0.090000
39 0.080000
39 0.090000
39 0.090000
39 0.080000
39 0.080000
39 0.080000
39 0.080000
39 0.130000
39 0.090000
39 0.110000
39 0.070000
39 0.080000
39 0.080000
39 0.080000
39 0.110000
39 0.110000
39 0.080000
39 0.110000
39 0.080000
39 0.080000
39 0.090000
39 0.080000
39 0.070000
39 0.090000
39 0.090000
39 0.080000
39 0.110000
39 0.080000
39 0.080000
39 0.080000
39 0.100000
39 0.080000
39 0.080000
39 0.080000
39 0.100000
39 0.090000
39 0.080000
39 0.080000
39 0.080000
39 0.130000
40 0.090000
40 0.100000
40 0.080000
40 0.090000
40 0.080000
40 0.070000
40 0.200000
40 0.130000
40 0.130000
40 0.140000
40 0.080000
40 0.080000
40 0.090000
40 0.080000
40 0.080000
40 0.090000
40 0.090000
40 0.090000
40 0.080000
40 0.070000
40 0.080000
40 0.080000
40 0.080000
40 0.080000
40 0.100000
40 0.080000
40 0.110000
40 0.080000
40 0.080000
40 0.090000
40 0.180000
40 0.080000
40 0.090000
40 0.090000
40 0.080000
40 0.120000
40 0.080000
40 0.100000
40 0.080000
40 0.080000
40 0.090000
40 0.080000
40 0.120000
40 0.080000
40 0.090000
40 0.100000
40 0.100000
40 0.080000
40 0.080000
40 0.100000
40 0.130000
40 0.080000
40 0.080000
40 0.080000
40 0.080000
40 0.130000
40 0.080000
40 0.080000
40 0.080000
40 0.110000
40 0.080000
40 0.070000
40 0.080000
40 0.080000
40 0.080000
40 0.100000
40 0.080000
40 0.080000
40 0.080000
40 0.080000
40 0.090000
40 0.120000
40 0.080000
40 0.080000
40 0.090000
40 0.100000
40 0.100000
40 0.080000
40 0.200000
40 0.100000
40 0.100000
40 0.070000
40 0.100000
40 0.080000
40 0.090000
40 0.090000
40 0.140000
40 0.080000
40 0.080000
40 0.080000
40 0.110000
40 0.080000
40 0.090000
40 0.090000
40 0.080000
40 0.080000
40 0.070000
40 0.080000
40 0.080000
40 0.080000
40 0.070000
40 0.120000
40 0.080000
40 0.080000
40 0.090000
40 0.080000
40 0.080000
40 0.080000
40 0.160000
40 0.080000
40 0.080000
40 0.080000
40 0.090000
40 0.080000
40 0.080000
40 0.090000
40 0.070000
40 0.100000
40 0.080000
40 0.080000
40 0.110000
40 0.160000
40 0.110000
40 0.200000
40 0.080000
40 0.110000
40 0.090000
40 0.080000
40 0.080000
40 0.080000
40 0.080000
40 0.110000
40 0.080000
40 0.090000
40 0.100000
40 0.080000
40 0.080000
40 0.090000
40 0.110000
40 0.080000
40 0.090000
40 0.080000
40 0.080000
40 0.090000
40 0.090000
40 0.120000
40 0.080000
40 0.080000
40 0.100000
40 0.070000
40 0.090000
40 0.110000
40 0.080000
40 0.080000
40 0.080000
40 0.080000
40 0.080000
40 0.080000
40 0.080000
40 0.080000
40 0.080000
40 0.090000
40 0.190000
40 0.080000
40 0.120000
40 0.090000
40 0.120000
40 0.100000
40 0.090000
40 0.100000
40 0.110000
40 0.080000
40 0.100000
40 0.090000
40 0.080000
40 0.090000
40 0.090000
40 0.090000
40 0.080000
40 0.080000
40 0.160000
40 0.090000
40 0.140000
40 0.080000
40 0.080000
40 0.090000
40 0.090000
40 0.090000
40 0.080000
40 0.080000
40 0.080000
40 0.080000
40 0.080000
40 0.150000
40 0.110000
40 0.090000
40 0.090000
40 0.080000
40 0.080000
40 0.080000
40 0.090000
40 0.080000
40 0.150000
40 0.090000
40 0.090000
40 0.110000
40 0.100000
40 0.080000
40 0.090000
40 0.090000
40 0.080000
40 0.090000
40 0.100000
40 0.080000
40 0.080000
40 0.090000
40 0.270000
40 0.100000
40 0.080000
40 0.080000
40 0.110000
40 0.080000
40 0.080000
40 0.110000
40 0.090000
40 0.080000
40 0.080000
40 0.080000
40 0.090000
40 0.120000
40 0.130000
40 0.080000
40 0.080000
40 0.080000
40 0.080000
40 0.080000
40 0.080000
40 0.100000
40 0.080000
40 0.080000
40 0.080000
40 0.130000
40 0.080000
40 0.090000
40 0.120000
40 0.080000
40 0.180000
40 0.110000
40 0.090000
40 0.080000
40 0.190000
40 0.080000
40 0.100000
40 0.090000
40 0.080000
40 0.100000
40 0.080000
40 0.100000
40 0.080000
40 0.080000
40 0.190000
40 0.080000
40 0.090000
40 0.080000
40 0.080000
40 0.100000
40 0.080000
40 0.070000
40 0.080000
40 0.090000
40 0.070000
40 0.080000
40 0.110000
40 0.100000
40 0.080000
40 0.080000
40 0.090000
40 0.080000
40 0.080000
40 0.080000
40 0.110000
40 0.070000
40 0.070000
40 0.080000
40 0.090000
40 0.120000
40 0.090000
40 0.080000
40 0.080000
40 0.080000
40 0.080000
40 0.080000
40 0.090000
40 0.160000
40 0.080000
40 0.190000
40 0.080000
40 0.080000
40 0.080000
40 0.090000
40 0.080000
40 0.080000
40 0.090000
40 0.090000
40 0.100000
40 0.080000
40 0.100000
40 0.080000
40 0.090000
40 0.110000
40 0.090000
40 0.080000
40 0.090000
40 0.080000
40 0.080000
40 0.090000
40 0.090000
40 0.080000
40 0.080000
40 0.080000
40 0.080000
40 0.100000
40 0.090000
40 0.090000
40 0.100000
40 0.080000
40 0.100000
40 0.080000
40 0.080000
40 0.090000
40 0.070000
40 0.080000
40 0.080000
40 0.140000
40 0.090000
41 0.080000
41 0.080000
41 0.110000
41 0.080000
41 0.080000
41 0.080000
41 0.080000
41 0.130000
41 0.120000
41 0.080000
41 0.130000
41 0.080000
41 0.170000
41 0.120000
41 0.080000
41 0.090000
41 0.080000
41 0.100000
41 0.090000
41 0.080000
41 0.130000
41 0.090000
41 0.100000
41 0.080000
41 0.090000
41 0.110000
41 0.090000
41 0.080000
41 0.080000
41 0.080000
41 0.080000
41 0.090000
41 0.250000
41 0.090000
41 0.090000
41 0.110000
41 0.080000
41 0.080000
41 0.090000
41 0.080000
41 0.080000
41 0.080000
41 0.080000
41 0.090000
41 0.090000
41 0.140000
41 0.100000
41 0.090000
41 0.100000
41 0.090000
41 0.080000
41 0.080000
41 0.100000
41 0.080000
41 0.080000
41 0.080000
41 0.080000
41 0.100000
41 0.080000
41 0.110000
41 0.080000
41 0.080000
41 0.090000
41 0.070000
41 0.080000
41 0.080000
41 0.110000
41 0.100000
41 0.090000
41 0.110000
41 0.120000
41 0.080000
41 0.120000
41 0.080000
41 0.080000
41 0.080000
41 0.080000
41 0.110000
41 0.080000
41 0.070000
41 0.100000
41 0.100000
41 0.070000
41 0.080000
41 0.100000
41 0.080000
41 0.100000
41 0.080000
41 0.080000
41 0.090000
41 0.080000
41 0.080000
41 0.080000
41 0.080000
41 0.080000
41 0.080000
41 0.080000
41 0.080000
41 0.080000
41 0.090000
41 0.080000
41 0.080000
41 0.080000
41 0.110000
41 0.080000
41 0.080000
41 0.090000
41 0.090000
41 0.120000
41 0.100000
41 0.350000
41 0.080000
41 0.090000
41 0.080000
41 0.120000
41 0.090000
41 0.090000
41 0.170000
41 0.110000
41 0.100000
41 0.090000
41 0.080000
41 0.080000
41 0.080000
41 0.080000
41 0.090000
41 0.090000
41 0.150000
41 0.080000
41 0.080000
41 0.090000
41 0.080000
41 0.080000
41 0.080000
41 0.100000
41 0.100000
41 0.080000
41 0.110000
41 0.080000
41 0.120000
41 0.080000
41 0.080000
41 0.080000
41 0.100000
41 0.090000
41 0.080000
41 0.140000
41 0.080000
41 0.080000
41 0.080000
41 0.090000
41 0.080000
41 0.080000
41 0.080000
41 0.080000
41 0.080000
41 0.080000
41 0.080000
41 0.080000
41 0.090000
41 0.100000
41 0.080000
41 0.080000
41 0.080000
41 0.080000
41 0.130000
41 0.100000
41 0.080000
41 0.090000
41 0.110000
41 0.090000
41 0.180000
41 0.080000
41 0.080000
41 0.080000
41 0.080000
41 0.080000
41 0.120000
41 0.090000
41 0.090000
41 0.170000
41 0.080000
41 0.110000
41 0.070000
41 0.090000
41 0.100000
41 0.090000
41 0.080000
41 0.080000
41 0.080000
41 0.080000
41 0.080000
41 0.090000
41 0.080000
41 0.090000
41 0.110000
41 0.080000
41 0.100000
41 0.090000
41 0.080000
41 0.130000
41 0.080000
41 0.080000
41 0.080000
41 0.100000
41 0.100000
41 0.120000
41 0.070000
41 0.100000
41 0.110000
41 0.080000
41 0.080000
41 0.220000
41 0.080000
41 0.100000
41 0.090000
41 0.170000
41 0.080000
41 0.110000
41 0.080000
41 0.090000
41 0.100000
41 0.080000
41 0.090000
41 0.100000
41 0.070000
41 0.090000
41 0.090000
41 0.080000
41 0.080000
41 0.090000
41 0.090000
41 0.080000
41 0.080000
41 0.090000
41 0.080000
41 0.110000
41 0.080000
41 0.080000
41 0.080000
41 0.080000
41 0.080000
41 0.150000
41 0.080000
41 0.080000
41 0.090000
41 0.120000
41 0.070000
41 0.080000
41 0.100000
41 0.080000
41 0.080000
41 0.080000
41 0.080000
41 0.080000
41 0.080000
41 0.090000
41 0.080000
41 0.080000
41 0.080000
41 0.120000
41 0.090000
41 0.080000
41 0.080000
41 0.080000
41 0.090000
41 0.080000
41 0.080000
41 0.080000
41 0.280000
41 0.110000
41 0.080000
41 0.080000
41 0.110000
41 0.100000
41 0.080000
41 0.090000
41 0.080000
41 0.080000
41 0.080000
41 0.090000
41 0.080000
41 0.090000
41 0.080000
41 0.090000
41 0.080000
41 0.090000
41 0.100000
41 0.070000
41 0.080000
41 0.080000
41 0.080000
41 0.080000
41 0.080000
41 0.090000
41 0.210000
41 0.080000
41 0.080000
41 0.080000
41 0.090000
41 0.110000
41 0.080000
41 0.090000
41 0.100000
41 0.080000
41 0.160000
41 0.080000
41 0.090000
41 0.110000
41 0.080000
41 0.080000
41 0.080000
41 0.140000
41 0.090000
41 0.090000
41 0.120000
41 0.100000
41 0.130000
41 0.090000
41 0.080000
41 0.080000
41 0.080000
41 0.100000
41 0.090000
41 0.070000
41 0.090000
41 0.080000
41 0.080000
41 0.130000
41 0.110000
41 0.090000
41 0.110000
41 0.080000
41 0.090000
41 0.090000
41 0.100000
41 0.090000
41 0.090000
41 0.320000
41 0.080000
41 0.090000
41 0.080000
41 0.080000
41 0.080000
41 0.120000
41 0.100000
41 0.080000
41 0.090000
41 0.080000
41 0.080000
41 0.260000
41 0.180000
41 0.090000
41 0.080000
41 0.080000
41 0.080000
41 0.080000
41 0.100000
41 0.080000
41 0.080000
41 0.090000
41 0.120000
41 0.080000
41 0.080000
41 0.100000
41 0.080000
41 0.080000
41 0.080000
41 0.080000
41 0.080000
41 0.080000
41 0.080000
41 0.080000
41 0.090000
41 0.120000
41 0.090000
41 0.080000
41 0.080000
41 0.080000
41 0.080000
41 0.080000
41 0.080000
41 0.080000
41 0.100000
41 0.080000
41 0.080000
41 0.110000
41 0.080000
41 0.070000
41 0.080000
41 0.100000
41 0.070000
41 0.230000
41 0.080000
41 0.080000
41 0.080000
41 0.090000
41 0.080000
41 0.080000
41 0.080000
41 0.120000
41 0.100000
41 0.090000
41 0.080000
41 0.090000
41 0.090000
41 0.100000
41 0.100000
41 0.100000
41 0.080000
41 0.100000
41 0.080000
41 0.080000
41 0.120000
42 0.080000
42 0.080000
42 0.090000
42 0.090000
42 0.110000
42 0.090000
42 0.100000
42 0.070000
42 0.080000
42 0.090000
42 0.080000
42 0.080000
42 0.080000
42 0.090000
42 0.080000
42 0.080000
42 0.090000
42 0.090000
42 0.100000
42 0.090000
42 0.110000
42 0.080000
42 0.080000
42 0.080000
42 0.080000
42 0.100000
42 0.080000
42 0.090000
42 0.120000
42 0.100000
42 0.080000
42 0.080000
42 0.100000
42 0.090000
42 0.070000
42 0.110000
42 0.110000
42 0.100000
42 0.080000
42 0.090000
42 0.090000
42 0.070000
42 0.100000
42 0.120000
42 0.100000
42 0.090000
42 0.080000
42 0.080000
42 0.090000
42 0.080000
42 0.080000
42 0.080000
42 0.090000
42 0.080000
42 0.080000
42 0.080000
42 0.080000
42 0.090000
42 0.100000
42 0.090000
42 0.080000
42 0.080000
42 0.080000
42 0.110000
42 0.090000
42 0.100000
42 0.080000
42 0.090000
42 0.090000
42 0.080000
42 0.100000
42 0.090000
42 0.090000
42 0.080000
42 0.080000
42 0.100000
42 0.080000
42 0.110000
42 0.110000
42 0.080000
42 0.080000
42 0.080000
42 0.100000
42 0.080000
42 0.080000
42 0.100000
42 0.110000
42 0.080000
42 0.110000
42 0.080000
42 0.080000
42 0.080000
42 0.080000
42 0.100000
42 0.080000
42 0.100000
42 0.090000
42 0.130000
42 0.080000
42 0.090000
42 0.090000
42 0.080000
42 0.110000
42 0.080000
42 0.100000
42 0.080000
42 0.090000
42 0.080000
42 0.080000
42 0.080000
42 0.080000
42 0.090000
42 0.080000
42 0.100000
42 0.090000
42 0.090000
42 0.130000
42 0.110000
42 0.120000
42 0.090000
42 0.080000
42 0.080000
42 0.090000
42 0.080000
42 0.110000
42 0.080000
42 0.080000
42 0.090000
42 0.080000
42 0.120000
42 0.120000
42 0.080000
42 0.080000
42 0.080000
42 0.080000
42 0.100000
42 0.080000
42 0.080000
42 0.100000
42 0.080000
42 0.080000
42 0.080000
42 0.090000
42 0.080000
42 0.080000
42 0.090000
42 0.080000
42 0.120000
42 0.140000
42 0.110000
42 0.080000
42 0.100000
42 0.100000
42 0.090000
42 0.090000
42 0.100000
42 0.080000
42 0.090000
42 0.080000
42 0.080000
42 0.290000
42 0.190000
42 0.080000
42 0.080000
42 0.080000
42 0.080000
42 0.160000
42 0.090000
42 0.090000
42 0.080000
42 0.080000
42 0.090000
42 0.160000
42 0.090000
42 0.080000
42 0.080000
42 0.080000
42 0.080000
42 0.100000
42 0.100000
42 0.090000
42 0.120000
42 0.080000
42 0.090000
42 0.090000
42 0.080000
42 0.120000
42 0.080000
42 0.090000
42 0.080000
42 0.090000
42 0.110000
42 0.080000
42 0.090000
42 0.080000
42 0.090000
42 0.090000
42 0.080000
42 0.100000
42 0.090000
42 0.100000
42 0.080000
42 0.110000
42 0.080000
42 0.160000
42 0.080000
42 0.110000
42 0.140000
42 0.090000
42 0.090000
42 0.080000
42 0.080000
42 0.080000
42 0.080000
42 0.080000
42 0.080000
42 0.080000
42 0.080000
42 0.090000
42 0.080000
42 0.110000
42 0.080000
42 0.080000
42 0.080000
42 0.090000
42 0.130000
42 0.080000
42 0.170000
42 0.160000
42 0.100000
42 0.080000
42 0.090000
42 0.080000
42 0.120000
42 0.110000
42 0.090000
42 0.080000
42 0.080000
42 0.080000
42 0.100000
42 0.090000
42 0.090000
42 0.080000
42 0.080000
42 0.080000
42 0.080000
42 0.080000
42 0.080000
42 0.080000
42 0.080000
42 0.100000
42 0.080000
42 0.120000
42 0.090000
42 0.090000
42 0.100000
42 0.080000
42 0.080000
42 0.110000
42 0.080000
42 0.080000
42 0.120000
42 0.110000
42 0.080000
42 0.090000
42 0.150000
42 0.080000
42 0.100000
42 0.110000
42 0.090000
42 0.090000
42 0.070000
42 0.080000
42 0.110000
42 0.080000
42 0.110000
42 0.090000
42 0.090000
42 0.090000
42 0.080000
42 0.080000
42 0.080000
42 0.090000
42 0.100000
42 0.090000
42 0.110000
42 0.100000
42 0.080000
42 0.080000
42 0.190000
42 0.090000
42 0.080000
42 0.080000
42 0.090000
42 0.110000
42 0.120000
42 0.090000
42 0.080000
42 0.100000
42 0.080000
42 0.080000
42 0.070000
42 0.100000
42 0.080000
42 0.100000
42 0.160000
42 0.080000
42 0.090000
42 0.110000
42 0.080000
42 0.080000
42 0.080000
42 0.080000
42 0.080000
42 0.080000
42 0.090000
42 0.080000
42 0.100000
42 0.090000
42 0.080000
42 0.090000
42 0.080000
42 0.080000
42 0.090000
42 0.080000
42 0.100000
42 0.110000
42 0.160000
42 0.080000
42 0.100000
42 0.080000
42 0.080000
42 0.080000
42 0.090000
42 0.090000
42 0.090000
42 0.080000
42 0.110000
42 0.080000
42 0.080000
42 0.140000
42 0.110000
42 0.090000
42 0.080000
42 0.080000
42 0.080000
42 0.080000
42 0.080000
42 0.070000
42 0.090000
42 0.080000
42 0.100000
42 0.100000
42 0.080000
42 0.080000
42 0.100000
42 0.110000
42 0.110000
42 0.080000
42 0.110000
42 0.120000
42 0.090000
42 0.100000
42 0.120000
42 0.080000
42 0.080000
42 0.080000
42 0.090000
42 0.140000
42 0.090000
42 0.070000
42 0.130000
42 0.090000
42 0.090000
42 0.080000
42 0.100000
42 0.080000
42 0.080000
42 0.090000
42 0.090000
42 0.200000
42 0.080000
42 0.090000
42 0.080000
42 0.080000
42 0.080000
42 0.170000
42 0.080000
42 0.090000
42 0.080000
42 0.120000
42 0.080000
42 0.100000
42 0.080000
42 0.090000
42 0.100000
42 0.110000
42 0.120000
42 0.090000
42 0.090000
42 0.080000
42 0.080000
42 0.090000
42 0.080000
42 0.120000
42 0.090000
42 0.080000
42 0.080000
42 0.090000
42 0.090000
42 0.090000
42 0.080000
42 0.110000
42 0.080000
42 0.110000
42 0.070000
42 0.080000
42 0.080000
42 0.080000
42 0.100000
42 0.090000
42 0.090000
42 0.080000
42 0.080000
42 0.090000
42 0.080000
42 0.080000
42 0.090000
42 0.080000
42 0.080000
42 0.080000
42 0.090000
42 0.090000
42 0.080000
42 0.110000
42 0.080000
42 0.080000
42 0.100000
42 0.070000
42 0.080000
42 0.090000
42 0.080000
42 0.100000
42 0.080000
42 0.080000
42 0.080000
42 0.080000
42 0.080000
42 0.080000
42 0.090000
42 0.080000
42 0.090000
42 0.080000
42 0.080000
42 0.100000
42 0.080000
42 0.090000
42 0.080000
42 0.080000
42 0.080000
42 0.230000
42 0.090000
42 0.080000
42 0.080000
42 0.080000
42 0.080000
42 0.090000
42 0.090000
42 0.300000
42 0.080000
42 0.080000
42 0.110000
42 0.110000
42 0.080000
42 0.170000
42 0.080000
42 0.110000
42 0.080000
42 0.080000
42 0.080000
42 0.110000
42 0.080000
42 0.120000
42 0.100000
42 0.810000
42 0.090000
42 0.100000
42 0.100000
42 0.090000
42 0.090000
42 0.090000
42 0.110000
42 0.080000
42 0.080000
42 0.100000
42 0.080000
42 0.080000
42 0.090000
42 0.080000
42 0.080000
42 0.090000
42 0.090000
42 0.080000
42 0.080000
42 0.080000
42 0.080000
42 0.080000
42 0.080000
42 0.080000
42 0.080000
42 0.080000
42 0.080000
42 0.090000
42 0.090000
42 0.080000
42 0.080000
42 0.080000
42 0.070000
42 0.080000
42 0.100000
42 0.080000
42 0.090000
42 0.090000
42 0.080000
42 0.080000
42 0.120000
42 0.110000
42 0.080000
42 0.100000
42 0.080000
42 0.090000
42 0.080000
42 0.100000
42 0.080000
42 0.080000
42 0.080000
42 0.170000
42 0.090000
42 0.090000
42 0.090000
42 0.070000
42 0.100000
42 0.080000
42 0.090000
42 0.090000
42 0.090000
42 0.100000
42 0.090000
42 0.080000
42 0.100000
42 0.090000
42 0.120000
42 0.090000
42 0.080000
42 0.100000
42 0.080000
42 0.090000
42 0.070000
42 0.100000
