#n running-time
22 1.580000
22 1.620000
23 1.200000
23 0.990000
23 1.580000
23 2.860000
23 1.100000
23 1.280000
23 4.140000
23 1.200000
23 1.590000
24 2.430000
24 3.350000
24 2.350000
24 3.020000
24 2.870000
24 2.190000
24 1.980000
24 2.470000
24 3.290000
24 1.570000
24 2.370000
24 1.780000
24 2.090000
24 1.290000
24 1.910000
24 2.530000
24 1.570000
24 1.370000
24 2.570000
24 2.430000
24 3.540000
24 1.680000
24 2.650000
24 3.170000
24 5.470000
24 1.050000
24 1.750000
24 3.170000
24 3.490000
24 1.980000
24 2.380000
24 1.730000
24 1.880000
24 1.060000
24 2.560000
24 0.700000
24 1.700000
24 2.140000
25 2.070000
25 3.220000
25 2.150000
25 3.560000
25 1.370000
25 1.950000
25 3.100000
25 4.210000
25 1.810000
25 0.990000
25 5.020000
25 5.120000
25 2.360000
25 1.700000
25 5.050000
25 2.790000
25 1.780000
25 3.420000
25 0.740000
25 4.190000
25 0.880000
25 2.480000
25 3.980000
25 3.860000
25 2.570000
25 2.400000
25 2.200000
25 4.130000
25 1.480000
25 1.920000
25 4.900000
25 16.280000
25 2.630000
25 1.330000
25 1.320000
25 2.700000
25 2.950000
25 2.260000
25 2.550000
25 0.760000
25 1.260000
25 24.790000
25 3.420000
25 1.310000
25 1.430000
25 4.410000
25 1.130000
25 2.220000
25 2.850000
25 2.550000
25 2.250000
25 2.130000
25 4.270000
25 2.500000
25 3.350000
25 7.370000
25 8.910000
25 1.440000
25 3.080000
25 1.460000
25 3.950000
25 2.090000
25 1.770000
25 1.890000
25 1.820000
25 1.680000
25 1.920000
25 0.930000
25 4.110000
25 2.220000
25 2.140000
25 2.200000
25 1.960000
25 2.430000
25 3.090000
25 5.090000
25 4.180000
25 0.900000
25 7.430000
25 2.500000
25 6.610000
25 7.710000
25 2.920000
25 3.510000
25 2.080000
25 2.880000
25 1.400000
25 5.930000
25 1.750000
26 2.320000
26 1.330000
26 3.150000
26 5.380000
26 3.600000
26 7.850000
26 2.600000
26 3.190000
26 3.780000
26 13.670000
26 3.880000
26 6.660000
26 1.210000
26 9.160000
26 4.840000
26 3.700000
26 2.330000
26 4.730000
26 7.270000
26 1.440000
26 4.070000
26 2.390000
26 4.500000
26 0.860000
26 8.310000
26 7.030000
26 2.140000
26 2.660000
26 4.030000
26 11.520000
26 2.950000
26 7.020000
26 1.500000
26 6.140000
26 2.660000
26 4.040000
26 7.410000
26 3.650000
26 1.150000
26 2.040000
26 3.430000
26 5.630000
26 2.040000
26 10.640000
26 4.420000
26 8.090000
26 4.940000
26 1.470000
26 6.420000
26 6.320000
26 2.860000
26 1.240000
26 1.650000
26 1.350000
26 10.890000
26 4.250000
26 2.210000
26 5.420000
26 20.280000
26 4.570000
26 7.020000
26 2.670000
26 4.560000
26 4.960000
26 4.430000
26 4.920000
26 1.550000
26 8.080000
26 3.280000
26 3.780000
26 3.870000
26 3.730000
26 3.520000
26 2.220000
26 3.220000
26 3.880000
26 1.200000
26 8.880000
26 7.350000
26 5.000000
26 2.290000
26 3.120000
26 4.060000
26 8.960000
26 3.070000
26 2.150000
26 3.700000
26 1.880000
26 3.910000
26 3.770000
26 1.450000
26 3.080000
26 1.690000
26 1.680000
26 1.510000
26 0.880000
26 2.680000
26 5.610000
26 4.280000
26 0.760000
26 3.680000
26 3.780000
26 3.290000
26 5.080000
26 2.850000
26 1.240000
26 6.120000
26 2.360000
26 6.410000
26 8.680000
26 5.260000
26 3.160000
26 1.510000
26 8.560000
26 3.420000
26 5.220000
26 3.720000
26 2.590000
26 2.370000
26 6.050000
26 1.850000
26 2.200000
26 3.510000
26 3.980000
26 2.790000
26 1.260000
26 0.980000
26 9.270000
26 3.410000
26 2.330000
26 3.410000
26 1.880000
26 0.930000
26 2.830000
26 3.590000
26 3.600000
26 1.730000
26 6.020000
26 0.940000
26 3.090000
26 3.810000
26 9.690000
26 3.680000
26 2.790000
26 3.450000
26 7.210000
26 9.510000
26 6.770000
26 7.430000
26 7.290000
26 3.640000
26 1.320000
26 11.890000
26 4.950000
26 1.680000
26 6.000000
26 6.860000
26 3.590000
26 2.560000
26 2.530000
26 2.450000
26 12.270000
26 3.810000
26 4.200000
26 3.860000
26 6.000000
26 5.810000
26 5.590000
26 3.660000
26 4.160000
26 3.910000
26 4.710000
26 8.540000
26 10.580000
26 6.150000
26 8.760000
26 8.180000
26 1.480000
26 5.900000
26 2.110000
26 1.760000
26 2.900000
26 4.550000
26 1.290000
27 2.200000
27 3.600000
27 6.850000
27 2.020000
27 4.080000
27 7.810000
27 9.750000
27 4.370000
27 1.760000
27 20.810000
27 3.330000
27 5.810000
27 4.460000
27 1.710000
27 27.650000
27 6.810000
27 8.240000
27 2.160000
27 5.740000
27 10.430000
27 2.540000
27 10.350000
27 8.470000
27 3.020000
27 3.000000
27 3.480000
27 6.580000
27 3.250000
27 2.580000
27 8.100000
27 1.960000
27 1.910000
27 1.910000
27 14.780000
27 4.760000
27 5.820000
27 6.790000
27 2.620000
27 3.630000
27 3.280000
27 2.880000
27 5.470000
27 2.540000
27 2.290000
27 4.110000
27 8.800000
27 8.010000
27 2.160000
27 6.810000
27 6.530000
27 4.500000
27 1.290000
27 1.980000
27 2.990000
27 2.750000
27 4.230000
27 8.050000
27 5.860000
27 3.150000
27 4.420000
27 9.320000
27 3.190000
27 2.940000
27 6.150000
27 1.150000
27 8.670000
27 4.260000
27 7.970000
27 5.580000
27 16.390000
27 2.310000
27 1.650000
27 4.240000
27 7.770000
27 2.140000
27 10.060000
27 5.170000
27 18.900000
27 10.280000
27 3.950000
27 6.190000
27 5.320000
27 4.380000
27 12.320000
27 10.600000
27 1.320000
27 2.750000
27 1.870000
27 5.960000
27 2.700000
27 1.760000
27 2.170000
27 8.170000
27 3.320000
27 1.470000
27 5.400000
27 4.870000
27 31.710000
27 10.230000
27 45.160000
27 5.560000
27 5.470000
27 4.010000
27 3.540000
27 4.080000
27 1.580000
27 10.060000
27 6.950000
27 5.640000
27 6.410000
27 5.730000
27 12.210000
27 7.890000
27 3.170000
27 3.900000
27 5.370000
27 3.900000
27 5.140000
27 2.370000
27 5.980000
27 2.230000
27 3.140000
27 8.930000
27 10.140000
27 5.970000
27 16.130000
27 2.760000
27 2.110000
27 12.620000
27 4.300000
27 3.810000
27 1.780000
27 2.500000
27 4.830000
27 2.620000
27 13.450000
27 6.340000
27 5.780000
27 3.200000
27 5.200000
27 5.450000
27 4.610000
27 6.100000
27 12.600000
27 5.010000
27 5.630000
27 9.250000
27 5.440000
27 4.330000
27 3.530000
27 5.760000
27 7.190000
27 3.710000
27 29.160000
27 4.580000
27 5.430000
27 3.920000
27 3.470000
27 7.780000
27 2.030000
27 4.920000
27 5.290000
27 3.150000
27 5.110000
27 9.500000
27 7.010000
27 17.770000
27 2.180000
27 4.800000
27 2.680000
27 6.240000
27 3.480000
27 7.320000
27 2.980000
27 15.950000
27 4.720000
27 3.990000
27 6.840000
27 7.160000
27 5.480000
27 9.670000
27 3.610000
27 3.390000
27 3.680000
27 2.860000
27 2.130000
27 5.450000
27 3.340000
27 2.930000
27 6.400000
27 4.230000
27 1.170000
27 4.910000
27 5.140000
27 2.200000
27 3.540000
27 17.130000
27 6.080000
27 4.070000
27 8.410000
27 1.700000
27 2.560000
27 2.590000
27 1.970000
27 2.810000
27 8.620000
27 3.850000
27 2.420000
27 4.260000
27 13.920000
27 3.230000
27 3.220000
27 6.670000
27 2.770000
27 3.750000
27 5.710000
27 3.640000
27 2.550000
27 1.990000
27 3.680000
27 2.120000
27 4.770000
27 4.720000
27 4.580000
27 3.260000
27 9.650000
27 15.510000
27 3.530000
27 2.690000
27 3.830000
27 1.620000
27 2.820000
27 4.130000
27 5.860000
27 3.350000
27 7.030000
27 6.450000
27 5.860000
27 3.550000
27 2.620000
27 4.650000
27 4.660000
27 4.330000
27 16.330000
27 16.520000
27 7.890000
27 3.840000
27 8.220000
27 4.910000
27 2.950000
27 3.340000
27 5.400000
27 8.870000
27 6.030000
27 4.920000
27 4.220000
27 1.880000
27 2.270000
27 4.720000
27 1.820000
27 3.100000
27 6.510000
27 3.760000
27 2.810000
27 6.430000
27 3.570000
27 4.820000
27 4.490000
27 5.600000
27 6.540000
27 16.010000
27 3.180000
27 2.150000
27 2.700000
28 10.760000
28 4.380000
28 6.910000
28 2.510000
28 4.230000
28 14.440000
28 3.570000
28 7.090000
28 8.620000
28 8.040000
28 6.630000
28 9.870000
28 4.230000
28 4.160000
28 2.930000
28 10.930000
28 2.680000
28 8.440000
28 5.930000
28 8.690000
28 2.930000
28 8.440000
28 24.990000
28 8.130000
28 5.570000
28 8.420000
28 2.070000
28 3.640000
28 6.980000
28 4.920000
28 5.090000
28 6.140000
28 18.830000
28 8.270000
28 11.340000
28 2.700000
28 7.080000
28 30.310000
28 3.660000
28 8.100000
28 6.940000
28 14.410000
28 6.910000
28 8.130000
28 2.570000
28 12.270000
28 9.770000
28 2.850000
28 2.820000
28 5.750000
28 5.890000
28 15.490000
28 10.530000
28 8.210000
28 7.860000
28 6.570000
28 5.380000
28 27.530000
28 3.740000
28 10.100000
28 4.130000
28 15.490000
28 8.100000
28 2.380000
28 1.600000
28 10.730000
28 20.150000
28 7.580000
28 6.140000
28 7.930000
28 7.590000
28 3.560000
28 9.970000
28 6.400000
28 3.780000
28 3.200000
28 3.460000
28 4.590000
28 7.410000
28 8.710000
28 7.340000
28 2.980000
28 8.500000
28 7.960000
28 7.500000
28 9.660000
28 5.940000
28 3.960000
28 10.860000
28 4.290000
28 12.130000
28 2.800000
28 8.760000
28 5.510000
28 4.250000
28 4.190000
28 11.260000
28 5.440000
28 6.300000
28 11.240000
28 2.940000
28 6.550000
28 18.660000
28 9.160000
28 1.440000
28 15.610000
28 5.580000
28 5.230000
28 7.740000
28 4.380000
28 9.820000
28 5.520000
28 3.140000
28 8.350000
28 10.040000
28 10.210000
28 12.000000
28 2.620000
28 2.650000
28 10.860000
28 12.360000
28 6.180000
28 8.650000
28 5.840000
28 4.990000
28 5.790000
28 13.180000
28 3.840000
28 5.040000
28 4.410000
28 7.570000
28 3.960000
28 1.970000
28 5.300000
28 2.330000
28 1.610000
28 4.950000
28 13.510000
28 17.570000
28 15.880000
28 14.760000
28 8.600000
28 1.250000
28 4.870000
28 4.860000
28 17.200000
28 9.310000
28 11.550000
28 8.800000
28 11.980000
28 1.750000
28 6.520000
28 5.020000
28 4.260000
28 9.190000
28 6.690000
28 8.570000
28 2.480000
28 7.540000
28 3.830000
28 4.970000
28 10.100000
28 5.380000
28 4.300000
28 13.110000
28 5.650000
28 2.880000
28 3.540000
28 10.920000
28 16.380000
28 3.320000
28 7.550000
28 4.280000
28 9.610000
28 3.420000
28 16.290000
28 7.500000
28 6.940000
28 11.110000
28 12.040000
28 3.490000
28 3.550000
28 5.050000
28 11.610000
28 22.170000
28 15.490000
28 13.610000
28 1.550000
28 9.320000
28 5.840000
28 5.820000
28 5.820000
28 6.710000
28 3.230000
28 7.040000
28 19.170000
28 6.120000
28 4.640000
28 5.380000
28 10.640000
28 6.020000
28 1.810000
28 8.860000
28 6.290000
28 4.410000
28 10.710000
28 9.750000
28 10.720000
28 8.790000
28 3.250000
28 9.630000
28 5.510000
28 10.130000
28 8.120000
28 2.610000
28 2.750000
28 13.010000
28 2.680000
28 3.440000
28 5.290000
28 2.600000
28 3.310000
28 8.940000
28 6.460000
28 5.720000
28 3.140000
28 4.030000
28 36.720000
28 8.100000
28 5.090000
28 3.240000
28 3.410000
28 4.350000
28 8.740000
28 17.100000
28 7.150000
28 7.660000
28 1.430000
28 6.790000
28 1.760000
28 2.780000
28 4.070000
28 6.020000
28 10.000000
28 2.560000
28 2.630000
28 9.020000
28 2.650000
28 18.970000
28 10.630000
28 2.880000
28 4.060000
28 9.710000
28 2.650000
28 2.850000
28 2.650000
28 5.820000
28 2.060000
28 9.330000
28 2.740000
28 9.950000
28 9.940000
28 7.000000
28 2.430000
28 6.270000
28 7.470000
28 3.360000
28 4.240000
28 1.500000
28 9.040000
28 9.390000
28 4.170000
28 4.660000
28 3.270000
28 2.880000
28 19.160000
28 12.670000
28 2.920000
28 4.450000
28 5.020000
28 3.480000
28 5.790000
28 4.650000
28 5.250000
28 14.630000
28 3.160000
28 10.610000
28 8.640000
28 17.920000
28 11.250000
28 6.360000
28 10.390000
28 10.120000
28 2.810000
28 11.660000
28 11.950000
28 4.900000
28 3.160000
28 1.310000
28 4.470000
28 6.000000
28 6.340000
28 5.850000
28 15.840000
28 9.250000
28 11.990000
28 16.360000
28 5.430000
28 6.570000
28 6.950000
28 6.910000
28 6.230000
28 7.290000
28 9.010000
28 2.040000
28 22.500000
28 5.570000
28 6.510000
28 5.900000
28 8.770000
28 4.630000
28 9.290000
28 2.200000
28 4.530000
28 5.350000
28 15.810000
28 2.010000
28 1.950000
28 4.740000
28 4.120000
28 9.750000
28 5.570000
28 7.400000
28 3.190000
28 9.580000
28 7.030000
28 5.970000
28 8.600000
28 4.830000
28 3.950000
28 9.560000
28 3.180000
28 2.290000
28 6.670000
28 5.590000
28 7.580000
28 14.700000
28 4.750000
28 3.930000
28 5.260000
29 5.030000
29 8.010000
29 2.200000
29 3.980000
29 7.160000
29 8.770000
29 8.130000
29 5.450000
29 9.360000
29 13.780000
29 3.950000
29 6.600000
29 12.510000
29 4.690000
29 3.790000
29 11.010000
29 3.540000
29 8.270000
29 5.090000
29 5.010000
29 4.280000
29 13.230000
29 7.550000
29 8.030000
29 10.640000
29 8.640000
29 7.520000
29 10.070000
29 4.060000
29 8.250000
29 3.130000
29 22.000000
29 2.950000
29 4.880000
29 4.700000
29 19.310000
29 5.290000
29 12.830000
29 11.570000
29 6.020000
29 10.340000
29 7.760000
29 17.810000
29 12.950000
29 3.210000
29 11.010000
29 5.500000
29 6.040000
29 14.970000
29 5.080000
29 7.950000
29 4.830000
29 4.890000
29 4.240000
29 7.940000
29 17.130000
29 5.270000
29 5.360000
29 24.860000
29 7.710000
29 9.810000
29 15.100000
29 7.470000
29 5.770000
29 6.810000
29 10.910000
29 10.390000
29 4.900000
29 5.470000
29 4.660000
29 5.340000
29 13.790000
29 10.400000
29 11.070000
29 6.720000
29 2.560000
29 27.940000
29 6.180000
29 7.090000
29 7.480000
29 3.560000
29 5.220000
29 7.080000
29 11.130000
29 16.700000
29 2.120000
29 11.930000
29 4.250000
29 10.320000
29 5.530000
29 25.940000
29 10.250000
29 9.950000
29 5.740000
29 2.510000
29 7.210000
29 3.140000
29 10.400000
29 7.470000
29 5.680000
29 4.970000
29 11.700000
29 3.660000
29 13.400000
29 4.330000
29 11.330000
29 22.420000
29 12.590000
29 7.470000
29 8.300000
29 5.070000
29 4.800000
29 10.560000
29 9.460000
29 19.040000
29 9.250000
29 7.510000
29 3.880000
29 8.640000
29 2.430000
29 11.840000
29 26.360000
29 12.700000
29 29.240000
29 7.610000
29 14.140000
29 16.050000
29 9.000000
29 8.800000
29 5.580000
29 7.460000
29 15.990000
29 10.260000
29 3.060000
29 12.140000
29 4.100000
29 9.600000
29 5.820000
29 12.670000
29 9.540000
29 8.670000
29 13.830000
29 21.770000
29 4.110000
29 13.450000
29 9.250000
29 23.370000
29 6.720000
29 7.330000
29 2.760000
29 2.660000
29 10.450000
29 10.840000
29 5.820000
29 8.350000
29 13.270000
29 13.930000
29 5.030000
29 5.600000
29 3.040000
29 2.370000
29 2.770000
29 1.920000
29 7.270000
29 10.870000
29 3.560000
29 20.180000
29 10.990000
29 27.120000
29 22.270000
29 2.660000
29 16.800000
29 5.580000
29 4.230000
29 10.800000
29 7.160000
29 16.930000
29 7.230000
29 4.440000
29 12.690000
29 6.050000
29 5.570000
29 3.200000
29 13.680000
29 9.540000
29 7.700000
29 10.250000
29 4.990000
29 4.400000
29 19.360000
29 8.420000
29 5.940000
29 7.480000
29 4.830000
29 13.070000
29 8.880000
29 18.220000
29 7.210000
29 8.130000
29 13.400000
29 12.120000
29 10.990000
29 4.840000
29 5.500000
29 8.930000
29 7.870000
29 5.080000
29 7.310000
29 3.190000
29 3.990000
29 3.610000
29 6.160000
29 3.130000
29 21.130000
29 4.690000
29 9.780000
29 13.180000
29 3.600000
29 11.120000
29 3.640000
29 10.540000
29 6.680000
29 6.620000
29 7.180000
29 11.550000
29 2.710000
29 7.200000
29 13.350000
29 6.010000
29 12.790000
29 2.420000
29 3.000000
29 9.550000
29 12.700000
29 4.660000
29 2.060000
29 6.970000
29 7.690000
29 8.630000
29 21.750000
29 7.060000
29 10.850000
29 20.290000
29 4.180000
29 10.160000
29 11.290000
29 6.830000
29 10.730000
29 1.390000
29 5.840000
29 11.660000
29 10.690000
29 14.700000
29 13.800000
29 20.420000
29 10.180000
29 19.730000
29 6.790000
29 5.850000
29 15.420000
29 7.990000
29 16.720000
29 8.490000
29 8.700000
29 9.130000
29 19.830000
29 5.340000
29 2.460000
29 12.100000
29 18.480000
29 5.780000
29 9.740000
29 2.670000
29 3.360000
29 10.550000
29 17.850000
29 17.010000
29 2.440000
29 17.590000
29 7.530000
29 5.660000
29 2.600000
29 3.810000
29 4.560000
29 8.590000
29 3.360000
29 4.940000
29 9.910000
29 4.780000
29 3.550000
29 4.200000
29 6.420000
29 5.490000
29 7.370000
29 23.060000
29 4.950000
29 11.040000
29 13.310000
29 14.880000
29 3.790000
29 19.850000
29 2.610000
29 11.140000
29 10.220000
29 12.100000
29 4.710000
29 9.930000
29 9.980000
29 22.180000
29 3.120000
29 16.750000
29 8.130000
29 7.480000
29 14.230000
29 3.110000
29 26.820000
29 19.340000
29 10.070000
29 11.860000
29 5.420000
29 16.380000
29 6.280000
29 8.670000
29 9.570000
29 4.920000
29 6.740000
29 13.110000
29 6.880000
29 7.470000
29 22.940000
29 2.190000
29 9.210000
29 15.660000
29 9.730000
29 10.140000
29 4.010000
29 18.710000
29 11.560000
29 23.010000
29 4.160000
29 14.970000
29 17.130000
29 10.180000
29 3.750000
29 2.570000
29 10.980000
29 23.500000
29 5.650000
29 22.950000
29 6.410000
29 15.870000
29 10.890000
29 4.930000
29 9.580000
29 4.280000
29 8.340000
29 2.170000
29 11.760000
29 3.090000
29 18.120000
29 25.930000
29 20.070000
29 11.560000
29 8.470000
29 13.090000
29 4.270000
29 30.010000
29 14.860000
29 3.600000
29 3.320000
29 8.540000
29 2.350000
29 17.650000
29 8.010000
29 6.810000
29 13.500000
29 12.720000
29 2.570000
29 5.280000
29 14.400000
29 5.860000
29 4.690000
29 2.110000
29 6.900000
29 4.030000
29 5.650000
29 9.190000
29 4.540000
29 11.800000
29 12.840000
29 3.740000
29 8.910000
29 4.180000
29 9.700000
29 4.500000
29 14.730000
29 8.330000
29 3.000000
29 13.880000
29 29.160000
29 3.950000
29 5.290000
29 5.390000
29 9.540000
29 10.760000
29 7.130000
29 6.110000
29 6.100000
29 11.980000
29 3.910000
29 5.380000
29 7.050000
29 6.590000
29 6.700000
29 30.850000
30 8.890000
30 25.950000
30 2.690000
30 31.820000
30 11.750000
30 30.760000
30 8.450000
30 15.110000
30 16.720000
30 12.900000
30 10.960000
30 25.800000
30 5.530000
30 6.900000
30 8.250000
30 7.470000
30 9.560000
30 2.700000
30 6.750000
30 11.120000
30 22.750000
30 23.000000
30 14.660000
30 6.230000
30 8.860000
30 6.730000
30 7.480000
30 47.250000
30 9.790000
30 8.730000
30 8.310000
30 29.310000
30 10.200000
30 16.530000
30 5.120000
30 5.780000
30 6.220000
30 18.120000
30 3.470000
30 50.350000
30 32.130000
30 10.290000
30 25.430000
30 5.570000
30 44.520000
30 18.730000
30 3.880000
30 19.030000
30 12.960000
30 18.710000
30 19.880000
30 20.350000
30 3.910000
30 17.940000
30 7.550000
30 5.500000
30 7.180000
30 8.980000
30 11.320000
30 14.370000
30 8.410000
30 3.930000
30 3.840000
30 5.540000
30 11.010000
30 5.390000
30 45.440000
30 5.150000
30 6.720000
30 6.940000
30 17.570000
30 13.760000
30 20.860000
30 9.640000
30 12.270000
30 6.440000
30 8.540000
30 7.410000
30 27.560000
30 12.420000
30 14.390000
30 3.810000
30 14.610000
30 9.910000
30 18.180000
30 16.780000
30 18.790000
30 12.670000
30 13.820000
30 22.290000
30 5.340000
30 22.790000
30 28.780000
30 9.910000
30 54.300000
30 11.400000
30 46.360000
30 33.760000
30 10.570000
30 25.490000
30 74.420000
30 9.100000
30 10.100000
30 6.470000
30 8.910000
30 6.980000
30 3.320000
30 6.700000
30 9.260000
30 8.990000
30 11.350000
30 19.280000
30 28.320000
30 11.450000
30 3.990000
30 6.380000
30 11.210000
30 6.850000
30 5.900000
30 7.050000
30 13.920000
30 23.150000
30 13.850000
30 14.340000
30 2.930000
30 8.900000
30 6.800000
30 19.760000
30 28.180000
30 14.960000
30 13.900000
30 4.180000
30 14.730000
30 10.880000
30 12.670000
30 10.780000
30 4.210000
30 4.880000
30 11.190000
30 12.150000
30 4.940000
30 8.490000
30 8.150000
30 3.140000
30 12.510000
30 10.680000
30 33.930000
30 8.640000
30 14.360000
30 6.920000
30 3.330000
30 6.140000
30 18.710000
30 16.970000
30 10.100000
30 5.590000
30 4.890000
30 19.210000
30 27.530000
30 17.110000
30 6.640000
30 14.910000
30 11.830000
30 8.520000
30 5.490000
30 37.560000
30 12.430000
30 8.530000
30 18.270000
30 19.520000
30 33.430000
30 36.690000
30 6.920000
30 35.660000
30 18.800000
30 12.770000
30 25.770000
30 4.810000
30 14.590000
30 9.960000
30 35.810000
30 16.660000
30 10.970000
30 1.340000
30 9.100000
30 4.420000
30 7.100000
30 14.530000
30 3.700000
30 9.340000
30 6.870000
30 19.100000
30 2.370000
30 10.530000
30 8.230000
30 37.820000
30 10.380000
30 11.980000
30 9.800000
30 16.550000
30 16.280000
30 4.020000
30 17.480000
30 2.860000
30 8.840000
30 20.550000
30 24.990000
30 17.360000
30 11.100000
30 10.840000
30 21.750000
30 35.040000
30 13.530000
30 8.940000
30 25.770000
30 9.700000
30 6.180000
30 16.700000
30 12.590000
30 16.810000
30 6.520000
30 30.460000
30 9.050000
30 3.670000
30 11.810000
30 20.560000
30 10.900000
30 16.200000
30 9.080000
30 22.310000
30 27.330000
30 10.410000
30 8.410000
30 13.690000
30 4.350000
30 35.130000
30 2.210000
30 10.160000
30 11.530000
30 19.090000
30 8.740000
30 28.560000
30 3.960000
30 14.060000
30 7.380000
30 13.870000
30 7.260000
30 35.190000
30 27.700000
30 4.130000
30 5.170000
30 8.490000
30 14.880000
30 12.800000
30 14.070000
30 9.950000
30 16.790000
30 16.120000
30 14.310000
30 11.820000
30 8.650000
30 6.310000
30 13.760000
30 14.290000
30 30.580000
30 20.080000
30 27.050000
30 5.360000
30 7.320000
30 12.500000
30 5.380000
30 19.140000
30 7.430000
30 14.310000
30 18.570000
30 3.110000
30 7.780000
30 11.690000
30 11.550000
30 2.830000
30 13.540000
30 5.890000
30 8.970000
30 12.780000
30 5.600000
30 14.970000
30 9.320000
30 13.630000
30 33.370000
30 15.400000
30 5.910000
30 11.020000
30 24.160000
30 11.410000
30 20.670000
30 7.600000
30 26.490000
30 11.360000
30 14.610000
30 5.640000
30 2.450000
30 9.770000
30 7.060000
30 19.270000
30 15.300000
30 6.010000
30 3.580000
30 7.480000
30 39.890000
30 8.730000
30 7.130000
30 23.840000
30 13.230000
30 13.860000
30 5.820000
30 1.950000
30 17.290000
30 8.600000
30 6.220000
30 5.620000
30 7.770000
30 19.270000
30 21.720000
30 16.330000
30 11.230000
30 14.470000
30 15.600000
30 20.860000
30 13.670000
30 12.070000
30 5.140000
30 34.170000
30 20.440000
30 4.760000
30 10.900000
30 18.130000
30 8.250000
30 9.090000
30 10.410000
30 8.460000
30 20.880000
30 27.590000
30 9.900000
30 5.800000
30 3.850000
30 11.530000
30 44.850000
30 10.070000
30 16.650000
30 9.670000
30 12.670000
30 12.450000
30 4.130000
30 11.850000
30 12.840000
30 9.510000
30 20.560000
30 14.360000
30 5.000000
30 20.600000
30 15.380000
30 16.660000
30 15.540000
30 18.650000
30 31.040000
30 3.320000
30 9.260000
30 16.470000
30 5.530000
30 5.600000
30 5.250000
30 11.350000
30 16.470000
30 6.360000
30 16.790000
30 2.810000
30 6.350000
30 28.200000
30 4.330000
30 6.640000
30 43.200000
30 7.980000
30 17.330000
30 8.610000
30 13.370000
30 15.020000
30 7.320000
30 7.780000
30 13.810000
30 8.310000
30 6.260000
30 37.570000
30 8.620000
30 3.720000
30 8.050000
30 23.160000
30 10.320000
30 6.320000
30 14.810000
30 15.490000
30 10.160000
30 9.380000
30 15.500000
30 33.160000
30 29.160000
30 14.230000
30 15.660000
30 12.280000
30 4.360000
30 13.730000
30 8.030000
30 8.780000
30 36.890000
30 7.920000
30 14.070000
30 6.030000
30 21.970000
30 7.070000
30 6.250000
30 7.360000
30 37.320000
30 21.730000
30 7.530000
30 17.870000
30 20.480000
30 16.800000
30 8.330000
30 5.470000
30 9.340000
30 3.530000
30 11.930000
30 20.060000
30 11.300000
30 37.400000
30 21.080000
30 3.990000
30 8.240000
30 16.880000
30 4.170000
30 3.900000
30 24.290000
30 12.060000
30 20.040000
30 9.210000
30 46.350000
30 3.970000
30 3.220000
30 4.540000
30 10.870000
30 11.120000
30 9.470000
30 7.090000
30 4.400000
30 8.530000
30 12.980000
30 30.960000
30 11.680000
30 16.190000
30 9.410000
30 15.220000
30 7.140000
30 25.240000
30 24.810000
30 8.760000
30 15.770000
30 9.050000
30 18.710000
30 20.420000
30 10.420000
30 15.200000
30 24.290000
30 8.430000
30 14.060000
30 30.690000
30 14.840000
30 20.010000
