#n running-time
36 0.470000
37 0.490000
38 0.490000
38 0.510000
38 0.480000
38 0.450000
38 0.520000
38 0.500000
38 0.510000
38 0.510000
38 0.530000
38 0.500000
38 0.490000
38 0.480000
38 0.470000
38 0.430000
38 0.440000
38 0.480000
39 0.460000
39 0.470000
39 0.440000
39 0.480000
39 0.630000
39 0.460000
39 0.460000
39 0.490000
39 0.480000
39 0.490000
39 0.480000
39 0.460000
39 0.520000
39 0.500000
39 0.480000
39 0.470000
39 0.480000
39 0.440000
39 0.450000
39 0.460000
39 0.430000
39 0.490000
39 0.490000
39 0.480000
39 0.500000
39 0.470000
39 0.470000
39 0.490000
39 0.490000
39 0.470000
39 0.520000
39 0.490000
39 0.500000
39 0.510000
39 0.470000
39 0.450000
40 0.460000
40 0.510000
40 0.520000
40 0.460000
40 0.490000
40 0.480000
40 0.530000
40 0.490000
40 0.490000
40 0.580000
40 0.530000
40 0.480000
40 0.550000
40 0.500000
40 0.490000
40 0.510000
40 0.470000
40 0.510000
40 0.520000
40 0.490000
40 0.470000
40 0.440000
40 0.520000
40 0.500000
40 0.500000
40 0.520000
40 0.510000
40 0.490000
40 0.490000
40 0.510000
40 0.550000
40 0.490000
40 0.440000
40 0.510000
40 0.540000
40 0.510000
40 0.450000
40 0.450000
40 0.520000
40 0.550000
40 0.480000
40 0.480000
40 0.450000
40 0.460000
40 0.520000
40 0.450000
40 0.420000
40 0.480000
40 0.500000
40 0.500000
40 0.520000
40 0.500000
40 0.810000
40 0.460000
40 0.480000
40 0.500000
40 0.450000
40 0.490000
40 0.510000
40 0.510000
40 0.470000
40 0.480000
40 0.480000
40 0.460000
40 0.440000
40 0.460000
40 0.500000
40 0.500000
40 0.470000
40 0.510000
40 0.510000
40 0.500000
40 0.530000
40 0.520000
40 0.500000
40 0.490000
40 0.500000
40 0.450000
40 0.510000
40 0.480000
40 0.500000
40 0.530000
40 0.470000
40 0.470000
40 0.510000
40 0.450000
40 0.510000
40 0.480000
40 0.440000
40 0.520000
40 0.500000
40 0.520000
40 0.480000
40 0.520000
40 0.470000
40 0.490000
40 0.460000
40 0.500000
40 0.510000
40 0.540000
40 0.480000
40 0.490000
40 0.480000
40 0.460000
40 0.490000
40 0.450000
40 0.530000
40 0.490000
40 0.510000
40 0.490000
40 0.450000
40 0.520000
40 0.460000
40 0.440000
40 0.420000
40 0.510000
40 0.500000
40 0.450000
40 0.500000
40 0.510000
40 0.510000
40 0.550000
40 0.480000
40 0.520000
40 0.490000
40 0.470000
40 0.630000
40 0.460000
41 0.490000
41 0.460000
41 0.530000
41 0.490000
41 0.540000
41 0.470000
41 0.480000
41 0.460000
41 0.500000
41 0.540000
41 0.510000
41 0.520000
41 0.470000
41 0.440000
41 0.510000
41 0.480000
41 0.450000
41 0.520000
41 0.500000
41 0.490000
41 0.500000
41 0.480000
41 0.420000
41 0.470000
41 0.460000
41 0.470000
41 0.460000
41 0.570000
41 0.530000
41 0.470000
41 0.500000
41 0.460000
41 0.500000
41 0.460000
41 0.440000
41 0.480000
41 0.530000
41 0.470000
41 0.460000
41 0.480000
41 0.470000
41 0.500000
41 0.490000
41 0.480000
41 0.500000
41 0.450000
41 0.470000
41 0.480000
41 0.480000
41 0.480000
41 0.550000
41 0.540000
41 0.480000
41 0.500000
41 0.440000
41 0.480000
41 0.480000
41 0.520000
41 0.500000
41 0.430000
41 0.490000
41 0.460000
41 0.470000
41 0.470000
41 0.500000
41 0.500000
41 0.510000
41 0.520000
41 0.480000
41 0.500000
41 0.520000
41 0.500000
41 0.490000
41 0.440000
41 0.510000
41 0.550000
41 0.480000
41 0.500000
41 0.470000
41 0.500000
41 0.490000
41 0.440000
41 0.490000
41 3.350000
41 0.510000
41 0.460000
41 0.470000
41 0.490000
41 0.520000
41 0.470000
41 0.600000
41 0.510000
41 0.450000
41 0.530000
41 0.500000
41 0.500000
41 0.530000
41 0.490000
41 0.470000
41 0.500000
41 0.460000
41 0.450000
41 0.520000
41 0.510000
41 0.480000
41 0.470000
41 0.480000
41 0.460000
41 0.500000
41 0.600000
41 0.510000
41 0.450000
41 0.510000
41 0.490000
41 0.460000
41 0.490000
41 0.500000
41 0.520000
41 0.520000
41 0.500000
41 0.450000
41 0.490000
41 0.490000
41 0.520000
41 0.500000
41 0.490000
41 0.480000
41 0.500000
41 0.460000
41 0.460000
41 0.490000
41 0.450000
41 0.490000
41 0.480000
41 0.480000
41 0.500000
41 0.500000
41 0.440000
41 0.480000
41 0.500000
41 0.480000
41 0.490000
41 0.420000
41 0.520000
41 0.460000
41 0.490000
41 0.480000
41 0.500000
41 0.480000
41 0.490000
41 0.500000
41 0.500000
41 0.490000
41 0.450000
41 0.480000
41 0.470000
41 0.510000
41 0.470000
41 0.470000
41 0.500000
41 0.440000
41 0.490000
41 0.500000
41 0.480000
41 0.460000
41 0.520000
41 0.480000
41 0.490000
41 0.460000
41 0.490000
41 0.500000
41 0.510000
41 0.470000
41 0.440000
41 0.470000
41 0.440000
41 0.510000
41 0.500000
41 0.460000
41 0.460000
41 0.470000
41 0.450000
41 0.460000
41 0.470000
41 0.470000
41 0.470000
41 0.460000
41 0.460000
41 0.540000
41 0.490000
41 0.460000
41 0.480000
41 0.480000
41 0.480000
41 0.480000
41 0.500000
41 0.500000
41 0.470000
41 0.490000
41 0.500000
41 0.540000
41 0.460000
41 0.490000
41 0.480000
41 0.540000
41 0.470000
41 0.550000
41 0.490000
41 0.500000
41 0.510000
41 0.440000
41 0.510000
41 0.470000
41 0.530000
41 0.490000
41 0.510000
41 0.450000
41 0.430000
41 0.450000
41 0.450000
41 0.440000
41 0.510000
41 0.460000
41 0.440000
41 0.440000
41 0.460000
41 0.460000
41 0.500000
41 0.510000
41 0.480000
41 0.500000
41 0.490000
41 0.480000
41 0.480000
41 0.480000
41 0.510000
41 0.520000
41 0.500000
41 0.510000
41 0.500000
41 0.440000
41 0.440000
41 0.470000
41 0.460000
41 0.480000
41 0.460000
41 0.500000
41 0.470000
41 0.470000
41 0.490000
41 0.530000
41 0.470000
41 0.520000
41 0.460000
41 0.490000
41 0.470000
41 0.510000
41 0.460000
41 0.480000
41 0.450000
41 0.420000
41 0.490000
41 0.570000
41 0.480000
41 0.480000
41 0.540000
41 0.490000
41 0.500000
41 0.500000
41 0.450000
41 0.480000
41 0.470000
41 0.460000
41 0.420000
41 0.500000
41 0.500000
41 0.550000
41 0.470000
41 0.480000
41 0.470000
41 0.500000
41 0.450000
41 0.470000
41 0.520000
41 0.490000
41 0.480000
41 0.510000
41 0.490000
42 0.490000
42 0.520000
42 0.450000
42 0.480000
42 0.500000
42 0.500000
42 0.530000
42 0.440000
42 0.470000
42 0.460000
42 0.470000
42 0.460000
42 0.490000
42 0.470000
42 0.460000
42 0.480000
42 0.450000
42 0.490000
42 0.500000
42 0.470000
42 0.490000
42 0.470000
42 0.440000
42 0.510000
42 0.470000
42 0.530000
42 0.460000
42 0.500000
42 0.500000
42 0.480000
42 0.450000
42 0.490000
42 0.440000
42 0.470000
42 0.520000
42 0.500000
42 0.520000
42 0.480000
42 0.480000
42 0.490000
42 0.480000
42 0.520000
42 0.520000
42 0.450000
42 0.480000
42 0.510000
42 0.480000
42 0.490000
42 0.450000
42 0.470000
42 0.500000
42 0.470000
42 0.470000
42 0.510000
42 0.500000
42 0.490000
42 0.450000
42 0.460000
42 0.500000
42 0.610000
42 0.500000
42 0.470000
42 0.430000
42 0.460000
42 0.500000
42 0.530000
42 0.500000
42 0.510000
42 0.510000
42 0.530000
42 0.450000
42 0.470000
42 0.490000
42 0.530000
42 0.470000
42 0.550000
42 0.420000
42 0.480000
42 0.450000
42 0.470000
42 0.500000
42 0.510000
42 0.490000
42 0.500000
42 0.480000
42 0.490000
42 0.470000
42 0.510000
42 0.500000
42 0.500000
42 0.520000
42 0.530000
42 0.520000
42 0.490000
42 0.490000
42 0.480000
42 0.460000
42 0.480000
42 0.480000
42 0.500000
42 0.450000
42 0.510000
42 0.480000
42 0.460000
42 0.490000
42 0.470000
42 0.520000
42 0.450000
42 0.520000
42 0.470000
42 0.500000
42 0.490000
42 0.500000
42 0.460000
42 0.540000
42 0.450000
42 0.490000
42 0.500000
42 0.490000
42 0.500000
42 0.500000
42 0.490000
42 0.470000
42 0.440000
42 0.510000
42 0.430000
42 0.470000
42 0.510000
42 0.450000
42 0.500000
42 0.500000
42 0.470000
42 0.520000
42 0.450000
42 0.490000
42 0.510000
42 0.510000
42 0.500000
42 0.450000
42 0.480000
42 0.500000
42 0.510000
42 0.460000
42 0.510000
42 0.470000
42 0.560000
42 0.450000
42 0.480000
42 0.500000
42 0.440000
42 0.490000
42 0.510000
42 0.480000
42 0.470000
42 0.470000
42 0.470000
42 0.510000
42 0.470000
42 0.460000
42 0.470000
42 0.470000
42 0.450000
42 0.460000
42 0.440000
42 0.530000
42 0.470000
42 0.490000
42 0.450000
42 0.510000
42 0.500000
42 0.460000
42 0.490000
42 0.460000
42 0.470000
42 0.520000
42 0.520000
42 0.480000
42 0.460000
42 0.490000
42 0.530000
42 0.510000
42 0.490000
42 0.500000
42 0.470000
42 0.470000
42 0.490000
42 0.470000
42 0.500000
42 0.490000
42 0.490000
42 0.490000
42 0.460000
42 0.440000
42 0.500000
42 0.510000
42 0.440000
42 0.490000
42 0.480000
42 0.520000
42 0.470000
42 0.470000
42 0.520000
42 0.490000
42 0.470000
42 0.470000
42 0.500000
42 0.510000
42 0.460000
42 0.490000
42 0.470000
42 0.490000
42 0.510000
42 0.480000
42 0.460000
42 0.500000
42 0.510000
42 0.480000
42 0.510000
42 0.460000
42 0.420000
42 0.430000
42 0.470000
42 0.510000
42 0.490000
42 0.450000
42 0.490000
42 0.500000
42 0.500000
42 0.500000
42 0.420000
42 0.450000
42 0.510000
42 0.440000
42 0.500000
42 0.490000
42 0.470000
42 0.450000
42 0.540000
42 0.480000
42 0.450000
42 0.470000
42 0.470000
42 0.510000
42 0.450000
42 0.470000
42 0.500000
42 0.470000
42 0.470000
42 0.500000
42 0.530000
42 0.460000
42 0.450000
42 0.470000
42 0.520000
42 0.470000
42 0.500000
42 0.510000
42 0.460000
42 0.500000
42 0.500000
42 0.470000
42 0.510000
42 0.540000
42 0.480000
42 0.530000
42 0.450000
42 0.500000
42 0.520000
42 0.440000
42 0.440000
42 0.440000
42 0.450000
42 0.550000
42 0.440000
42 0.460000
42 0.460000
42 0.500000
42 0.520000
42 0.440000
42 0.450000
42 0.450000
42 0.500000
42 0.470000
42 0.510000
42 0.470000
42 0.510000
42 0.490000
42 0.470000
42 0.500000
42 0.500000
42 0.460000
42 0.470000
42 0.460000
42 0.500000
42 0.420000
42 0.640000
42 0.540000
42 0.450000
42 0.470000
42 0.430000
42 0.490000
42 0.480000
42 0.450000
42 0.480000
42 0.480000
42 0.540000
42 0.480000
42 0.490000
42 0.500000
42 0.460000
42 0.460000
42 0.470000
42 0.430000
42 0.460000
42 0.520000
42 0.500000
42 0.500000
42 0.470000
42 0.510000
42 0.470000
42 0.440000
42 0.490000
42 0.480000
42 0.470000
42 0.510000
42 0.450000
42 0.520000
42 0.470000
42 0.500000
42 0.480000
42 0.470000
42 0.480000
42 0.490000
42 0.500000
42 0.510000
42 0.460000
42 0.480000
42 0.450000
42 0.440000
42 0.450000
42 0.510000
42 0.500000
42 0.490000
42 0.480000
42 0.480000
42 0.500000
42 0.450000
42 0.510000
42 0.480000
42 0.440000
42 0.480000
42 0.470000
42 0.450000
42 0.460000
42 0.510000
42 0.490000
42 0.500000
42 0.440000
42 0.470000
42 0.470000
42 0.490000
42 0.530000
42 0.430000
42 0.450000
42 0.510000
42 0.490000
42 0.480000
42 0.470000
42 0.490000
42 0.480000
42 0.450000
42 0.500000
42 0.450000
42 0.470000
42 0.500000
42 0.490000
42 0.480000
42 0.450000
42 0.430000
42 0.510000
42 0.430000
42 0.510000
42 0.490000
42 0.550000
42 0.430000
42 0.480000
42 0.450000
42 0.500000
42 0.500000
42 0.470000
42 0.480000
42 0.480000
42 0.480000
42 0.490000
42 0.440000
42 0.470000
42 0.510000
42 0.490000
42 0.500000
42 0.460000
42 0.500000
42 0.530000
42 0.500000
43 0.480000
43 0.450000
43 0.560000
43 0.520000
43 0.460000
43 0.450000
43 0.490000
43 0.460000
43 0.480000
43 0.490000
43 0.470000
43 0.440000
43 0.440000
43 0.500000
43 0.510000
43 0.540000
43 0.470000
43 0.430000
43 0.450000
43 0.440000
43 0.510000
43 0.460000
43 0.480000
43 0.520000
43 0.450000
43 0.450000
43 0.470000
43 0.450000
43 0.480000
43 0.520000
43 0.490000
43 0.500000
43 0.480000
43 0.440000
43 0.450000
43 0.500000
43 0.480000
43 0.500000
43 0.480000
43 0.490000
43 0.590000
43 0.430000
43 0.460000
43 0.500000
43 0.480000
43 0.440000
43 0.480000
43 0.430000
43 0.470000
43 0.510000
43 0.530000
43 0.440000
43 0.470000
43 0.450000
43 0.460000
43 0.490000
43 0.510000
43 0.440000
43 0.450000
43 0.490000
43 0.450000
43 0.460000
43 0.480000
43 0.530000
43 0.510000
43 0.540000
43 0.450000
43 0.490000
43 0.450000
43 0.520000
43 0.450000
43 0.550000
43 0.500000
43 0.460000
43 0.430000
43 0.520000
43 0.480000
43 0.460000
43 0.440000
43 0.500000
43 0.510000
43 0.500000
43 0.490000
43 0.480000
43 0.440000
43 0.490000
43 0.470000
43 0.480000
43 0.490000
43 0.420000
43 0.450000
43 0.500000
43 0.490000
43 0.470000
43 0.490000
43 0.490000
43 0.490000
43 0.450000
43 0.500000
43 0.470000
43 0.450000
43 0.450000
43 0.570000
43 0.480000
43 0.500000
43 0.490000
43 0.500000
43 0.490000
43 0.500000
43 0.500000
43 0.460000
43 0.480000
43 0.500000
43 0.480000
43 0.460000
43 0.490000
43 0.510000
43 0.440000
43 0.490000
43 0.470000
43 0.500000
43 0.490000
43 0.440000
43 0.500000
43 0.440000
43 0.470000
43 0.460000
43 0.500000
43 0.510000
43 0.510000
43 0.490000
43 0.490000
43 0.470000
43 0.480000
43 0.470000
43 0.480000
43 0.500000
43 0.480000
43 0.520000
43 0.440000
43 0.500000
43 0.460000
43 0.630000
43 0.500000
43 0.490000
43 0.510000
43 0.490000
43 0.480000
43 0.420000
43 0.510000
43 0.500000
43 0.460000
43 0.460000
43 0.460000
43 0.480000
43 0.480000
43 0.470000
43 0.490000
43 0.470000
43 0.490000
43 0.510000
43 0.490000
43 0.460000
43 0.460000
43 0.460000
43 0.500000
43 0.460000
43 0.470000
43 0.480000
43 0.520000
43 0.480000
43 0.460000
43 0.510000
43 0.470000
43 0.500000
43 0.500000
43 0.520000
43 0.490000
43 0.490000
43 0.490000
43 0.490000
43 0.470000
43 0.510000
43 0.440000
43 0.460000
43 0.500000
43 0.460000
43 0.490000
43 0.460000
43 0.470000
43 0.470000
43 0.520000
43 0.470000
43 0.630000
43 0.520000
43 0.510000
43 0.490000
43 0.470000
43 0.470000
43 0.470000
43 0.510000
43 0.450000
43 0.470000
43 0.510000
43 0.460000
43 0.500000
43 0.470000
43 0.500000
43 0.490000
43 0.450000
43 0.480000
43 0.490000
43 0.480000
43 0.490000
43 0.470000
43 0.490000
43 0.500000
43 0.440000
43 0.480000
43 0.490000
43 0.510000
43 0.530000
43 0.470000
43 0.450000
43 0.510000
43 0.480000
43 0.500000
43 0.480000
43 0.440000
43 0.550000
43 0.450000
43 0.460000
43 0.470000
43 0.470000
43 0.490000
43 0.530000
43 7.990000
43 0.470000
43 0.470000
43 0.500000
43 0.470000
43 0.450000
43 0.480000
43 0.490000
43 0.460000
43 0.500000
43 0.460000
43 0.510000
43 0.430000
43 0.480000
43 0.490000
43 0.500000
43 0.500000
43 0.530000
43 0.510000
43 0.460000
43 0.490000
43 0.510000
43 0.490000
43 0.470000
43 0.470000
43 0.520000
43 0.470000
43 0.480000
43 0.440000
43 0.470000
43 0.510000
43 0.500000
43 0.450000
43 0.480000
43 0.510000
43 0.500000
43 0.480000
43 0.460000
43 0.480000
43 0.440000
43 0.460000
43 0.480000
43 0.430000
43 0.470000
43 0.450000
43 0.490000
43 0.510000
43 0.440000
43 0.480000
43 0.460000
43 0.470000
43 0.430000
43 0.470000
43 0.460000
43 0.460000
43 0.450000
43 0.470000
43 0.440000
43 0.460000
43 0.480000
43 0.440000
43 0.470000
43 0.440000
43 0.480000
43 0.530000
43 0.520000
43 0.430000
43 0.490000
43 0.530000
43 0.510000
43 0.490000
43 0.440000
43 0.490000
43 0.530000
43 0.450000
43 0.490000
43 0.490000
43 0.490000
43 0.490000
43 0.480000
43 0.500000
43 0.450000
43 0.500000
43 0.480000
43 0.470000
43 0.450000
43 0.500000
43 0.520000
43 0.470000
43 0.500000
43 0.510000
43 0.520000
43 0.480000
43 0.490000
43 0.430000
43 0.480000
43 0.490000
43 0.530000
43 0.520000
43 0.490000
43 0.470000
43 0.520000
43 0.500000
43 0.440000
43 0.450000
43 0.540000
43 0.450000
43 0.440000
43 0.480000
43 0.470000
43 0.470000
43 0.620000
43 0.470000
43 0.600000
43 0.510000
43 0.510000
43 0.480000
43 0.460000
43 0.430000
43 0.500000
43 0.460000
43 0.470000
43 0.490000
43 0.510000
43 0.540000
43 0.500000
43 0.490000
43 0.440000
43 0.500000
43 0.510000
43 0.470000
43 0.470000
43 0.500000
43 0.480000
43 0.430000
43 0.480000
43 0.440000
43 0.480000
43 0.470000
43 0.490000
43 0.480000
43 0.540000
43 0.470000
43 0.500000
43 0.450000
43 0.480000
43 0.470000
43 0.490000
43 0.490000
43 0.480000
43 0.490000
43 0.470000
43 0.460000
43 0.460000
43 0.470000
43 0.460000
43 0.460000
43 0.470000
43 0.480000
43 0.490000
43 0.500000
43 0.490000
43 0.470000
43 0.470000
43 0.570000
43 0.470000
43 0.490000
43 0.470000
43 0.710000
43 0.430000
43 0.450000
43 0.440000
43 0.470000
43 0.470000
43 0.500000
43 0.500000
43 0.460000
43 0.490000
43 0.440000
43 0.450000
43 0.490000
43 0.470000
43 0.470000
43 0.470000
43 0.490000
43 0.450000
43 0.450000
43 0.460000
43 0.450000
43 0.480000
43 0.480000
43 0.490000
43 0.440000
43 0.530000
43 0.450000
43 0.480000
43 0.470000
43 0.500000
43 0.490000
43 0.500000
43 0.490000
43 0.490000
43 0.490000
43 0.440000
43 0.550000
43 0.430000
43 0.450000
43 0.480000
43 0.500000
43 0.470000
43 0.440000
43 0.480000
43 0.460000
43 0.450000
43 0.440000
43 0.500000
43 0.500000
43 0.480000
43 0.430000
43 0.470000
43 0.500000
43 0.470000
43 0.480000
43 0.530000
43 0.490000
43 0.480000
43 0.460000
43 0.450000
43 0.500000
43 0.540000
43 0.490000
43 0.470000
43 0.460000
43 0.540000
43 0.470000
43 0.490000
43 0.480000
43 0.490000
43 0.480000
43 0.510000
43 0.460000
43 0.480000
43 0.450000
43 0.480000
43 0.470000
43 0.460000
43 0.470000
43 0.480000
43 0.470000
43 0.460000
43 0.490000
43 0.430000
43 0.460000
43 0.510000
43 0.460000
43 0.510000
43 0.500000
43 0.510000
43 0.500000
43 0.470000
43 0.470000
43 0.520000
43 0.500000
43 0.470000
43 0.470000
43 0.470000
43 0.490000
43 0.440000
43 0.490000
43 0.470000
43 0.480000
43 0.500000
43 0.460000
43 0.500000
43 0.470000
43 0.490000
43 0.500000
43 0.480000
43 0.500000
43 0.520000
43 0.480000
43 0.470000
43 0.460000
43 0.470000
44 0.490000
44 0.490000
44 0.470000
44 0.520000
44 0.440000
44 0.490000
44 0.460000
44 0.500000
44 0.470000
44 0.500000
44 0.500000
44 0.490000
44 0.460000
44 0.460000
44 0.470000
44 0.480000
44 0.460000
44 0.480000
44 0.430000
44 0.440000
44 0.480000
44 0.490000
44 0.500000
44 0.520000
44 0.460000
44 0.570000
44 0.470000
44 0.460000
44 0.530000
44 0.470000
44 0.460000
44 0.470000
44 0.450000
44 0.460000
44 0.500000
44 0.490000
44 0.490000
44 0.470000
44 0.440000
44 0.440000
44 0.500000
44 0.510000
44 0.490000
44 0.510000
44 0.540000
44 0.420000
44 0.500000
44 0.480000
44 0.480000
44 0.480000
44 0.470000
44 0.480000
44 0.480000
44 0.490000
44 0.440000
44 0.520000
44 0.470000
44 0.470000
44 0.450000
44 0.490000
44 0.470000
44 0.480000
44 0.470000
44 0.480000
44 0.450000
44 0.470000
44 0.450000
44 0.450000
44 0.500000
44 0.460000
44 0.440000
44 0.510000
44 0.490000
44 0.450000
44 0.470000
44 0.500000
44 0.440000
44 0.470000
44 0.450000
44 0.440000
44 0.500000
44 0.460000
44 0.480000
44 0.530000
44 0.470000
44 0.500000
44 0.510000
44 0.550000
44 0.460000
44 0.500000
44 0.470000
44 0.500000
44 0.470000
44 0.500000
44 0.490000
44 0.440000
44 0.440000
44 0.470000
44 0.490000
44 0.470000
44 0.730000
44 0.870000
44 0.500000
44 0.540000
44 0.490000
44 0.490000
44 0.480000
44 0.440000
44 0.470000
44 0.470000
44 0.500000
44 0.470000
44 0.470000
44 0.530000
44 0.450000
44 0.450000
44 0.510000
44 0.470000
44 0.470000
44 0.480000
44 0.450000
44 0.470000
44 0.530000
44 0.480000
44 0.480000
44 0.530000
44 0.480000
44 0.440000
44 0.490000
44 0.500000
44 0.490000
44 0.500000
44 0.450000
44 0.490000
44 0.480000
44 0.490000
44 0.480000
44 0.490000
44 0.500000
44 0.430000
44 0.460000
44 0.530000
44 0.450000
44 0.450000
44 0.500000
44 0.470000
44 0.440000
44 0.540000
44 0.520000
44 0.480000
44 0.500000
44 0.470000
44 0.490000
44 0.510000
44 0.480000
44 0.430000
44 0.470000
44 0.490000
44 0.460000
44 0.480000
44 0.450000
44 0.510000
44 0.500000
44 0.500000
44 0.480000
44 0.510000
44 0.470000
44 0.470000
44 0.450000
44 0.450000
44 0.440000
44 0.490000
44 0.550000
44 0.510000
44 0.510000
44 0.440000
44 0.470000
44 0.520000
44 0.430000
44 0.450000
44 0.570000
44 0.500000
44 0.500000
44 0.470000
44 0.530000
44 0.500000
44 0.940000
44 0.440000
44 0.490000
44 0.450000
44 0.450000
44 0.490000
44 0.470000
44 0.450000
44 0.490000
44 0.490000
44 0.490000
44 0.800000
44 0.480000
44 0.480000
44 0.510000
44 0.450000
44 0.480000
44 0.480000
44 0.500000
44 0.500000
44 0.450000
44 0.480000
44 0.470000
44 0.500000
44 0.490000
44 0.500000
44 0.510000
44 0.460000
44 0.520000
44 0.500000
44 0.540000
44 0.490000
44 0.440000
44 0.470000
44 0.520000
44 0.490000
44 0.450000
44 0.510000
44 0.530000
44 0.500000
44 0.540000
44 0.500000
44 0.500000
44 0.480000
44 0.490000
44 0.470000
44 0.460000
44 0.490000
44 0.450000
44 0.470000
44 0.500000
44 0.470000
44 0.500000
44 0.530000
44 0.480000
44 0.480000
44 0.480000
44 0.500000
44 0.500000
44 0.460000
44 0.470000
44 0.450000
44 0.430000
44 0.500000
44 0.480000
44 0.480000
44 0.500000
44 8.610000
44 0.510000
44 0.480000
44 0.450000
44 0.450000
44 0.450000
44 0.470000
44 0.450000
44 0.470000
44 0.450000
44 0.470000
44 0.450000
44 0.480000
44 0.500000
44 0.520000
44 0.500000
44 0.490000
44 0.460000
44 0.450000
44 0.460000
44 0.470000
44 0.440000
44 0.480000
44 0.480000
44 0.510000
44 0.440000
44 0.450000
44 0.490000
44 0.470000
44 0.460000
44 0.430000
44 0.450000
44 0.500000
44 0.470000
44 0.460000
44 0.470000
44 0.480000
44 0.480000
44 0.570000
44 0.490000
44 0.520000
44 0.460000
44 0.490000
44 0.500000
44 0.450000
44 0.530000
44 0.520000
44 5.550000
44 0.500000
44 0.500000
44 0.440000
44 0.480000
44 0.460000
44 0.480000
44 0.470000
44 0.450000
44 0.450000
44 0.450000
44 0.480000
44 0.460000
44 0.490000
44 0.500000
44 0.500000
44 0.490000
44 0.480000
44 0.470000
44 0.480000
44 0.510000
44 0.470000
44 0.440000
44 0.490000
44 0.480000
44 0.470000
44 0.440000
44 0.440000
44 0.480000
44 0.540000
44 0.480000
44 0.420000
44 0.540000
44 0.480000
44 0.460000
44 0.470000
44 0.510000
44 0.460000
44 0.490000
44 0.460000
44 0.490000
44 0.490000
44 0.460000
44 0.440000
44 0.500000
44 0.430000
44 0.480000
44 0.480000
44 0.490000
44 0.470000
44 0.480000
44 0.480000
44 0.510000
44 0.460000
44 0.480000
44 0.480000
44 0.460000
44 0.450000
44 0.500000
44 0.490000
44 0.480000
44 0.450000
44 0.490000
44 0.400000
44 0.510000
44 0.470000
44 0.470000
44 0.490000
44 0.470000
44 0.450000
44 0.480000
44 0.480000
44 0.490000
44 0.470000
44 0.440000
44 0.450000
44 0.440000
44 0.480000
44 0.490000
44 0.530000
44 0.490000
44 0.440000
44 0.480000
44 0.510000
44 0.470000
44 0.520000
44 0.470000
44 0.490000
44 0.500000
44 0.470000
44 0.470000
44 0.460000
44 0.440000
44 0.590000
44 0.470000
44 0.500000
44 0.470000
44 0.480000
44 0.440000
44 0.450000
44 0.490000
44 0.480000
44 0.460000
44 0.440000
44 0.460000
44 0.490000
44 0.520000
44 0.490000
44 0.470000
44 0.480000
44 0.500000
44 0.480000
44 0.460000
44 0.430000
44 0.470000
44 0.460000
44 0.500000
44 0.470000
44 0.480000
44 0.470000
44 0.510000
44 0.480000
44 0.500000
44 0.520000
44 0.460000
44 0.480000
44 0.490000
44 0.480000
44 0.450000
44 0.470000
44 0.480000
44 0.450000
44 0.460000
44 0.490000
44 0.450000
44 0.490000
44 0.490000
44 0.470000
44 0.440000
44 0.440000
44 0.420000
44 0.450000
44 0.450000
44 0.460000
44 0.510000
44 0.440000
44 0.480000
44 0.470000
44 0.520000
44 0.450000
44 0.480000
44 0.460000
44 0.490000
44 0.450000
44 0.470000
44 0.500000
44 0.490000
44 0.470000
44 0.500000
44 0.490000
44 0.480000
44 0.500000
44 0.480000
44 0.510000
44 0.440000
44 0.530000
44 0.450000
44 0.480000
44 0.440000
44 0.470000
44 0.500000
44 0.480000
44 0.460000
44 0.490000
44 0.470000
44 0.470000
44 0.490000
44 0.440000
44 0.510000
44 0.470000
44 0.480000
44 0.460000
44 0.460000
44 0.440000
44 0.500000
44 0.540000
44 0.500000
44 0.510000
44 0.500000
44 0.450000
44 0.470000
44 0.480000
44 0.480000
44 0.500000
44 0.500000
44 0.470000
44 0.490000
44 0.450000
44 0.460000
44 0.460000
44 0.490000
44 0.500000
44 0.440000
44 0.490000
44 0.500000
44 0.470000
44 0.460000
44 0.520000
44 0.430000
44 0.450000
44 0.450000
44 0.500000
44 0.520000
44 0.470000
44 0.550000
44 0.470000
44 0.510000
44 0.490000
44 0.480000
44 0.500000
44 0.510000
44 0.490000
44 0.500000
44 0.440000
44 0.500000
44 0.440000
44 0.440000
44 0.450000
44 0.460000
44 0.470000
44 0.460000
44 0.420000
44 0.490000
44 0.450000
44 0.540000
44 0.450000
44 0.490000
44 0.450000
44 0.450000
44 0.490000
44 0.480000
44 0.490000
44 0.500000
44 0.480000
44 0.500000
44 0.490000
44 0.440000
44 0.480000
44 0.470000
44 0.470000
44 0.500000
44 0.480000
44 0.450000
44 0.470000
44 0.500000
44 0.500000
44 0.450000
44 0.460000
44 0.460000
44 0.430000
44 0.450000
44 0.480000
44 0.500000
44 0.450000
44 0.490000
44 0.460000
44 0.500000
44 0.530000
44 0.500000
44 0.490000
44 0.460000
44 0.480000
44 0.520000
44 0.470000
44 0.460000
44 0.480000
44 0.450000
44 0.450000
44 0.530000
44 0.490000
44 0.470000
44 0.490000
44 0.430000
44 0.520000
44 0.490000
44 0.490000
44 0.510000
44 0.490000
44 0.490000
44 0.460000
44 0.500000
44 0.610000
44 0.500000
44 0.480000
44 0.490000
44 0.510000
44 0.460000
44 0.450000
44 0.510000
44 0.470000
44 0.510000
44 0.480000
44 0.490000
44 0.460000
44 0.470000
44 0.440000
44 0.490000
44 0.520000
44 0.420000
44 0.460000
44 0.500000
