#n running-time
35 1.120000
36 1.750000
36 0.890000
36 0.630000
36 2.100000
36 2.030000
37 0.730000
37 1.990000
37 1.310000
37 0.600000
37 0.320000
37 7.420000
37 2.210000
37 1.730000
37 1.760000
37 0.600000
37 0.640000
37 2.020000
37 0.790000
37 0.610000
37 5.980000
37 0.370000
37 1.550000
37 0.180000
37 4.720000
37 0.500000
37 2.140000
37 2.030000
37 0.460000
37 0.680000
37 2.320000
37 1.580000
38 1.910000
38 1.040000
38 5.920000
38 5.740000
38 0.580000
38 3.690000
38 4.560000
38 0.850000
38 1.520000
38 2.500000
38 1.550000
38 1.050000
38 0.320000
38 1.920000
38 1.530000
38 0.340000
38 2.130000
38 2.090000
38 9.000000
38 1.480000
38 0.790000
38 0.290000
38 0.810000
38 2.310000
38 6.780000
38 8.000000
38 0.710000
38 1.870000
38 0.730000
38 1.450000
38 2.670000
38 0.680000
38 0.840000
38 4.830000
38 10.770000
38 3.270000
38 8.790000
38 0.560000
38 0.800000
38 2.340000
38 1.760000
38 0.830000
38 0.680000
38 0.780000
38 0.960000
38 1.710000
38 1.280000
38 1.350000
38 1.190000
38 1.180000
38 0.770000
38 1.800000
38 5.660000
38 2.860000
38 2.920000
38 0.340000
38 5.270000
38 3.010000
38 4.620000
38 1.780000
38 0.780000
38 1.860000
38 3.330000
38 1.690000
38 0.900000
38 1.730000
38 1.460000
38 3.490000
38 1.430000
38 1.330000
38 3.160000
38 1.700000
38 0.520000
38 4.630000
38 6.330000
38 1.310000
38 0.740000
38 1.660000
38 0.720000
38 1.710000
38 0.410000
38 1.950000
38 2.550000
38 0.380000
38 0.260000
39 1.730000
39 4.350000
39 1.320000
39 0.210000
39 6.670000
39 0.760000
39 0.900000
39 2.370000
39 2.500000
39 1.370000
39 1.500000
39 1.740000
39 1.340000
39 6.400000
39 2.000000
39 3.370000
39 0.310000
39 1.250000
39 2.950000
39 3.310000
39 4.670000
39 4.550000
39 5.110000
39 3.650000
39 1.370000
39 2.080000
39 5.020000
39 6.320000
39 0.750000
39 0.430000
39 6.690000
39 9.560000
39 3.750000
39 8.450000
39 10.680000
39 0.620000
39 4.190000
39 8.300000
39 1.460000
39 2.600000
39 4.210000
39 0.540000
39 1.080000
39 6.020000
39 0.680000
39 3.780000
39 1.340000
39 0.390000
39 0.660000
39 1.090000
39 0.210000
39 1.230000
39 0.830000
39 1.100000
39 7.030000
39 1.070000
39 0.420000
39 1.410000
39 3.130000
39 8.480000
39 1.350000
39 2.480000
39 0.750000
39 2.390000
39 3.010000
39 0.730000
39 1.950000
39 0.830000
39 4.040000
39 0.950000
39 0.980000
39 3.560000
39 3.850000
39 0.350000
39 0.300000
39 1.250000
39 0.480000
39 1.770000
39 4.150000
39 3.220000
39 1.150000
39 1.660000
39 1.030000
39 1.400000
39 1.880000
39 1.900000
39 2.570000
39 0.370000
39 3.390000
39 1.130000
39 2.400000
39 4.820000
39 2.970000
39 2.520000
39 2.170000
39 1.040000
39 1.830000
39 4.160000
39 7.980000
39 1.730000
39 1.310000
39 1.070000
39 1.260000
39 2.900000
39 2.700000
39 0.280000
39 0.310000
39 1.460000
39 1.840000
39 3.150000
39 1.940000
39 0.950000
39 6.860000
39 2.070000
39 1.280000
39 1.620000
39 1.400000
39 5.290000
39 3.480000
39 2.010000
39 3.570000
39 1.770000
39 4.950000
39 1.600000
39 1.130000
39 4.240000
39 0.880000
39 0.430000
39 1.100000
39 0.210000
39 5.060000
39 4.550000
39 1.400000
39 2.590000
39 0.850000
39 5.760000
39 2.900000
39 8.340000
39 2.640000
39 1.450000
39 1.150000
39 2.420000
39 3.480000
39 1.070000
39 18.450000
39 2.330000
39 3.860000
39 0.650000
39 3.770000
39 2.710000
39 0.660000
39 0.550000
39 2.310000
39 1.040000
39 1.160000
39 0.570000
39 3.510000
39 0.350000
39 0.330000
39 0.780000
39 1.230000
39 4.270000
39 2.550000
39 1.050000
39 4.660000
39 1.960000
39 3.890000
39 4.510000
39 4.710000
39 0.420000
39 0.890000
39 0.500000
39 0.420000
39 2.140000
39 10.000000
39 0.910000
39 0.380000
39 0.750000
39 5.560000
39 3.380000
39 4.560000
39 1.000000
39 0.340000
39 0.320000
39 0.500000
39 2.590000
39 0.790000
39 1.880000
39 1.860000
39 0.320000
39 10.520000
39 0.680000
39 2.400000
39 5.590000
39 3.320000
39 3.280000
40 2.160000
40 2.210000
40 1.830000
40 1.230000
40 1.620000
40 0.770000
40 5.910000
40 2.780000
40 3.220000
40 1.690000
40 1.880000
40 3.610000
40 19.330000
40 3.150000
40 7.380000
40 0.860000
40 6.870000
40 6.040000
40 0.990000
40 4.820000
40 12.820000
40 1.210000
40 1.220000
40 1.030000
40 0.630000
40 2.200000
40 5.110000
40 0.840000
40 8.460000
40 0.630000
40 3.360000
40 1.490000
40 2.300000
40 4.540000
40 7.230000
40 9.030000
40 1.880000
40 0.710000
40 1.210000
40 6.780000
40 1.260000
40 0.480000
40 2.490000
40 5.220000
40 1.200000
40 0.720000
40 2.640000
40 2.010000
40 0.310000
40 15.180000
40 2.490000
40 16.150000
40 1.990000
40 17.490000
40 2.100000
40 3.590000
40 1.680000
40 1.050000
40 3.750000
40 2.410000
40 3.930000
40 1.610000
40 1.430000
40 0.920000
40 3.540000
40 1.220000
40 1.190000
40 0.470000
40 1.840000
40 1.490000
40 2.510000
40 1.190000
40 8.130000
40 1.810000
40 0.970000
40 1.650000
40 3.700000
40 1.690000
40 10.280000
40 4.910000
40 1.570000
40 0.330000
40 1.610000
40 1.480000
40 3.440000
40 1.740000
40 1.380000
40 1.150000
40 0.680000
40 8.460000
40 1.340000
40 12.310000
40 18.190000
40 7.760000
40 1.940000
40 4.030000
40 4.210000
40 3.590000
40 9.500000
40 0.870000
40 0.660000
40 1.550000
40 1.720000
40 5.860000
40 1.460000
40 3.560000
40 4.540000
40 1.770000
40 1.680000
40 0.840000
40 5.390000
40 8.540000
40 2.380000
40 7.130000
40 8.660000
40 7.140000
40 1.210000
40 1.810000
40 10.160000
40 0.950000
40 2.020000
40 2.880000
40 2.970000
40 17.510000
40 3.930000
40 2.270000
40 1.530000
40 12.040000
40 2.970000
40 0.800000
40 0.930000
40 6.120000
40 0.910000
40 2.620000
40 1.740000
40 0.820000
40 1.020000
40 19.060000
40 5.260000
40 8.230000
40 1.160000
40 3.850000
40 2.470000
40 9.600000
40 0.720000
40 2.660000
40 4.860000
40 7.170000
40 0.630000
40 1.750000
40 1.160000
40 1.390000
40 1.090000
40 1.970000
40 9.980000
40 3.510000
40 10.380000
40 8.200000
40 1.350000
40 15.580000
40 2.000000
40 1.650000
40 0.770000
40 4.690000
40 0.800000
40 8.890000
40 2.390000
40 7.850000
40 1.100000
40 15.020000
40 3.570000
40 6.390000
40 0.900000
40 13.320000
40 1.520000
40 0.830000
40 1.540000
40 2.320000
40 0.660000
40 3.900000
40 8.530000
40 0.980000
40 1.300000
40 16.020000
40 2.800000
40 0.890000
40 2.950000
40 0.640000
40 0.780000
40 2.340000
40 2.280000
40 7.840000
40 3.730000
40 5.920000
40 1.480000
40 9.870000
40 1.030000
40 3.960000
40 5.850000
40 4.910000
40 1.060000
40 0.930000
40 1.500000
40 1.700000
40 1.030000
40 7.370000
40 0.900000
40 1.670000
40 0.520000
40 0.860000
40 11.690000
40 1.190000
40 0.730000
40 3.750000
40 0.560000
40 9.620000
40 0.730000
40 2.550000
40 0.800000
40 2.630000
40 8.340000
40 1.530000
40 0.740000
40 6.460000
40 1.070000
40 4.140000
40 1.360000
40 1.210000
40 2.750000
40 1.050000
40 1.260000
40 0.450000
40 0.650000
40 3.650000
40 2.740000
40 0.980000
40 2.070000
40 1.170000
40 4.230000
40 1.840000
40 1.500000
40 0.820000
40 2.840000
40 2.160000
40 3.100000
40 0.670000
40 1.880000
40 1.270000
40 3.840000
40 4.750000
40 1.950000
40 1.430000
40 1.940000
40 2.180000
40 2.750000
40 0.590000
40 1.930000
40 1.990000
40 0.990000
40 1.260000
40 1.410000
40 3.940000
40 9.900000
40 0.540000
40 5.960000
40 3.190000
40 12.740000
40 2.870000
40 1.050000
40 2.020000
40 3.100000
40 2.330000
40 1.050000
40 1.640000
40 4.950000
40 10.120000
40 38.540000
40 5.380000
40 0.950000
40 1.330000
40 2.460000
40 1.550000
40 0.940000
40 1.810000
40 5.770000
40 0.340000
40 1.750000
40 1.620000
40 1.620000
40 6.500000
40 2.510000
40 1.260000
40 0.750000
40 4.000000
40 0.890000
40 2.690000
40 21.780000
40 17.250000
40 2.590000
40 0.590000
40 10.050000
40 42.360000
40 1.620000
40 0.850000
40 5.300000
40 0.780000
40 1.270000
40 1.190000
40 1.350000
40 2.340000
40 3.490000
40 6.680000
40 2.250000
40 3.110000
40 1.190000
40 1.130000
40 1.180000
40 3.210000
40 2.550000
40 4.300000
40 0.960000
40 1.370000
40 3.410000
40 5.180000
40 8.100000
40 8.920000
40 3.410000
40 7.640000
40 9.170000
40 0.780000
40 0.770000
40 1.910000
40 1.720000
40 1.880000
40 8.880000
41 1.890000
41 0.330000
41 2.910000
41 0.850000
41 1.120000
41 4.190000
41 3.940000
41 2.010000
41 7.730000
41 45.860000
41 1.020000
41 4.030000
41 3.060000
41 4.140000
41 1.280000
41 1.180000
41 4.180000
41 0.470000
41 2.450000
41 23.720000
41 1.090000
41 6.900000
41 3.270000
41 0.940000
41 3.980000
41 2.980000
41 0.920000
41 3.310000
41 3.440000
41 2.340000
41 10.140000
41 2.790000
41 2.940000
41 20.900000
41 1.700000
41 6.670000
41 3.510000
41 12.930000
41 8.140000
41 27.600000
41 2.940000
41 3.160000
41 1.060000
41 3.780000
41 1.110000
41 2.860000
41 8.600000
41 0.640000
41 0.760000
41 2.550000
41 3.620000
41 2.480000
41 2.340000
41 2.370000
41 2.290000
41 46.340000
41 1.630000
41 5.070000
41 3.620000
41 1.630000
41 11.970000
41 3.390000
41 3.760000
41 0.860000
41 3.040000
41 29.050000
41 6.000000
41 2.280000
41 2.500000
41 4.240000
41 3.550000
41 2.900000
41 23.510000
41 1.860000
41 1.870000
41 2.500000
41 4.520000
41 2.920000
41 1.650000
41 1.350000
41 2.020000
41 2.320000
41 3.430000
41 1.870000
41 3.330000
41 1.910000
41 7.580000
41 5.270000
41 2.770000
41 2.560000
41 1.570000
41 3.590000
41 0.620000
41 0.570000
41 2.650000
41 1.230000
41 13.800000
41 1.110000
41 1.990000
41 3.600000
41 9.040000
41 3.410000
41 15.610000
41 4.490000
41 3.040000
41 87.230000
41 2.720000
41 2.420000
41 6.290000
41 2.400000
41 31.750000
41 2.330000
41 1.510000
41 8.680000
41 1.430000
41 6.400000
41 1.030000
41 7.300000
41 3.210000
41 7.950000
41 2.580000
41 1.100000
41 1.840000
41 3.420000
41 0.450000
41 3.430000
41 7.250000
41 5.610000
41 16.810000
41 1.160000
41 3.970000
41 2.830000
41 3.680000
41 2.780000
41 2.420000
41 2.070000
41 2.490000
41 0.760000
41 0.820000
41 2.570000
41 0.570000
41 6.240000
41 5.990000
41 1.000000
41 3.840000
41 1.520000
41 10.280000
41 0.970000
41 0.900000
41 5.500000
41 2.210000
41 10.810000
41 2.460000
41 12.420000
41 0.800000
41 8.450000
41 1.000000
41 1.200000
41 0.880000
41 3.590000
41 0.750000
41 3.290000
41 1.630000
41 5.090000
41 6.580000
41 4.450000
41 1.130000
41 8.300000
41 1.720000
41 4.340000
41 26.730000
41 1.460000
41 2.990000
41 1.530000
41 4.760000
41 1.680000
41 1.600000
41 6.300000
41 4.680000
41 0.720000
41 0.620000
41 6.210000
41 3.110000
41 10.510000
41 0.630000
41 1.730000
41 1.070000
41 20.520000
41 1.960000
41 0.940000
41 2.180000
41 3.800000
41 0.940000
41 0.930000
41 14.430000
41 5.280000
41 0.650000
41 0.860000
41 0.570000
41 4.350000
41 3.440000
41 1.070000
41 1.710000
41 13.050000
41 9.300000
41 3.350000
41 3.330000
41 1.750000
41 9.510000
41 5.290000
41 1.580000
41 0.880000
41 3.350000
41 4.380000
41 11.240000
41 3.550000
41 4.200000
41 2.640000
41 6.920000
41 3.520000
41 2.070000
41 3.920000
41 2.370000
41 0.880000
41 13.060000
41 12.370000
41 6.040000
41 16.340000
41 1.870000
41 4.780000
41 3.170000
41 12.480000
41 5.580000
41 4.640000
41 4.520000
41 1.370000
41 1.040000
41 6.950000
41 2.220000
41 1.880000
41 1.070000
41 1.180000
41 3.610000
41 3.730000
41 3.990000
41 4.490000
41 9.130000
41 3.430000
41 2.590000
41 3.440000
41 9.270000
41 25.220000
41 0.480000
41 16.850000
41 6.700000
41 1.660000
41 0.510000
41 1.760000
41 3.380000
41 1.730000
41 4.610000
41 2.490000
41 16.110000
41 1.300000
41 1.100000
41 2.960000
41 1.200000
41 6.440000
41 3.070000
41 0.360000
41 1.560000
41 0.960000
41 1.150000
41 5.200000
41 5.210000
41 7.110000
41 1.350000
41 1.500000
41 1.010000
41 5.970000
41 3.240000
41 6.270000
41 4.780000
41 2.360000
41 1.250000
41 2.510000
41 2.020000
41 3.540000
41 2.100000
41 0.580000
41 1.360000
41 1.920000
41 2.640000
41 1.920000
41 2.740000
41 3.360000
41 1.490000
41 0.340000
41 2.580000
41 8.800000
41 1.470000
41 5.840000
41 2.380000
41 6.670000
41 2.460000
41 5.250000
41 24.700000
41 44.050000
41 8.670000
41 7.200000
41 17.340000
41 11.330000
41 2.800000
41 1.700000
41 1.700000
41 6.700000
41 3.100000
41 6.350000
41 2.290000
41 5.470000
41 1.900000
41 2.750000
41 10.970000
41 5.160000
41 1.100000
41 6.000000
41 1.780000
41 5.710000
41 1.770000
41 2.730000
41 1.110000
41 5.490000
41 1.810000
41 3.380000
41 2.590000
41 0.700000
41 4.460000
41 2.090000
41 2.250000
41 0.440000
41 2.370000
41 8.100000
41 8.640000
41 0.870000
41 3.380000
41 2.460000
41 0.490000
41 2.790000
41 1.590000
41 15.980000
41 0.970000
41 0.880000
41 2.860000
41 1.650000
41 1.430000
41 7.860000
41 1.430000
41 2.730000
41 18.320000
41 1.080000
41 13.860000
41 7.150000
41 1.300000
41 2.170000
41 2.190000
41 17.520000
41 2.970000
41 3.670000
41 2.500000
41 5.840000
41 0.800000
41 1.610000
41 2.110000
41 3.750000
41 1.610000
41 1.890000
41 0.820000
41 3.680000
41 2.010000
41 3.620000
41 5.530000
41 1.370000
41 4.210000
41 1.330000
41 5.180000
41 0.290000
41 48.840000
41 2.780000
41 19.910000
41 1.390000
41 5.050000
41 2.630000
41 2.150000
41 4.890000
41 1.010000
41 4.280000
41 2.660000
41 3.470000
41 7.750000
41 3.010000
41 1.640000
41 1.820000
41 1.480000
41 3.390000
41 0.530000
41 4.080000
41 2.990000
41 1.940000
41 4.260000
41 7.890000
41 1.110000
41 2.020000
41 1.350000
41 6.520000
42 2.540000
42 11.900000
42 6.810000
42 8.060000
42 5.000000
42 71.050000
42 4.460000
42 7.210000
42 2.810000
42 2.830000
42 1.810000
42 4.300000
42 0.570000
42 4.390000
42 0.730000
42 12.960000
42 2.580000
42 12.940000
42 4.230000
42 4.550000
42 6.060000
42 2.760000
42 2.380000
42 4.270000
42 1.630000
42 10.930000
42 5.020000
42 2.700000
42 3.230000
42 1.060000
42 57.290000
42 0.850000
42 8.810000
42 5.820000
42 5.230000
42 2.800000
42 55.170000
42 0.540000
42 6.700000
42 11.390000
42 5.400000
42 19.620000
42 12.180000
42 4.400000
42 5.530000
42 3.990000
42 4.510000
42 5.340000
42 12.810000
42 8.920000
42 3.250000
42 4.690000
42 2.520000
42 3.210000
42 6.740000
42 7.260000
42 21.310000
42 0.740000
42 1.540000
42 5.930000
42 2.970000
42 2.250000
42 1.770000
42 6.450000
42 7.940000
42 4.580000
42 2.150000
42 2.070000
42 2.620000
42 2.620000
42 2.900000
42 7.200000
42 1.250000
42 1.800000
42 2.440000
42 4.800000
42 5.520000
42 2.790000
42 22.120000
42 7.150000
42 1.470000
42 4.950000
42 12.460000
42 4.950000
42 10.920000
42 0.450000
42 2.430000
42 1.870000
42 2.660000
42 1.230000
42 5.540000
42 0.910000
42 8.350000
42 6.840000
42 2.920000
42 1.960000
42 6.890000
42 7.080000
42 5.360000
42 2.320000
42 3.290000
42 12.310000
42 0.940000
42 82.340000
42 4.380000
42 1.200000
42 5.050000
42 1.880000
42 5.210000
42 2.030000
42 1.090000
42 3.630000
42 0.470000
42 2.590000
42 5.320000
42 3.420000
42 1.820000
42 3.760000
42 3.210000
42 2.480000
42 0.710000
42 5.250000
42 2.180000
42 4.840000
42 10.010000
42 3.950000
42 5.410000
42 9.530000
42 1.590000
42 10.250000
42 2.060000
42 22.300000
42 2.380000
42 8.230000
42 1.250000
42 2.950000
42 2.000000
42 2.320000
42 1.790000
42 1.620000
42 8.230000
42 0.930000
42 5.660000
42 10.370000
42 1.760000
42 7.090000
42 2.340000
42 4.850000
42 1.580000
42 17.450000
42 14.620000
42 23.830000
42 2.100000
42 5.080000
42 2.400000
42 1.330000
42 33.030000
42 6.030000
42 1.730000
42 7.250000
42 6.190000
42 4.790000
42 2.550000
42 5.690000
42 31.810000
42 5.800000
42 1.860000
42 1.420000
42 19.200000
42 5.940000
42 2.360000
42 5.180000
42 5.320000
42 24.290000
42 4.520000
42 2.210000
42 3.450000
42 0.660000
42 4.280000
42 1.750000
42 0.410000
42 1.640000
42 5.410000
42 2.880000
42 1.830000
42 6.360000
42 3.620000
42 8.750000
42 3.380000
42 12.900000
42 5.410000
42 1.340000
42 5.330000
42 67.970000
42 8.960000
42 1.100000
42 0.980000
42 4.110000
42 5.880000
42 16.140000
42 3.610000
42 4.010000
42 1.330000
42 17.410000
42 12.720000
42 9.260000
42 4.610000
42 4.940000
42 16.050000
42 2.570000
42 1.960000
42 2.990000
42 4.710000
42 0.560000
42 5.410000
42 4.610000
42 13.310000
42 3.060000
42 3.650000
42 6.190000
42 5.290000
42 5.290000
42 19.540000
42 11.510000
42 1.060000
42 6.410000
42 4.620000
42 6.830000
42 6.940000
42 10.150000
42 23.900000
42 1.010000
42 1.340000
42 14.470000
42 10.150000
42 2.010000
42 4.980000
42 2.600000
42 4.480000
42 10.650000
42 12.970000
42 2.630000
42 2.410000
42 0.730000
42 5.610000
42 0.760000
42 0.570000
42 11.790000
42 3.830000
42 0.900000
42 6.160000
42 3.460000
42 20.340000
42 1.320000
42 0.760000
42 19.000000
42 5.700000
42 5.930000
42 2.740000
42 8.580000
42 2.870000
42 12.790000
42 10.520000
42 47.350000
42 1.010000
42 2.570000
42 23.850000
42 1.100000
42 2.680000
42 7.170000
42 10.630000
42 2.930000
42 3.310000
42 4.790000
42 3.950000
42 7.710000
42 2.270000
42 5.080000
42 6.000000
42 4.620000
42 1.540000
42 5.130000
42 9.130000
42 1.470000
42 2.820000
42 2.190000
42 7.250000
42 0.850000
42 1.810000
42 4.960000
42 4.220000
42 4.870000
42 2.030000
42 2.410000
42 1.130000
42 0.830000
42 5.720000
42 4.510000
42 1.760000
42 1.510000
42 28.670000
42 7.380000
42 1.250000
42 16.580000
42 1.890000
42 1.520000
42 2.490000
42 1.570000
42 1.200000
42 0.510000
42 3.960000
42 13.650000
42 5.380000
42 1.240000
42 0.630000
42 3.630000
42 11.870000
42 2.710000
42 3.800000
42 12.750000
42 1.450000
42 2.870000
42 1.350000
42 0.960000
42 9.240000
42 1.470000
42 13.760000
42 32.070000
42 16.450000
42 1.630000
42 6.880000
42 17.880000
42 6.640000
42 3.280000
42 1.390000
42 1.690000
42 17.590000
42 2.750000
42 9.150000
42 3.890000
42 6.320000
42 15.150000
42 2.120000
42 12.330000
42 2.820000
42 5.970000
42 4.320000
42 8.670000
42 4.820000
42 7.090000
42 1.400000
42 2.760000
42 4.300000
42 3.390000
42 1.820000
42 5.230000
42 0.330000
42 2.240000
42 1.720000
42 7.090000
42 6.390000
42 4.380000
42 5.400000
42 1.400000
42 3.650000
42 2.160000
42 2.490000
42 4.130000
42 1.120000
42 0.390000
42 2.340000
42 4.250000
42 5.070000
42 7.550000
42 2.830000
42 16.990000
42 1.590000
42 37.100000
42 5.280000
42 6.180000
42 3.350000
42 2.620000
42 5.740000
42 1.690000
42 7.260000
42 21.690000
42 5.890000
42 12.590000
42 15.720000
42 1.600000
42 2.440000
42 4.180000
42 2.810000
42 14.740000
42 0.890000
42 1.500000
42 17.630000
42 5.680000
42 58.740000
42 3.670000
42 1.640000
42 7.140000
42 1.460000
42 4.380000
42 10.100000
42 5.890000
42 1.200000
42 4.630000
42 0.680000
42 5.360000
42 9.950000
42 3.500000
42 6.060000
42 5.180000
42 3.220000
42 2.660000
42 4.030000
42 5.700000
42 0.780000
42 1.310000
42 1.580000
42 16.350000
42 2.260000
42 4.920000
42 3.060000
42 3.710000
42 74.790000
42 1.080000
42 3.140000
42 2.260000
42 7.580000
42 20.490000
42 3.550000
42 2.750000
42 6.370000
42 7.190000
42 0.760000
42 11.630000
42 2.000000
42 5.330000
42 4.280000
42 1.410000
42 5.410000
42 8.410000
42 1.520000
42 1.160000
42 1.170000
42 0.680000
42 2.130000
42 5.560000
42 1.500000
42 4.780000
42 17.730000
42 4.350000
42 0.530000
42 1.040000
42 3.950000
42 17.550000
42 3.360000
42 6.010000
42 3.650000
42 7.800000
42 14.870000
42 3.020000
42 1.400000
42 1.970000
42 2.550000
42 11.250000
42 1.230000
42 12.480000
42 1.460000
42 12.320000
42 5.460000
42 3.330000
42 1.470000
42 14.430000
42 27.640000
42 6.660000
42 1.690000
42 9.120000
42 8.420000
42 4.570000
42 7.440000
42 3.840000
42 13.340000
42 4.380000
42 0.920000
42 1.250000
42 2.050000
42 2.960000
42 3.820000
42 1.680000
42 10.300000
42 16.470000
42 22.160000
42 6.300000
42 1.730000
42 6.970000
42 6.930000
42 6.820000
42 3.510000
42 3.610000
42 5.550000
42 7.230000
42 5.090000
42 6.020000
42 4.100000
42 6.420000
42 2.130000
42 2.330000
42 5.560000
42 7.920000
42 10.820000
42 1.750000
42 1.430000
42 1.610000
42 6.530000
42 2.900000
42 1.760000
42 7.140000
42 2.780000
42 3.040000
42 2.850000
42 2.160000
42 26.770000
42 4.270000
42 13.040000
42 5.740000
42 1.300000
42 3.200000
42 1.040000
42 5.140000
42 1.590000
42 0.960000
42 2.880000
42 4.290000
42 1.750000
42 3.470000
42 2.090000
42 49.660000
42 20.690000
42 3.210000
42 13.270000
42 9.250000
42 7.750000
42 1.970000
42 2.210000
42 2.460000
42 1.530000
42 17.340000
42 6.960000
42 2.320000
42 9.920000
42 1.220000
42 4.940000
42 5.970000
42 0.950000
42 1.260000
42 4.140000
