#n running-time
7 0.110000
7 0.130000
8 0.160000
8 0.170000
8 0.190000
8 0.210000
8 0.150000
8 0.180000
8 0.160000
8 0.220000
8 0.130000
8 0.160000
8 0.150000
8 0.140000
8 0.140000
8 0.170000
8 0.200000
8 0.160000
8 0.160000
8 0.120000
8 0.110000
8 0.220000
8 0.180000
8 0.170000
8 0.120000
8 0.140000
8 0.250000
8 0.130000
8 0.210000
8 0.190000
8 0.200000
8 0.220000
8 0.150000
8 0.180000
8 0.160000
8 0.180000
8 0.120000
8 0.140000
9 0.130000
9 0.170000
9 0.220000
9 0.460000
9 0.350000
9 0.210000
9 0.200000
9 0.270000
9 0.220000
9 0.180000
9 0.120000
9 0.200000
9 0.340000
9 0.180000
9 0.220000
9 0.140000
9 0.310000
9 0.110000
9 0.170000
9 0.390000
9 0.240000
9 0.260000
9 0.270000
9 0.140000
9 0.150000
9 0.210000
9 0.180000
9 0.180000
9 0.160000
9 0.240000
9 0.160000
9 0.130000
9 0.270000
9 0.210000
9 0.160000
9 0.220000
9 0.330000
9 0.180000
9 0.220000
9 0.190000
9 0.230000
9 0.240000
9 0.170000
9 0.300000
9 0.590000
9 0.180000
9 0.170000
9 0.220000
9 0.170000
9 0.250000
9 0.150000
9 0.180000
9 0.180000
9 0.250000
9 0.400000
9 0.280000
9 0.230000
9 0.200000
9 0.260000
9 0.170000
9 0.280000
9 0.150000
9 0.690000
9 0.270000
9 0.130000
9 0.360000
9 0.240000
9 0.310000
9 0.180000
9 0.180000
9 0.160000
9 0.310000
9 0.310000
9 0.150000
9 0.250000
9 0.320000
9 0.170000
9 0.240000
9 0.460000
9 0.200000
9 0.160000
9 0.280000
9 0.530000
9 0.170000
9 0.230000
9 0.260000
9 0.100000
9 0.210000
9 0.240000
9 0.370000
9 0.160000
9 0.210000
9 0.170000
9 0.220000
9 0.320000
9 0.180000
9 0.220000
9 0.210000
9 0.300000
9 0.180000
9 0.250000
9 0.260000
9 0.240000
9 0.210000
10 0.300000
10 0.190000
10 0.210000
10 0.190000
10 0.520000
10 0.490000
10 0.280000
10 0.200000
10 0.340000
10 0.190000
10 0.430000
10 0.170000
10 0.260000
10 0.270000
10 0.180000
10 0.250000
10 0.270000
10 0.330000
10 0.150000
10 0.230000
10 0.240000
10 0.310000
10 0.250000
10 0.250000
10 0.340000
10 0.190000
10 0.270000
10 0.270000
10 0.350000
10 0.390000
10 0.240000
10 0.280000
10 0.260000
10 0.210000
10 0.460000
10 0.380000
10 0.200000
10 0.460000
10 0.240000
10 0.240000
10 0.210000
10 0.240000
10 0.370000
10 0.490000
10 0.560000
10 0.140000
10 0.400000
10 0.230000
10 0.230000
10 0.210000
10 0.250000
10 0.160000
10 0.370000
10 0.360000
10 0.310000
10 0.450000
10 0.210000
10 0.270000
10 0.190000
10 0.230000
10 0.290000
10 0.280000
10 0.260000
10 0.280000
10 0.210000
10 0.200000
10 0.180000
10 0.370000
10 0.240000
10 0.360000
10 0.210000
10 0.200000
10 0.400000
10 0.350000
10 0.340000
10 0.270000
10 0.240000
10 0.290000
10 0.130000
10 0.480000
10 0.370000
10 0.290000
10 0.150000
10 0.200000
10 0.860000
10 0.280000
10 0.250000
10 0.470000
10 0.270000
10 0.180000
10 0.340000
10 0.170000
10 0.400000
10 0.230000
10 0.240000
10 0.290000
10 0.260000
10 0.290000
10 0.210000
10 0.110000
10 0.330000
10 0.240000
10 0.190000
10 0.360000
10 0.730000
10 0.420000
10 0.270000
10 0.190000
10 0.310000
10 0.260000
10 0.170000
10 0.130000
10 0.280000
10 0.570000
10 0.190000
10 0.300000
10 0.380000
10 0.290000
10 0.300000
10 0.150000
10 0.190000
10 0.270000
10 0.250000
10 0.150000
10 0.340000
10 0.440000
10 0.310000
10 0.270000
10 0.290000
10 0.270000
10 0.300000
10 0.330000
10 0.200000
10 0.210000
10 0.230000
10 0.220000
10 0.400000
10 0.260000
10 0.350000
10 0.540000
10 0.510000
10 0.200000
10 0.190000
10 0.630000
10 0.340000
10 0.350000
10 0.280000
10 0.290000
10 0.220000
10 0.270000
10 0.240000
10 0.210000
10 0.660000
10 0.190000
10 0.550000
10 0.190000
10 0.250000
10 0.280000
10 0.270000
10 0.260000
10 0.450000
10 0.220000
10 0.180000
10 0.470000
10 0.770000
10 0.340000
10 0.340000
10 0.170000
10 0.210000
10 0.310000
10 0.290000
10 0.300000
10 0.290000
10 0.240000
10 0.440000
10 0.230000
10 0.540000
10 0.160000
10 0.320000
10 0.330000
10 0.250000
10 0.290000
10 0.510000
10 0.190000
10 0.360000
10 0.210000
10 0.300000
10 0.310000
10 0.190000
10 0.220000
10 0.240000
10 0.220000
10 0.220000
10 0.270000
10 0.220000
10 0.340000
10 0.210000
10 0.530000
10 0.360000
10 0.290000
10 0.280000
10 0.550000
10 0.210000
10 0.190000
10 0.450000
10 0.350000
10 0.240000
10 0.270000
10 0.160000
10 0.390000
10 0.170000
10 0.230000
10 0.320000
11 0.400000
11 0.200000
11 0.870000
11 0.620000
11 0.190000
11 0.380000
11 0.510000
11 0.540000
11 0.360000
11 0.470000
11 0.530000
11 0.510000
11 0.660000
11 0.370000
11 0.260000
11 0.250000
11 0.390000
11 0.910000
11 0.550000
11 0.610000
11 0.390000
11 0.430000
11 0.350000
11 0.560000
11 0.390000
11 0.400000
11 0.330000
11 0.230000
11 0.290000
11 0.840000
11 0.240000
11 0.500000
11 0.240000
11 0.550000
11 0.470000
11 0.550000
11 0.560000
11 0.190000
11 0.550000
11 0.290000
11 0.280000
11 0.310000
11 0.220000
11 0.560000
11 0.350000
11 0.360000
11 0.460000
11 0.350000
11 0.430000
11 0.430000
11 0.450000
11 0.240000
11 0.510000
11 0.300000
11 0.490000
11 0.300000
11 0.190000
11 0.290000
11 0.780000
11 0.640000
11 0.390000
11 0.400000
11 0.430000
11 0.280000
11 0.680000
11 0.350000
11 0.370000
11 0.320000
11 0.290000
11 0.390000
11 0.430000
11 0.360000
11 0.410000
11 0.240000
11 0.450000
11 0.520000
11 0.330000
11 0.450000
11 0.830000
11 0.890000
11 0.290000
11 0.630000
11 0.280000
11 0.420000
11 0.240000
11 0.400000
11 0.410000
11 0.460000
11 0.330000
11 0.370000
11 0.580000
11 0.170000
11 0.160000
11 0.750000
11 0.850000
11 0.450000
11 0.410000
11 0.390000
11 0.530000
11 0.480000
11 0.270000
11 0.270000
11 0.440000
11 0.210000
11 0.240000
11 0.440000
11 0.300000
11 0.500000
11 0.340000
11 0.540000
11 0.250000
11 0.780000
11 0.290000
11 0.440000
11 0.540000
11 0.320000
11 0.280000
11 0.570000
11 0.650000
11 0.460000
11 0.180000
11 0.660000
11 0.270000
11 0.330000
11 0.560000
11 0.280000
11 0.500000
11 0.610000
11 0.430000
11 0.550000
11 0.310000
11 0.560000
11 0.240000
11 0.340000
11 0.300000
11 0.450000
11 0.470000
11 1.070000
11 0.240000
11 0.350000
11 0.460000
11 0.240000
11 0.270000
11 0.390000
11 0.360000
11 0.350000
11 0.390000
11 0.470000
11 0.280000
11 0.370000
11 0.300000
11 0.410000
11 0.310000
11 0.510000
11 0.320000
11 0.670000
11 0.140000
11 0.250000
11 0.250000
11 0.430000
11 0.340000
11 0.250000
11 0.440000
11 0.300000
11 0.420000
11 0.450000
11 0.450000
11 0.650000
11 0.390000
11 0.240000
11 0.380000
11 0.510000
11 0.420000
11 0.690000
11 0.440000
11 0.380000
11 0.500000
11 0.240000
11 0.410000
11 0.240000
11 0.260000
11 0.390000
11 0.260000
11 0.410000
11 0.280000
11 0.490000
11 0.390000
11 0.580000
11 0.290000
11 0.260000
11 0.340000
11 0.320000
11 0.420000
11 0.340000
11 0.210000
11 0.490000
11 0.350000
11 0.310000
11 0.320000
11 0.380000
11 0.260000
11 0.330000
11 0.450000
11 0.330000
11 0.260000
11 0.610000
11 0.630000
11 0.260000
11 0.450000
11 0.560000
11 0.690000
11 0.270000
11 0.430000
11 0.200000
11 0.340000
11 0.230000
11 0.300000
11 0.160000
11 0.560000
11 0.330000
11 0.290000
11 0.450000
11 0.570000
11 0.260000
11 0.610000
11 0.270000
11 0.490000
11 0.460000
11 0.420000
11 0.400000
11 0.360000
11 0.280000
11 0.260000
11 0.740000
11 0.820000
11 0.610000
11 0.220000
11 0.300000
11 0.570000
11 0.280000
11 0.790000
11 0.470000
11 0.220000
11 0.590000
11 0.430000
11 0.610000
11 0.400000
11 0.560000
11 0.220000
11 0.480000
11 0.210000
11 0.400000
11 0.700000
11 0.340000
11 0.600000
11 0.350000
11 0.180000
11 0.430000
11 0.310000
11 0.230000
11 0.310000
11 0.280000
11 0.540000
11 0.280000
11 0.480000
11 0.590000
11 0.710000
11 0.360000
11 0.510000
11 0.290000
11 0.170000
11 1.300000
11 0.370000
11 0.260000
11 0.340000
11 0.550000
11 0.810000
11 0.480000
11 0.420000
11 0.380000
11 0.340000
11 0.330000
11 0.330000
11 0.450000
11 0.440000
11 0.340000
11 0.430000
11 0.330000
11 0.450000
11 0.300000
11 0.210000
11 0.220000
11 0.280000
11 0.570000
11 0.290000
11 0.360000
11 0.310000
11 0.460000
11 0.320000
11 0.250000
11 0.640000
11 0.360000
11 0.390000
11 0.250000
11 0.320000
11 0.630000
11 0.400000
11 0.680000
11 0.250000
11 0.300000
11 0.360000
11 0.420000
11 0.500000
11 0.400000
11 0.540000
11 0.470000
11 0.390000
11 0.390000
11 0.250000
11 0.460000
11 0.380000
11 0.330000
11 0.780000
11 0.310000
11 0.310000
11 0.970000
11 0.300000
11 0.440000
11 0.480000
11 0.360000
11 0.510000
11 0.320000
11 0.660000
11 0.280000
11 0.190000
11 0.640000
11 0.220000
11 0.360000
11 0.260000
11 0.460000
11 0.390000
11 0.190000
11 0.410000
11 0.450000
11 0.500000
11 0.220000
11 0.380000
11 0.330000
11 0.380000
11 0.530000
11 0.500000
11 0.630000
11 0.390000
11 0.540000
11 0.400000
11 0.440000
11 0.220000
11 0.220000
11 0.240000
11 0.230000
11 0.350000
11 0.260000
11 0.460000
11 0.540000
11 0.340000
11 0.510000
11 0.270000
11 0.480000
12 0.450000
12 0.390000
12 0.310000
12 1.360000
12 0.560000
12 0.530000
12 0.290000
12 0.650000
12 0.670000
12 0.650000
12 0.520000
12 0.930000
12 0.530000
12 0.470000
12 0.480000
12 0.450000
12 0.610000
12 0.440000
12 0.810000
12 0.530000
12 0.240000
12 0.880000
12 0.360000
12 1.080000
12 0.300000
12 0.360000
12 0.800000
12 0.340000
12 0.430000
12 0.650000
12 0.950000
12 0.890000
12 0.330000
12 1.070000
12 0.930000
12 0.450000
12 0.750000
12 0.500000
12 0.450000
12 0.760000
12 0.430000
12 0.500000
12 0.490000
12 0.630000
12 1.720000
12 0.610000
12 0.420000
12 1.430000
12 0.400000
12 0.760000
12 0.790000
12 1.340000
12 0.460000
12 0.560000
12 0.440000
12 0.880000
12 2.330000
12 0.400000
12 0.800000
12 0.400000
12 0.410000
12 0.780000
12 0.350000
12 0.240000
12 0.380000
12 0.740000
12 0.290000
12 0.330000
12 0.490000
12 0.460000
12 0.420000
12 1.030000
12 0.580000
12 0.430000
12 0.540000
12 0.840000
12 0.590000
12 0.510000
12 0.530000
12 0.610000
12 1.420000
12 0.700000
12 0.500000
12 0.560000
12 0.750000
12 0.550000
12 0.420000
12 0.550000
12 0.500000
12 0.380000
12 0.890000
12 0.270000
12 0.490000
12 1.900000
12 0.650000
12 0.660000
12 0.630000
12 0.290000
12 0.480000
12 0.680000
12 0.360000
12 0.380000
12 0.880000
12 0.340000
12 0.930000
12 0.330000
12 1.270000
12 0.510000
12 0.580000
12 0.550000
12 0.330000
12 0.550000
12 0.520000
12 0.370000
12 0.390000
12 0.690000
12 0.910000
12 0.430000
12 0.620000
12 0.540000
12 0.640000
12 0.820000
12 0.370000
12 0.910000
12 0.550000
12 0.620000
12 0.560000
12 0.360000
12 0.540000
12 0.670000
12 0.680000
12 0.290000
12 0.560000
12 0.560000
12 0.500000
12 0.720000
12 0.250000
12 0.300000
12 0.380000
12 0.750000
12 0.830000
12 0.500000
12 0.930000
12 0.310000
12 0.680000
12 0.670000
12 0.240000
12 0.660000
12 0.390000
12 0.390000
12 0.450000
12 0.410000
12 0.740000
12 0.770000
12 0.320000
12 0.500000
12 0.480000
12 0.640000
12 0.180000
12 0.410000
12 0.760000
12 0.480000
12 0.440000
12 0.370000
12 0.670000
12 0.600000
12 0.250000
12 0.520000
12 0.990000
12 0.970000
12 0.320000
12 0.210000
12 0.380000
12 0.390000
12 0.590000
12 0.270000
12 0.380000
12 0.300000
12 0.930000
12 0.400000
12 0.650000
12 0.580000
12 1.170000
12 0.540000
12 0.650000
12 1.000000
12 0.520000
12 0.970000
12 0.850000
12 0.770000
12 0.630000
12 0.480000
12 0.310000
12 0.560000
12 0.230000
12 0.790000
12 0.390000
12 0.350000
12 0.390000
12 0.310000
12 0.320000
12 0.630000
12 0.700000
12 0.340000
12 0.630000
12 0.290000
12 0.360000
12 0.650000
12 0.920000
12 0.350000
12 0.270000
12 0.530000
12 0.340000
12 0.220000
12 0.270000
12 0.350000
12 0.330000
12 0.400000
12 0.320000
12 0.640000
12 0.470000
12 0.520000
12 0.440000
12 0.520000
12 0.460000
12 0.310000
12 0.460000
12 0.360000
12 0.720000
12 0.650000
12 0.760000
12 0.260000
12 0.380000
12 0.710000
12 0.290000
12 0.610000
12 0.690000
12 0.460000
12 0.530000
12 0.580000
12 0.280000
12 0.640000
12 0.740000
12 0.470000
12 0.560000
12 0.760000
12 0.350000
12 0.670000
12 0.370000
12 0.760000
12 0.360000
12 0.500000
12 0.380000
12 0.640000
12 0.430000
12 1.100000
12 0.560000
12 1.020000
12 0.530000
12 0.490000
12 0.420000
12 0.560000
12 0.430000
12 0.400000
12 0.490000
12 0.340000
12 0.210000
12 0.630000
12 0.310000
12 0.340000
12 0.510000
12 0.660000
12 0.580000
12 0.380000
12 0.790000
12 0.630000
12 0.510000
12 0.470000
12 0.870000
12 0.580000
12 0.940000
12 0.380000
12 0.480000
12 0.400000
12 0.390000
12 0.510000
12 0.840000
12 1.220000
12 0.850000
12 0.550000
12 0.750000
12 0.330000
12 0.730000
12 0.510000
12 0.280000
12 0.380000
12 1.050000
12 0.730000
12 0.250000
12 0.480000
12 0.250000
12 0.560000
12 0.750000
12 0.750000
12 0.340000
12 0.430000
12 0.560000
12 1.650000
12 0.840000
12 0.450000
12 0.700000
12 0.620000
12 0.410000
12 0.460000
12 0.340000
12 0.390000
12 0.460000
12 0.340000
12 0.780000
12 0.280000
12 0.610000
12 0.580000
12 0.350000
12 0.970000
12 0.590000
12 0.690000
12 0.820000
12 0.380000
12 0.490000
12 0.770000
12 0.840000
12 0.580000
12 0.530000
12 1.030000
12 0.560000
12 0.520000
12 0.500000
12 0.920000
12 0.290000
12 0.490000
12 0.340000
12 0.590000
12 0.430000
12 1.050000
12 0.650000
12 0.490000
12 0.960000
12 0.440000
12 0.740000
12 0.900000
12 0.260000
12 0.400000
12 0.470000
12 0.300000
12 0.440000
12 0.770000
12 0.510000
12 0.470000
12 0.360000
12 0.780000
12 0.920000
12 0.600000
12 0.550000
12 0.950000
12 0.380000
12 0.810000
12 0.660000
12 0.390000
12 0.980000
12 1.260000
12 0.450000
12 0.210000
12 1.040000
12 0.530000
12 1.050000
12 0.400000
12 0.540000
12 0.500000
12 0.680000
12 0.530000
12 0.720000
12 0.570000
12 0.360000
12 0.910000
12 0.710000
12 0.320000
12 0.520000
12 1.300000
12 0.270000
12 0.330000
12 0.380000
12 0.440000
12 0.530000
12 0.690000
12 0.340000
12 0.600000
12 0.500000
12 0.260000
12 0.770000
12 0.590000
12 0.560000
12 0.420000
12 0.430000
12 0.640000
12 0.410000
12 0.500000
12 0.420000
12 0.410000
12 0.310000
12 0.410000
12 0.460000
12 0.390000
12 0.560000
12 0.370000
12 0.580000
12 0.340000
12 0.500000
12 0.250000
12 0.540000
12 0.580000
12 0.440000
12 0.440000
12 0.660000
12 1.160000
12 0.540000
12 0.570000
12 0.520000
12 0.330000
12 0.440000
12 0.650000
12 0.320000
12 0.700000
12 0.510000
12 0.320000
12 0.550000
12 0.460000
12 0.960000
12 0.620000
12 0.430000
12 0.210000
12 0.580000
12 0.480000
12 0.410000
12 0.410000
12 0.250000
12 0.510000
12 0.890000
12 0.540000
12 0.470000
12 0.390000
12 0.580000
12 0.730000
12 1.940000
12 0.430000
12 0.460000
12 0.310000
12 0.960000
12 0.460000
12 0.760000
12 1.280000
12 0.420000
12 0.990000
12 0.660000
12 0.450000
12 0.520000
12 0.530000
12 0.660000
12 0.290000
12 0.730000
12 0.300000
12 0.830000
12 0.810000
12 0.270000
12 0.400000
12 0.410000
12 0.930000
12 0.910000
12 0.660000
12 0.630000
12 0.620000
12 0.490000
12 0.740000
12 0.660000
12 0.440000
12 0.540000
12 2.040000
12 1.480000
12 0.170000
12 1.080000
12 0.680000
12 0.460000
12 0.370000
12 0.480000
12 0.510000
12 0.630000
12 0.510000
12 0.580000
12 1.230000
12 0.480000
13 1.040000
13 0.790000
13 1.600000
13 0.410000
13 0.860000
13 0.530000
13 0.510000
13 0.880000
13 1.170000
13 0.980000
13 0.640000
13 0.620000
13 0.940000
13 0.440000
13 0.620000
13 0.390000
13 0.990000
13 2.070000
13 0.750000
13 0.430000
13 0.620000
13 0.360000
13 0.400000
13 0.840000
13 0.450000
13 0.450000
13 1.130000
13 0.920000
13 1.200000
13 1.090000
13 0.520000
13 0.390000
13 0.460000
13 0.480000
13 0.810000
13 0.740000
13 1.090000
13 0.570000
13 0.990000
13 1.440000
13 0.840000
13 0.820000
13 0.680000
13 0.730000
13 0.840000
13 0.760000
13 0.770000
13 0.920000
13 0.720000
13 0.650000
13 0.470000
13 1.310000
13 1.580000
13 0.790000
13 1.280000
13 1.470000
13 0.650000
13 0.650000
13 0.890000
13 1.300000
13 0.900000
13 1.700000
13 1.200000
13 0.720000
13 0.830000
13 0.740000
13 0.460000
13 0.870000
13 1.090000
13 0.490000
13 0.460000
13 2.090000
13 0.690000
13 1.530000
13 1.700000
13 1.800000
13 0.500000
13 0.630000
13 0.670000
13 0.480000
13 0.690000
13 0.740000
13 1.440000
13 0.630000
13 0.800000
13 0.780000
13 0.650000
13 1.260000
13 1.700000
13 0.520000
13 0.520000
13 1.420000
13 1.020000
13 0.410000
13 0.560000
13 0.430000
13 1.870000
13 1.480000
13 1.020000
13 0.460000
13 0.730000
13 1.000000
13 0.490000
13 0.640000
13 0.790000
13 0.450000
13 1.030000
13 1.380000
13 0.910000
13 0.230000
13 0.740000
13 0.620000
13 0.820000
13 0.760000
13 0.770000
13 0.680000
13 0.450000
13 0.350000
13 0.700000
13 0.780000
13 0.330000
13 0.410000
13 0.920000
13 0.440000
13 0.340000
13 0.860000
13 0.830000
13 0.830000
13 0.410000
13 1.200000
13 0.810000
13 1.020000
13 0.540000
13 0.800000
13 1.170000
13 0.750000
13 0.890000
13 1.470000
13 0.710000
13 0.540000
13 0.740000
13 1.130000
13 0.380000
13 0.600000
13 1.000000
13 1.020000
13 1.640000
13 0.620000
13 0.370000
13 0.500000
13 0.800000
13 0.930000
13 0.650000
13 1.230000
13 0.700000
13 0.820000
13 0.180000
13 1.800000
13 0.470000
13 0.470000
13 0.620000
13 0.740000
13 0.880000
13 1.040000
13 0.950000
13 1.510000
13 0.610000
13 0.790000
13 0.660000
13 1.040000
13 1.200000
13 0.450000
13 0.520000
13 0.640000
13 0.520000
13 0.540000
13 0.480000
13 0.780000
13 0.990000
13 0.890000
13 1.060000
13 1.280000
13 1.110000
13 0.780000
13 1.620000
13 1.190000
13 0.370000
13 0.590000
13 0.390000
13 1.290000
13 0.860000
13 0.490000
13 0.500000
13 0.500000
13 0.710000
13 0.980000
13 0.400000
13 0.670000
13 1.490000
13 0.690000
13 0.580000
13 0.790000
13 0.940000
13 0.520000
13 1.250000
13 1.090000
13 0.880000
13 0.650000
13 2.590000
13 0.370000
13 0.680000
13 0.730000
13 1.550000
13 0.470000
13 0.780000
13 0.620000
13 1.300000
13 0.530000
13 0.610000
13 0.640000
13 0.460000
13 1.620000
13 0.840000
13 0.880000
13 1.150000
13 1.100000
13 0.510000
13 0.860000
13 1.170000
13 0.770000
13 0.900000
13 0.950000
13 0.940000
13 0.640000
13 1.200000
13 0.970000
13 0.590000
13 0.460000
13 1.100000
13 0.750000
13 0.430000
13 1.110000
13 0.750000
13 0.840000
13 0.550000
13 0.450000
13 0.850000
13 0.630000
13 0.600000
13 0.930000
13 0.630000
13 1.320000
13 1.550000
13 0.810000
13 0.710000
13 0.670000
13 2.140000
13 0.930000
13 2.040000
13 1.090000
13 0.640000
13 1.050000
13 1.090000
13 0.970000
13 0.380000
13 0.410000
13 0.580000
13 0.900000
13 0.550000
13 1.410000
13 0.560000
13 0.740000
13 1.030000
13 0.730000
13 0.880000
13 0.890000
13 0.530000
13 0.540000
13 0.560000
13 1.790000
13 0.520000
13 0.330000
13 0.800000
13 0.580000
13 1.210000
13 0.750000
13 0.940000
13 0.660000
13 0.960000
13 0.480000
13 0.670000
13 0.800000
13 0.820000
13 0.410000
13 0.960000
13 0.650000
13 0.850000
13 0.700000
13 2.010000
13 1.040000
13 1.170000
13 0.450000
13 0.820000
13 0.560000
13 1.490000
13 0.310000
13 0.870000
13 1.290000
13 0.540000
13 0.590000
13 0.770000
13 1.030000
13 0.690000
13 0.820000
13 0.760000
13 0.760000
13 0.430000
13 1.190000
13 0.280000
13 0.720000
13 0.500000
13 1.340000
13 1.000000
13 0.910000
13 0.910000
13 0.660000
13 1.670000
13 0.520000
13 1.190000
13 1.160000
13 0.550000
13 0.510000
13 0.960000
13 1.680000
13 0.410000
13 0.710000
13 0.610000
13 1.070000
13 0.510000
13 0.630000
13 1.020000
13 0.550000
13 0.540000
13 0.580000
13 1.200000
13 0.930000
13 0.360000
13 1.240000
13 0.730000
13 0.630000
13 1.100000
13 0.730000
13 0.970000
13 0.540000
13 0.690000
13 1.150000
13 0.190000
13 0.980000
13 1.360000
13 1.490000
13 1.210000
13 0.860000
13 0.540000
13 1.240000
13 0.900000
13 1.360000
13 0.840000
13 1.200000
13 1.580000
13 1.020000
13 0.590000
13 1.780000
13 0.440000
13 1.230000
13 0.500000
13 0.770000
13 1.010000
13 0.890000
13 0.510000
13 0.750000
13 1.270000
13 1.210000
13 0.910000
13 9.250000
13 1.190000
13 1.070000
13 0.840000
13 0.580000
13 0.580000
13 0.870000
13 0.650000
13 1.080000
13 1.680000
13 1.320000
13 0.670000
13 0.740000
13 0.840000
13 0.790000
13 1.160000
13 0.850000
13 0.790000
13 0.240000
13 0.540000
13 0.690000
13 1.060000
13 0.570000
13 0.730000
13 1.020000
13 0.690000
13 1.590000
13 0.550000
13 0.630000
13 0.270000
13 0.740000
13 1.240000
13 0.570000
13 1.500000
13 0.800000
13 0.580000
13 0.620000
13 0.700000
13 0.940000
13 1.250000
13 0.480000
13 1.200000
13 1.480000
13 0.600000
13 0.460000
13 0.790000
13 0.650000
13 1.050000
13 0.630000
13 0.860000
13 1.270000
13 0.760000
13 0.710000
13 1.230000
13 0.840000
13 0.620000
13 0.310000
13 1.470000
13 2.400000
13 1.820000
13 0.510000
13 1.040000
13 0.960000
13 0.820000
13 0.780000
13 0.800000
13 1.450000
13 0.990000
13 2.450000
13 0.670000
13 0.560000
13 0.350000
13 0.510000
13 0.460000
13 0.760000
13 0.610000
13 0.330000
13 1.480000
13 0.610000
13 1.220000
13 1.120000
13 0.580000
13 0.750000
13 0.650000
13 0.660000
13 0.700000
13 0.380000
13 1.060000
13 0.870000
13 1.010000
13 0.460000
13 0.440000
13 0.950000
13 1.000000
13 3.050000
13 0.580000
13 0.620000
13 1.280000
13 0.940000
13 0.510000
13 0.560000
13 0.480000
13 0.430000
13 0.480000
13 0.980000
13 0.930000
13 0.640000
13 0.390000
13 1.020000
13 0.800000
13 0.960000
13 0.930000
13 0.840000
13 0.740000
13 0.900000
13 0.300000
13 0.650000
13 0.950000
13 0.450000
13 1.160000
13 0.310000
13 0.740000
13 0.460000
13 0.740000
13 0.480000
13 1.260000
13 0.950000
13 0.550000
13 0.660000
13 0.540000
13 0.510000
13 4.460000
13 1.000000
13 0.870000
13 0.240000
13 1.560000
13 0.600000
13 0.770000
13 0.580000
13 0.750000
13 0.360000
13 0.990000
13 0.950000
13 0.500000
13 0.900000
13 0.990000
13 1.210000
13 1.850000
13 0.820000
13 1.340000
13 0.860000
13 1.210000
13 1.270000
13 0.850000
13 0.440000
13 0.980000
13 0.900000
13 0.590000
13 1.080000
13 1.080000
13 0.950000
13 0.740000
13 0.630000
13 1.180000
13 0.840000
13 0.590000
13 0.270000
13 0.580000
13 0.660000
13 0.600000
13 1.110000
13 0.470000
13 1.120000
13 1.170000
13 0.430000
13 0.560000
13 0.410000
13 0.540000
13 0.770000
13 0.500000
13 0.610000
13 0.750000
13 1.460000
13 1.030000
13 1.380000
13 0.490000
13 0.800000
13 1.020000
13 1.020000
13 0.730000
13 0.760000
13 0.510000
13 0.370000
13 2.440000
13 2.040000
13 0.460000
