#n running-time
34 0.480000
34 0.510000
34 0.490000
35 0.530000
35 0.490000
35 0.540000
35 0.540000
35 0.500000
35 0.500000
35 0.510000
35 0.510000
35 0.440000
35 0.490000
35 0.480000
35 0.510000
35 0.460000
35 0.580000
35 0.520000
35 0.440000
35 0.450000
35 0.510000
36 0.510000
36 0.470000
36 0.460000
36 0.510000
36 0.500000
36 0.510000
36 0.500000
36 0.520000
36 0.500000
36 0.500000
36 0.530000
36 0.470000
36 0.460000
36 0.530000
36 0.480000
36 0.500000
36 0.510000
36 0.510000
36 0.490000
36 0.520000
36 0.510000
36 0.530000
36 0.550000
36 0.500000
36 0.480000
36 0.470000
36 0.470000
36 0.470000
36 0.520000
36 0.500000
36 0.540000
36 0.470000
36 0.500000
36 0.450000
36 0.530000
36 0.500000
36 0.520000
36 0.480000
36 0.510000
36 0.470000
36 0.510000
36 0.500000
37 0.620000
37 0.520000
37 0.580000
37 0.510000
37 0.510000
37 0.710000
37 0.550000
37 0.560000
37 0.510000
37 0.500000
37 0.510000
37 0.530000
37 0.470000
37 0.490000
37 0.510000
37 0.490000
37 0.480000
37 0.470000
37 0.470000
37 0.540000
37 0.500000
37 0.460000
37 0.520000
37 0.490000
37 0.520000
37 0.510000
37 0.590000
37 0.480000
37 0.490000
37 0.490000
37 0.520000
37 0.440000
37 0.460000
37 0.510000
37 0.540000
37 0.500000
37 0.460000
37 0.490000
37 0.470000
37 0.510000
37 0.490000
37 0.530000
37 0.500000
37 0.490000
37 0.510000
37 0.510000
37 0.500000
37 0.510000
37 0.500000
37 0.490000
37 0.500000
37 0.500000
37 0.530000
37 0.500000
37 0.500000
37 0.500000
37 0.470000
37 0.450000
37 0.500000
37 0.530000
37 0.490000
37 0.500000
37 0.550000
37 0.500000
37 0.460000
37 0.560000
37 0.510000
37 0.520000
37 0.520000
37 0.510000
37 0.580000
37 0.500000
37 0.500000
37 0.500000
37 0.500000
37 0.510000
37 0.560000
37 0.450000
37 0.540000
37 0.470000
37 0.500000
37 0.460000
37 0.480000
37 0.490000
37 0.530000
37 0.450000
37 0.510000
37 0.490000
37 0.470000
37 0.540000
37 0.490000
37 0.480000
37 0.530000
37 0.490000
37 0.530000
37 0.590000
37 0.720000
37 0.470000
37 0.500000
37 0.440000
37 0.490000
37 0.500000
37 0.460000
37 0.540000
37 0.520000
37 0.570000
37 0.520000
37 0.480000
37 0.480000
37 0.570000
37 0.460000
37 0.500000
37 0.490000
37 0.530000
37 0.500000
37 0.460000
37 0.480000
37 0.480000
37 0.560000
37 0.550000
37 0.560000
37 0.480000
37 0.510000
37 0.530000
37 0.490000
37 0.490000
37 0.490000
37 0.500000
37 0.500000
37 0.660000
37 0.490000
37 0.500000
37 0.480000
37 0.520000
37 0.480000
37 0.500000
37 0.520000
37 0.510000
38 0.530000
38 0.470000
38 0.540000
38 0.500000
38 0.600000
38 0.520000
38 0.490000
38 0.490000
38 0.510000
38 0.490000
38 0.520000
38 0.470000
38 0.490000
38 0.490000
38 0.510000
38 0.490000
38 0.470000
38 0.490000
38 0.510000
38 0.550000
38 0.470000
38 0.500000
38 0.560000
38 0.540000
38 0.530000
38 0.470000
38 0.460000
38 0.550000
38 0.520000
38 0.530000
38 0.510000
38 0.510000
38 0.530000
38 0.480000
38 0.430000
38 0.490000
38 0.520000
38 0.500000
38 0.470000
38 0.550000
38 0.480000
38 0.500000
38 0.540000
38 0.540000
38 0.580000
38 0.510000
38 0.450000
38 0.690000
38 0.500000
38 0.560000
38 0.510000
38 0.480000
38 0.460000
38 0.510000
38 0.550000
38 0.450000
38 0.500000
38 0.510000
38 0.520000
38 0.510000
38 0.520000
38 0.490000
38 0.500000
38 0.480000
38 0.480000
38 0.510000
38 0.530000
38 0.520000
38 0.500000
38 0.500000
38 0.460000
38 0.490000
38 0.550000
38 0.510000
38 0.500000
38 0.440000
38 0.510000
38 0.440000
38 0.530000
38 0.510000
38 0.500000
38 0.460000
38 0.490000
38 0.470000
38 0.490000
38 0.490000
38 0.480000
38 0.540000
38 0.530000
38 0.500000
38 0.530000
38 0.520000
38 0.480000
38 0.460000
38 0.450000
38 0.500000
38 0.510000
38 0.520000
38 0.600000
38 0.490000
38 0.540000
38 0.480000
38 0.460000
38 0.510000
38 0.510000
38 0.530000
38 0.580000
38 0.530000
38 0.570000
38 0.490000
38 0.490000
38 0.540000
38 0.520000
38 0.510000
38 0.480000
38 0.480000
38 0.490000
38 0.540000
38 0.520000
38 0.530000
38 0.490000
38 0.490000
38 0.500000
38 0.440000
38 0.510000
38 0.470000
38 0.500000
38 0.490000
38 0.500000
38 0.500000
38 0.500000
38 0.500000
38 0.500000
38 0.490000
38 0.510000
38 0.550000
38 1.300000
38 0.510000
38 0.500000
38 0.560000
38 0.530000
38 0.530000
38 0.500000
38 0.440000
38 0.560000
38 0.460000
38 0.540000
38 0.520000
38 0.440000
38 0.460000
38 0.490000
38 0.510000
38 0.450000
38 0.500000
38 0.490000
38 0.540000
38 0.460000
38 0.470000
38 0.740000
38 0.520000
38 0.470000
38 0.500000
38 0.480000
38 0.490000
38 0.500000
38 0.490000
38 0.520000
38 0.490000
38 0.490000
38 0.520000
38 0.530000
38 0.560000
38 0.550000
38 0.520000
38 0.490000
38 0.490000
38 0.560000
38 0.570000
38 0.500000
38 0.500000
38 0.490000
38 0.460000
38 0.480000
38 0.500000
38 0.480000
38 0.500000
38 0.490000
38 0.560000
38 0.480000
38 0.490000
38 0.470000
38 0.520000
38 0.520000
38 0.500000
38 0.510000
38 0.480000
38 0.540000
38 0.480000
38 0.520000
38 0.500000
38 0.480000
38 0.530000
38 0.470000
38 0.430000
38 0.470000
38 0.590000
38 0.510000
38 0.490000
38 0.500000
38 0.490000
38 0.490000
38 0.510000
38 0.480000
38 0.500000
38 0.540000
38 0.490000
38 0.530000
38 0.570000
38 0.530000
38 0.500000
38 0.500000
38 0.760000
38 0.500000
38 0.440000
38 0.620000
38 0.500000
38 0.510000
38 0.520000
38 0.570000
38 0.460000
38 0.580000
38 0.530000
38 0.490000
38 0.490000
38 0.470000
38 0.520000
38 0.470000
38 0.510000
38 0.520000
38 0.460000
38 0.510000
38 0.470000
38 0.510000
38 0.490000
38 0.540000
38 0.470000
38 0.480000
38 0.470000
38 0.530000
38 0.420000
38 0.470000
38 0.500000
38 0.480000
38 0.500000
38 0.480000
38 0.530000
38 0.550000
38 0.540000
38 0.520000
38 0.480000
38 0.490000
38 0.470000
38 0.520000
38 0.540000
38 0.450000
38 0.510000
39 0.510000
39 0.660000
39 0.500000
39 0.510000
39 0.510000
39 0.460000
39 0.470000
39 0.530000
39 0.460000
39 0.480000
39 0.460000
39 0.530000
39 0.590000
39 0.540000
39 0.500000
39 0.480000
39 0.510000
39 0.470000
39 0.520000
39 0.520000
39 0.450000
39 0.500000
39 0.540000
39 0.520000
39 0.530000
39 0.500000
39 0.520000
39 0.540000
39 0.510000
39 0.520000
39 0.480000
39 0.510000
39 0.670000
39 0.540000
39 0.500000
39 0.490000
39 0.480000
39 0.470000
39 0.520000
39 0.500000
39 0.520000
39 0.560000
39 0.460000
39 0.450000
39 0.550000
39 0.510000
39 0.500000
39 0.550000
39 0.510000
39 0.490000
39 0.440000
39 0.510000
39 0.500000
39 0.520000
39 0.520000
39 0.540000
39 0.660000
39 0.550000
39 0.500000
39 0.460000
39 0.480000
39 0.490000
39 0.500000
39 0.510000
39 0.500000
39 0.490000
39 0.440000
39 0.500000
39 0.510000
39 0.490000
39 0.560000
39 0.520000
39 0.460000
39 0.470000
39 0.520000
39 0.500000
39 0.480000
39 0.500000
39 0.470000
39 0.480000
39 0.480000
39 0.520000
39 0.500000
39 0.500000
39 0.520000
39 0.570000
39 0.450000
39 0.550000
39 0.510000
39 0.450000
39 0.510000
39 0.460000
39 0.540000
39 0.510000
39 0.520000
39 0.510000
39 0.610000
39 0.500000
39 0.480000
39 0.490000
39 0.500000
39 0.510000
39 0.480000
39 0.470000
39 0.500000
39 0.520000
39 0.550000
39 0.480000
39 0.480000
39 0.530000
39 0.530000
39 0.490000
39 0.480000
39 0.490000
39 0.510000
39 0.480000
39 0.520000
39 0.490000
39 0.520000
39 0.500000
39 0.480000
39 0.490000
39 0.550000
39 0.470000
39 0.500000
39 0.470000
39 0.540000
39 0.480000
39 0.510000
39 0.520000
39 0.690000
39 0.510000
39 0.440000
39 0.520000
39 0.470000
39 0.440000
39 0.470000
39 0.490000
39 0.500000
39 0.500000
39 0.490000
39 0.500000
39 0.510000
39 0.470000
39 0.460000
39 0.530000
39 0.470000
39 0.500000
39 0.480000
39 0.480000
39 0.470000
39 0.490000
39 0.490000
39 0.470000
39 0.690000
39 0.530000
39 0.470000
39 0.490000
39 0.490000
39 0.470000
39 0.510000
39 0.510000
39 0.510000
39 0.520000
39 0.460000
39 1.210000
39 0.510000
39 0.530000
39 0.520000
39 0.540000
39 0.510000
39 0.600000
39 0.460000
39 0.490000
39 0.540000
39 0.540000
39 0.550000
39 0.490000
39 0.540000
39 0.550000
39 0.570000
39 0.470000
39 0.550000
39 0.480000
39 0.480000
39 0.440000
39 0.550000
39 0.500000
39 0.520000
39 0.530000
39 0.500000
39 0.460000
39 0.510000
39 0.480000
39 0.560000
39 0.470000
39 0.490000
39 0.520000
39 0.500000
39 0.570000
39 0.530000
39 0.490000
39 0.520000
39 0.480000
39 0.460000
39 0.470000
39 0.490000
39 0.470000
39 0.490000
39 0.510000
39 0.480000
39 0.500000
39 0.470000
39 0.440000
39 0.510000
39 0.500000
39 0.540000
39 0.470000
39 0.510000
39 0.520000
39 0.520000
39 0.470000
39 0.540000
39 0.480000
39 0.510000
39 0.530000
39 0.530000
39 0.510000
39 0.510000
39 0.490000
39 0.540000
39 0.630000
39 0.470000
39 0.540000
39 0.460000
39 0.510000
39 0.480000
39 0.480000
39 0.520000
39 0.460000
39 0.460000
39 0.500000
39 0.480000
39 0.500000
39 0.550000
39 0.450000
39 0.570000
39 0.500000
39 0.460000
39 0.490000
39 0.510000
39 0.500000
39 0.500000
39 0.520000
39 0.470000
39 0.490000
39 0.470000
39 0.480000
39 0.600000
39 0.470000
39 0.460000
39 0.480000
39 0.510000
39 0.520000
39 0.490000
39 0.450000
39 0.520000
39 0.510000
39 0.570000
39 0.520000
39 0.470000
39 0.490000
39 0.490000
39 0.520000
39 0.490000
39 0.500000
39 0.520000
39 0.470000
39 0.510000
39 0.490000
39 0.470000
39 0.500000
39 0.500000
39 0.470000
39 0.520000
39 0.490000
39 0.510000
39 0.450000
39 0.510000
39 0.490000
39 0.480000
39 0.530000
39 0.510000
39 0.530000
39 0.570000
39 0.470000
39 0.540000
39 0.500000
39 0.490000
39 0.480000
39 0.520000
39 0.520000
39 0.450000
39 0.510000
39 0.460000
39 0.560000
39 0.590000
39 0.530000
39 0.530000
39 0.530000
39 0.490000
39 0.490000
39 0.540000
39 0.520000
39 0.600000
39 0.500000
39 0.490000
39 0.510000
39 0.440000
39 0.530000
39 0.430000
39 0.480000
39 0.530000
39 0.490000
39 0.440000
39 0.520000
39 0.540000
39 0.530000
39 0.520000
39 0.500000
39 0.540000
39 0.490000
39 0.480000
39 0.490000
39 0.510000
39 0.510000
39 0.500000
39 0.480000
39 0.500000
39 0.520000
39 0.500000
39 0.500000
39 0.490000
39 0.540000
39 0.470000
39 0.500000
39 0.450000
39 0.510000
39 0.500000
39 0.490000
39 0.510000
39 0.490000
39 0.530000
39 0.470000
39 0.450000
39 0.520000
39 0.470000
39 0.480000
39 0.500000
39 0.480000
39 0.500000
39 0.480000
39 0.530000
39 0.540000
39 0.530000
39 0.520000
39 0.500000
39 0.550000
39 0.430000
39 0.510000
39 0.480000
39 0.490000
39 0.480000
39 0.530000
39 0.500000
39 0.500000
39 0.480000
39 0.470000
39 0.470000
39 0.500000
39 0.470000
39 0.490000
39 0.520000
39 0.540000
39 0.520000
39 0.520000
39 0.570000
39 0.510000
39 0.490000
39 0.500000
39 0.480000
39 0.550000
39 0.560000
39 0.490000
39 0.570000
39 0.480000
39 0.520000
39 0.450000
39 0.520000
39 0.520000
39 0.510000
39 0.510000
39 0.530000
39 0.490000
39 0.450000
39 0.530000
40 0.530000
40 0.570000
40 0.520000
40 0.460000
40 0.520000
40 0.490000
40 0.540000
40 0.530000
40 0.520000
40 0.460000
40 0.550000
40 0.480000
40 0.480000
40 0.520000
40 0.580000
40 0.550000
40 0.510000
40 0.570000
40 0.500000
40 0.500000
40 0.510000
40 0.440000
40 0.510000
40 0.510000
40 0.520000
40 0.510000
40 0.500000
40 0.500000
40 0.530000
40 0.560000
40 0.480000
40 0.530000
40 0.530000
40 0.470000
40 0.450000
40 0.500000
40 0.490000
40 0.560000
40 0.480000
40 0.560000
40 0.500000
40 0.460000
40 0.570000
40 0.460000
40 0.510000
40 0.480000
40 0.500000
40 0.480000
40 0.500000
40 0.520000
40 0.490000
40 0.540000
40 0.550000
40 0.500000
40 0.540000
40 0.510000
40 0.440000
40 0.470000
40 0.530000
40 0.480000
40 0.470000
40 0.460000
40 0.500000
40 0.520000
40 0.510000
40 0.620000
40 0.500000
40 0.480000
40 0.460000
40 0.500000
40 0.540000
40 0.450000
40 0.470000
40 0.460000
40 0.460000
40 0.470000
40 0.510000
40 0.510000
40 0.510000
40 0.510000
40 0.470000
40 0.500000
40 0.520000
40 0.510000
40 0.480000
40 0.470000
40 0.520000
40 0.490000
40 0.500000
40 0.470000
40 0.470000
40 0.440000
40 0.480000
40 0.490000
40 0.520000
40 0.500000
40 0.560000
40 0.500000
40 0.470000
40 0.510000
40 0.470000
40 0.520000
40 0.500000
40 0.480000
40 0.530000
40 0.500000
40 0.520000
40 0.530000
40 0.460000
40 0.490000
40 0.480000
40 0.510000
40 0.510000
40 0.500000
40 0.440000
40 0.470000
40 0.670000
40 0.530000
40 0.460000
40 0.520000
40 0.540000
40 0.480000
40 0.530000
40 0.480000
40 0.530000
40 0.510000
40 0.510000
40 0.470000
40 0.450000
40 0.470000
40 0.460000
40 0.470000
40 0.520000
40 0.530000
40 0.550000
40 0.500000
40 0.500000
40 0.740000
40 0.560000
40 0.520000
40 0.490000
40 0.530000
40 0.450000
40 0.530000
40 0.500000
40 0.500000
40 0.480000
40 0.510000
40 0.520000
40 0.470000
40 0.520000
40 0.540000
40 0.460000
40 0.530000
40 0.450000
40 0.480000
40 0.500000
40 0.550000
40 0.510000
40 0.580000
40 0.500000
40 0.470000
40 0.590000
40 0.500000
40 0.460000
40 0.480000
40 0.490000
40 0.470000
40 0.480000
40 0.480000
40 0.530000
40 0.560000
40 0.490000
40 0.530000
40 0.460000
40 0.490000
40 0.520000
40 0.530000
40 0.580000
40 0.520000
40 0.580000
40 0.560000
40 0.510000
40 0.510000
40 0.450000
40 0.490000
40 0.440000
40 0.490000
40 0.510000
40 0.500000
40 0.620000
40 0.510000
40 0.490000
40 0.540000
40 0.480000
40 0.470000
40 0.490000
40 0.510000
40 0.490000
40 0.430000
40 0.500000
40 0.510000
40 0.480000
40 0.460000
40 0.520000
40 0.480000
40 0.490000
40 0.540000
40 0.500000
40 0.530000
40 0.510000
40 0.510000
40 0.510000
40 0.510000
40 0.520000
40 0.510000
40 0.540000
40 0.610000
40 0.540000
40 0.490000
40 0.490000
40 0.550000
40 0.490000
40 0.510000
40 0.510000
40 0.530000
40 0.430000
40 0.490000
40 0.530000
40 0.510000
40 0.490000
40 0.490000
40 0.470000
40 0.530000
40 0.510000
40 0.640000
40 0.450000
40 0.520000
40 0.520000
40 0.500000
40 0.490000
40 0.480000
40 0.490000
40 0.470000
40 0.500000
40 0.480000
40 0.540000
40 0.500000
40 0.480000
40 0.550000
40 0.540000
40 0.500000
40 0.470000
40 0.520000
40 0.500000
40 0.490000
40 0.540000
40 0.530000
40 0.460000
40 0.460000
40 0.510000
40 0.560000
40 0.490000
40 0.540000
40 0.490000
40 0.490000
40 0.510000
40 0.510000
40 0.660000
40 0.450000
40 0.570000
40 0.530000
40 0.520000
40 0.500000
40 0.510000
40 0.570000
40 0.480000
40 0.500000
40 0.490000
40 0.510000
40 0.480000
40 0.520000
40 0.520000
40 0.510000
40 0.550000
40 0.510000
40 0.540000
40 0.480000
40 0.470000
40 0.490000
40 0.470000
40 0.500000
40 0.510000
40 0.460000
40 0.460000
40 0.530000
40 0.460000
40 0.590000
40 0.520000
40 0.500000
40 0.510000
40 0.470000
40 0.490000
40 0.550000
40 0.460000
40 0.550000
40 0.510000
40 0.480000
40 0.520000
40 0.470000
40 0.490000
40 0.510000
40 0.540000
40 0.550000
40 0.500000
40 0.450000
40 0.500000
40 0.500000
40 0.520000
40 0.490000
40 0.470000
40 0.520000
40 0.510000
40 0.540000
40 0.520000
40 0.510000
40 0.510000
40 0.510000
40 0.460000
40 0.510000
40 0.510000
40 0.520000
40 0.510000
40 0.530000
40 0.550000
40 0.480000
40 0.490000
40 0.560000
40 0.510000
40 0.460000
40 0.550000
40 0.460000
40 0.490000
40 0.510000
40 0.480000
40 0.520000
40 0.520000
40 0.510000
40 1.380000
40 0.500000
40 0.530000
40 0.510000
40 0.500000
40 0.540000
40 0.460000
40 0.510000
40 0.500000
40 0.560000
40 0.530000
40 0.430000
40 0.540000
40 0.460000
40 0.520000
40 0.520000
40 0.500000
40 0.500000
40 0.520000
40 0.470000
40 0.490000
40 0.570000
40 0.520000
40 0.470000
40 0.500000
40 0.460000
40 0.550000
40 0.490000
40 0.540000
40 0.490000
40 0.480000
40 0.490000
40 0.540000
40 0.470000
40 0.490000
40 0.470000
40 0.510000
40 0.530000
40 0.510000
40 0.500000
40 0.490000
40 0.470000
40 0.520000
40 0.500000
40 0.480000
40 0.540000
40 0.520000
40 0.460000
40 0.500000
40 0.500000
40 0.600000
40 0.460000
40 0.500000
40 0.500000
40 0.490000
40 0.470000
40 0.500000
40 0.540000
40 0.500000
40 0.490000
40 0.490000
40 0.470000
40 0.520000
40 0.530000
40 0.520000
40 0.470000
40 0.470000
40 0.490000
40 0.480000
40 0.520000
40 0.520000
40 0.600000
40 0.540000
40 0.470000
40 0.510000
40 0.520000
40 0.510000
40 0.510000
40 0.530000
40 0.520000
40 0.500000
40 0.470000
40 0.580000
40 0.420000
40 0.490000
40 0.480000
40 0.510000
40 0.580000
40 0.480000
40 0.480000
40 0.490000
40 0.500000
40 0.530000
40 0.490000
40 0.580000
40 0.490000
40 0.500000
40 0.470000
40 0.550000
40 0.520000
40 0.490000
40 0.460000
40 0.510000
40 0.470000
40 0.520000
40 0.470000
40 0.540000
40 0.520000
40 0.520000
40 0.530000
40 0.520000
40 0.530000
40 0.510000
40 0.490000
40 0.430000
40 0.490000
40 0.510000
40 0.440000
40 0.570000
40 0.500000
40 0.480000
40 0.470000
40 0.500000
40 0.510000
40 0.450000
40 0.510000
40 0.490000
40 0.490000
40 0.620000
40 0.460000
40 0.510000
40 0.490000
40 0.540000
41 0.510000
41 0.500000
41 0.500000
41 0.500000
41 0.470000
41 0.520000
41 0.440000
41 0.460000
41 0.510000
41 0.500000
41 0.530000
41 0.480000
41 0.460000
41 0.480000
41 0.450000
41 0.520000
41 0.510000
41 0.510000
41 0.490000
41 0.490000
41 0.460000
41 0.560000
41 0.470000
41 0.490000
41 0.490000
41 0.510000
41 0.510000
41 0.520000
41 0.440000
41 0.500000
41 0.470000
41 0.490000
41 0.470000
41 0.550000
41 0.520000
41 0.530000
41 0.510000
41 0.500000
41 0.480000
41 0.500000
41 0.520000
41 0.540000
41 0.480000
41 0.500000
41 0.470000
41 0.520000
41 0.530000
41 0.510000
41 0.490000
41 0.510000
41 0.560000
41 0.520000
41 0.490000
41 0.540000
41 0.450000
41 0.460000
41 0.530000
41 0.510000
41 0.480000
41 0.510000
41 0.480000
41 0.490000
41 0.460000
41 0.460000
41 0.550000
41 0.500000
41 0.460000
41 0.490000
41 0.500000
41 0.490000
41 0.880000
41 0.490000
41 0.530000
41 0.500000
41 0.560000
41 0.470000
41 0.490000
41 0.460000
41 0.500000
41 0.490000
41 0.870000
41 0.480000
41 0.450000
41 0.470000
41 0.520000
41 0.630000
41 0.550000
41 0.700000
41 0.500000
41 0.460000
41 0.480000
41 0.530000
41 0.490000
41 0.450000
41 0.500000
41 0.490000
41 0.500000
41 0.470000
41 0.490000
41 0.530000
41 0.440000
41 0.510000
41 0.510000
41 0.500000
41 0.490000
41 0.510000
41 0.500000
41 0.460000
41 0.450000
41 0.560000
41 0.500000
41 0.430000
41 0.520000
41 0.480000
41 0.500000
41 0.530000
41 0.520000
41 0.540000
41 0.490000
41 0.510000
41 0.510000
41 0.580000
41 0.460000
41 0.530000
41 0.490000
41 0.510000
41 0.500000
41 0.440000
41 0.510000
41 0.500000
41 0.490000
41 0.480000
41 0.480000
41 0.470000
41 0.500000
41 0.510000
41 0.540000
41 0.480000
41 0.510000
41 0.450000
41 0.470000
41 0.530000
41 0.520000
41 0.550000
41 0.490000
41 0.490000
41 0.490000
41 0.480000
41 0.480000
41 0.520000
41 0.470000
41 0.470000
41 0.540000
41 0.540000
41 0.500000
41 0.500000
41 0.470000
41 0.530000
41 0.550000
41 0.520000
41 0.510000
41 0.510000
41 0.450000
41 0.450000
41 0.470000
41 0.540000
41 0.540000
41 0.460000
41 0.520000
41 0.490000
41 0.490000
41 0.530000
41 0.760000
41 0.510000
41 0.530000
41 0.510000
41 0.520000
41 0.490000
41 0.700000
41 0.480000
41 0.540000
41 0.530000
41 0.500000
41 0.480000
41 0.520000
41 0.490000
41 0.570000
41 0.490000
41 0.500000
41 0.510000
41 0.480000
41 0.510000
41 0.530000
41 0.490000
41 0.460000
41 0.510000
41 0.470000
41 0.480000
41 0.480000
41 0.500000
41 0.500000
41 0.490000
41 0.510000
41 0.570000
41 0.480000
41 0.500000
41 0.530000
41 0.500000
41 0.470000
41 0.520000
41 0.710000
41 0.510000
41 0.530000
41 0.500000
41 0.520000
41 0.490000
41 0.520000
41 0.460000
41 0.460000
41 0.440000
41 0.590000
41 0.430000
41 0.480000
41 0.510000
41 0.490000
41 0.560000
41 0.440000
41 0.490000
41 0.500000
41 0.510000
41 0.480000
41 0.500000
41 0.470000
41 0.510000
41 0.490000
41 0.500000
41 0.500000
41 0.510000
41 0.500000
41 0.470000
41 0.500000
41 0.600000
41 0.520000
41 0.440000
41 0.460000
41 0.440000
41 0.520000
41 0.500000
41 0.510000
41 0.520000
41 0.460000
41 0.500000
41 0.510000
41 0.500000
41 0.510000
41 0.510000
41 0.560000
41 0.540000
41 0.460000
41 0.500000
41 0.600000
41 0.500000
41 0.560000
41 0.500000
41 0.500000
41 0.520000
41 0.510000
41 0.440000
41 0.500000
41 0.480000
41 0.480000
41 0.570000
41 0.470000
41 0.460000
41 0.570000
41 0.530000
41 0.480000
41 0.510000
41 0.490000
41 0.490000
41 0.530000
41 0.520000
41 0.460000
41 0.490000
41 0.490000
41 0.560000
41 0.480000
41 0.460000
41 0.470000
41 0.480000
41 0.500000
41 0.570000
41 0.610000
41 0.500000
41 0.550000
41 0.470000
41 0.480000
41 0.520000
41 0.480000
41 0.540000
41 0.490000
41 0.510000
41 0.490000
41 0.530000
41 0.500000
41 0.570000
41 0.650000
41 0.440000
41 0.480000
41 0.480000
41 0.490000
41 0.490000
41 0.460000
41 0.530000
41 0.520000
41 0.490000
41 0.500000
41 0.550000
41 0.490000
41 0.450000
41 0.520000
41 0.530000
41 0.510000
41 0.590000
41 0.470000
41 0.480000
41 0.490000
41 0.430000
41 0.500000
41 0.490000
41 0.550000
41 0.620000
41 0.510000
41 0.470000
41 0.530000
41 0.510000
41 0.460000
41 0.560000
41 0.490000
41 0.530000
41 0.470000
41 0.550000
41 0.480000
41 0.550000
41 0.480000
41 0.480000
41 0.500000
41 0.650000
41 0.470000
41 0.520000
41 0.510000
41 0.500000
41 0.590000
41 0.630000
41 0.590000
41 0.510000
41 0.480000
41 0.500000
41 0.570000
41 0.490000
41 0.470000
41 0.460000
41 0.490000
41 0.490000
41 0.510000
41 0.480000
41 0.480000
41 0.510000
41 0.520000
41 0.510000
41 0.530000
41 0.530000
41 0.540000
41 0.550000
41 0.530000
41 0.460000
41 0.550000
41 0.510000
41 0.500000
41 0.480000
41 0.480000
41 0.500000
41 0.480000
41 0.490000
41 0.490000
41 0.460000
41 0.500000
41 0.560000
41 0.480000
41 0.530000
41 0.540000
41 0.500000
41 0.490000
41 1.980000
41 0.500000
41 0.590000
41 0.500000
41 0.500000
41 0.610000
41 0.510000
41 0.580000
41 0.510000
41 0.450000
41 0.490000
41 0.540000
41 0.490000
41 0.510000
41 0.520000
41 0.490000
41 0.470000
41 0.530000
41 0.490000
41 0.530000
41 0.560000
41 0.510000
41 0.580000
41 0.540000
41 0.500000
41 0.500000
41 0.450000
41 0.530000
41 0.480000
41 0.500000
41 0.540000
41 0.500000
41 0.470000
41 0.540000
41 0.490000
41 0.500000
41 0.540000
41 0.470000
41 0.560000
41 0.500000
41 0.500000
41 0.470000
41 0.480000
41 0.530000
41 0.540000
41 0.500000
41 0.480000
41 0.460000
41 0.470000
41 0.510000
41 0.470000
41 0.500000
41 0.480000
41 0.510000
41 0.630000
41 0.510000
41 0.510000
41 0.480000
41 0.520000
41 0.540000
41 0.460000
41 0.500000
41 0.500000
41 0.480000
41 0.550000
41 0.490000
41 0.470000
41 0.530000
41 0.520000
41 0.530000
41 0.480000
41 0.500000
41 0.490000
41 0.470000
41 0.650000
41 0.480000
41 0.570000
41 0.500000
41 0.510000
41 0.490000
41 0.470000
41 0.500000
41 0.500000
41 0.520000
41 0.460000
41 0.500000
41 0.590000
41 0.510000
41 0.500000
41 0.480000
41 0.510000
41 0.500000
41 0.510000
41 0.490000
41 0.490000
41 0.500000
41 0.470000
41 0.480000
41 0.470000
41 0.520000
41 0.500000
41 0.510000
41 0.510000
41 0.610000
41 0.510000
41 0.540000
41 0.500000
41 0.470000
41 0.520000
41 0.490000
41 0.480000
41 0.470000
41 0.540000
41 0.490000
41 0.510000
41 0.500000
41 0.500000
41 0.500000
41 0.480000
41 0.470000
41 0.540000
41 0.430000
41 0.510000
41 0.520000
41 0.520000
41 0.460000
41 0.470000
41 0.480000
41 0.480000
41 0.480000
41 0.480000
41 0.490000
41 0.510000
41 0.570000
41 0.450000
41 0.500000
41 0.470000
41 0.510000
41 0.550000
41 0.520000
41 0.610000
41 0.460000
41 0.500000
41 0.450000
41 0.480000
41 0.530000
41 0.500000
41 0.480000
41 0.440000
41 0.560000
41 0.450000
41 0.530000
41 0.500000
41 0.470000
41 0.500000
41 0.450000
41 0.480000
41 0.500000
41 0.620000
41 0.490000
41 0.450000
41 0.510000
41 0.490000
41 0.530000
41 0.480000
41 0.510000
41 5.530000
41 0.510000
41 0.490000
41 0.500000
41 0.530000
41 0.510000
41 0.520000
41 0.560000
41 0.550000
