#n running-time
36 0.540000
37 0.580000
38 0.530000
38 0.540000
38 0.510000
38 0.550000
38 0.580000
38 0.540000
38 0.560000
38 0.490000
38 0.480000
38 0.490000
38 0.540000
38 0.470000
38 0.530000
38 0.540000
38 0.490000
38 0.540000
39 0.510000
39 0.480000
39 0.540000
39 0.530000
39 0.530000
39 0.540000
39 0.450000
39 0.520000
39 0.500000
39 0.470000
39 0.520000
39 0.460000
39 0.560000
39 0.460000
39 0.470000
39 0.530000
39 0.520000
39 0.520000
39 0.570000
39 0.500000
39 0.510000
39 0.480000
39 0.550000
39 0.520000
39 0.570000
39 0.580000
39 0.500000
39 0.580000
39 0.570000
39 0.500000
39 0.540000
39 0.700000
39 0.520000
39 0.510000
39 0.520000
39 0.510000
40 0.520000
40 0.550000
40 0.550000
40 0.520000
40 0.570000
40 0.580000
40 0.510000
40 0.530000
40 0.540000
40 0.500000
40 0.520000
40 0.470000
40 0.570000
40 0.550000
40 0.540000
40 0.540000
40 0.510000
40 0.530000
40 0.530000
40 0.560000
40 0.560000
40 0.480000
40 0.490000
40 0.470000
40 0.560000
40 0.470000
40 0.570000
40 0.540000
40 0.530000
40 0.540000
40 0.560000
40 0.520000
40 0.480000
40 0.480000
40 0.550000
40 0.570000
40 0.600000
40 0.520000
40 0.580000
40 0.550000
40 0.530000
40 0.540000
40 0.540000
40 0.510000
40 0.520000
40 0.530000
40 0.580000
40 0.550000
40 0.550000
40 0.530000
40 0.510000
40 0.520000
40 0.510000
40 0.530000
40 0.520000
40 0.550000
40 0.550000
40 0.510000
40 0.520000
40 0.490000
40 0.520000
40 0.520000
40 0.510000
40 0.550000
40 0.480000
40 0.500000
40 0.550000
40 0.520000
40 0.550000
40 0.560000
40 0.530000
40 0.500000
40 0.540000
40 0.550000
40 0.560000
40 0.530000
40 0.560000
40 0.450000
40 0.490000
40 0.560000
40 0.540000
40 0.490000
40 0.580000
40 0.560000
40 0.510000
40 0.580000
40 0.480000
40 0.530000
40 0.510000
40 0.560000
40 0.570000
40 0.530000
40 0.540000
40 0.530000
40 0.500000
40 0.540000
40 0.550000
40 0.490000
40 0.500000
40 0.510000
40 0.560000
40 0.510000
40 0.540000
40 0.540000
40 0.510000
40 0.550000
40 0.660000
40 0.510000
40 0.550000
40 0.510000
40 0.540000
40 0.530000
40 0.540000
40 0.570000
40 0.540000
40 0.500000
40 0.520000
40 0.530000
40 0.600000
40 0.510000
40 0.530000
40 0.530000
40 0.570000
40 0.490000
40 0.590000
40 0.600000
40 0.560000
40 0.550000
41 0.570000
41 0.560000
41 0.460000
41 0.520000
41 0.500000
41 0.530000
41 0.550000
41 0.540000
41 0.520000
41 0.520000
41 0.540000
41 0.530000
41 0.550000
41 0.490000
41 0.570000
41 0.510000
41 0.510000
41 0.530000
41 0.570000
41 0.550000
41 0.500000
41 0.510000
41 0.490000
41 0.540000
41 0.540000
41 0.550000
41 0.520000
41 0.510000
41 0.490000
41 0.670000
41 0.500000
41 0.540000
41 0.510000
41 0.540000
41 0.550000
41 0.530000
41 0.450000
41 0.550000
41 0.530000
41 0.520000
41 0.510000
41 0.500000
41 0.590000
41 0.640000
41 0.520000
41 0.540000
41 0.560000
41 0.500000
41 0.500000
41 0.510000
41 0.760000
41 0.530000
41 0.540000
41 0.520000
41 0.600000
41 0.610000
41 0.540000
41 0.760000
41 0.550000
41 0.520000
41 0.540000
41 0.540000
41 0.530000
41 0.570000
41 0.520000
41 0.570000
41 0.510000
41 0.510000
41 0.510000
41 0.550000
41 0.640000
41 0.510000
41 0.510000
41 0.600000
41 0.540000
41 0.540000
41 0.500000
41 0.530000
41 0.560000
41 0.540000
41 0.520000
41 0.500000
41 0.530000
41 0.520000
41 0.560000
41 0.520000
41 0.540000
41 0.580000
41 0.560000
41 0.540000
41 0.500000
41 0.480000
41 0.550000
41 0.520000
41 0.500000
41 0.510000
41 0.530000
41 0.570000
41 0.540000
41 0.530000
41 0.560000
41 0.470000
41 0.590000
41 0.540000
41 0.500000
41 0.570000
41 0.550000
41 0.550000
41 0.560000
41 0.520000
41 0.530000
41 0.540000
41 0.550000
41 0.520000
41 0.550000
41 0.560000
41 0.510000
41 0.500000
41 0.510000
41 0.610000
41 0.520000
41 0.530000
41 0.560000
41 0.530000
41 0.590000
41 0.580000
41 0.650000
41 0.520000
41 0.550000
41 0.550000
41 0.550000
41 0.530000
41 0.500000
41 0.580000
41 0.500000
41 0.540000
41 0.540000
41 0.590000
41 0.520000
41 0.590000
41 0.530000
41 0.520000
41 0.540000
41 0.590000
41 0.540000
41 0.450000
41 0.490000
41 0.500000
41 0.520000
41 0.570000
41 0.520000
41 0.490000
41 0.540000
41 0.510000
41 0.550000
41 0.480000
41 0.460000
41 0.510000
41 0.540000
41 0.530000
41 0.550000
41 0.590000
41 0.530000
41 0.520000
41 0.520000
41 0.560000
41 0.520000
41 0.550000
41 0.570000
41 0.520000
41 0.570000
41 0.540000
41 0.540000
41 0.570000
41 0.550000
41 0.570000
41 0.550000
41 0.530000
41 0.540000
41 0.500000
41 0.520000
41 0.490000
41 0.480000
41 0.520000
41 0.510000
41 0.520000
41 0.570000
41 0.490000
41 0.470000
41 0.540000
41 0.530000
41 0.520000
41 0.520000
41 0.580000
41 0.480000
41 0.510000
41 0.670000
41 0.530000
41 0.520000
41 0.500000
41 0.520000
41 0.530000
41 0.540000
41 0.520000
41 0.490000
41 0.540000
41 0.500000
41 0.510000
41 0.540000
41 0.490000
41 0.490000
41 0.470000
41 0.540000
41 0.530000
41 0.560000
41 0.520000
41 0.580000
41 0.540000
41 0.550000
41 0.540000
41 0.530000
41 0.590000
41 0.520000
41 0.580000
41 0.540000
41 0.520000
41 0.540000
41 0.550000
41 0.530000
41 0.480000
41 0.560000
41 0.510000
41 0.490000
41 0.530000
41 0.510000
41 0.520000
41 0.490000
41 0.510000
41 0.470000
41 0.540000
41 0.530000
41 0.490000
41 0.520000
41 0.560000
41 0.560000
41 0.560000
41 0.570000
41 0.530000
41 0.560000
41 0.500000
41 0.540000
41 0.490000
41 0.560000
41 0.500000
41 0.530000
41 0.480000
41 0.500000
41 0.510000
41 0.500000
41 0.550000
41 0.550000
41 0.550000
41 0.540000
41 0.530000
41 0.490000
41 0.540000
41 0.540000
41 0.540000
41 0.550000
41 0.530000
41 0.560000
41 0.540000
41 0.510000
41 0.470000
41 0.500000
41 0.510000
41 0.530000
41 0.520000
41 0.540000
41 0.510000
41 0.530000
41 0.500000
41 0.500000
41 0.540000
41 0.550000
41 0.540000
41 0.570000
41 0.530000
42 0.560000
42 0.470000
42 0.540000
42 0.520000
42 0.530000
42 0.560000
42 0.550000
42 0.530000
42 0.570000
42 0.480000
42 0.510000
42 0.540000
42 0.610000
42 0.470000
42 0.500000
42 0.550000
42 0.550000
42 0.550000
42 0.530000
42 0.530000
42 0.530000
42 0.560000
42 0.520000
42 0.560000
42 0.500000
42 0.530000
42 0.520000
42 0.530000
42 0.510000
42 0.560000
42 0.500000
42 0.520000
42 0.510000
42 0.500000
42 0.510000
42 0.520000
42 0.500000
42 0.500000
42 0.550000
42 0.530000
42 0.560000
42 0.520000
42 0.550000
42 0.540000
42 0.560000
42 0.500000
42 0.540000
42 0.480000
42 0.600000
42 0.540000
42 0.490000
42 0.560000
42 0.500000
42 0.480000
42 0.490000
42 0.550000
42 0.550000
42 0.530000
42 0.550000
42 0.590000
42 0.580000
42 0.560000
42 0.560000
42 0.520000
42 0.550000
42 0.490000
42 0.530000
42 0.530000
42 0.540000
42 0.510000
42 0.500000
42 0.490000
42 0.510000
42 0.590000
42 0.540000
42 0.530000
42 0.550000
42 0.540000
42 0.500000
42 0.520000
42 0.580000
42 0.540000
42 0.510000
42 0.600000
42 0.490000
42 0.540000
42 0.510000
42 0.550000
42 0.540000
42 0.500000
42 0.480000
42 0.550000
42 0.490000
42 0.590000
42 0.530000
42 0.550000
42 0.540000
42 0.530000
42 0.520000
42 0.520000
42 0.520000
42 0.530000
42 0.520000
42 0.550000
42 0.520000
42 0.570000
42 0.580000
42 0.590000
42 0.520000
42 0.520000
42 0.530000
42 0.510000
42 0.520000
42 0.530000
42 0.530000
42 0.500000
42 0.520000
42 0.500000
42 0.490000
42 0.550000
42 0.520000
42 0.720000
42 0.530000
42 0.550000
42 0.470000
42 0.590000
42 0.510000
42 0.450000
42 0.560000
42 0.530000
42 0.550000
42 0.540000
42 0.500000
42 0.550000
42 0.550000
42 0.590000
42 0.560000
42 0.490000
42 0.530000
42 0.550000
42 0.490000
42 0.540000
42 0.550000
42 0.630000
42 0.480000
42 0.530000
42 0.520000
42 0.550000
42 0.580000
42 0.540000
42 0.540000
42 0.540000
42 0.510000
42 0.570000
42 0.500000
42 0.470000
42 0.510000
42 0.500000
42 0.520000
42 0.530000
42 0.550000
42 0.480000
42 0.510000
42 0.500000
42 0.590000
42 0.510000
42 0.510000
42 0.500000
42 0.530000
42 0.560000
42 0.520000
42 0.570000
42 0.540000
42 0.460000
42 0.550000
42 0.480000
42 0.510000
42 0.560000
42 0.540000
42 0.530000
42 0.740000
42 0.500000
42 0.510000
42 0.570000
42 0.510000
42 0.540000
42 0.500000
42 0.520000
42 0.530000
42 0.480000
42 0.500000
42 0.510000
42 0.540000
42 0.540000
42 0.520000
42 0.450000
42 0.560000
42 0.500000
42 0.520000
42 0.540000
42 0.530000
42 0.470000
42 0.540000
42 0.550000
42 0.520000
42 0.470000
42 0.520000
42 0.500000
42 0.490000
42 0.520000
42 0.490000
42 0.550000
42 0.520000
42 0.520000
42 0.510000
42 0.530000
42 0.500000
42 0.540000
42 0.490000
42 0.510000
42 0.480000
42 0.520000
42 0.490000
42 0.530000
42 0.550000
42 0.540000
42 0.520000
42 0.500000
42 0.490000
42 0.570000
42 0.490000
42 0.530000
42 0.550000
42 0.510000
42 0.500000
42 0.540000
42 0.500000
42 0.510000
42 0.490000
42 0.500000
42 0.500000
42 0.530000
42 0.530000
42 0.570000
42 0.530000
42 0.510000
42 0.540000
42 0.520000
42 0.530000
42 0.560000
42 0.520000
42 0.470000
42 0.510000
42 0.570000
42 0.590000
42 0.540000
42 0.560000
42 0.520000
42 0.470000
42 0.500000
42 0.470000
42 0.560000
42 0.530000
42 0.520000
42 0.560000
42 0.580000
42 0.530000
42 0.520000
42 0.530000
42 0.480000
42 0.610000
42 0.530000
42 0.550000
42 0.480000
42 0.580000
42 0.550000
42 0.500000
42 0.540000
42 0.510000
42 0.500000
42 0.520000
42 0.510000
42 0.490000
42 0.540000
42 0.530000
42 0.530000
42 0.570000
42 0.500000
42 0.620000
42 0.520000
42 0.500000
42 0.550000
42 0.580000
42 0.560000
42 0.550000
42 0.530000
42 0.520000
42 0.540000
42 0.500000
42 0.540000
42 0.550000
42 0.530000
42 0.470000
42 0.500000
42 0.570000
42 0.570000
42 0.540000
42 0.520000
42 0.510000
42 0.510000
42 0.520000
42 0.580000
42 0.470000
42 0.490000
42 0.500000
42 0.580000
42 0.550000
42 0.520000
42 0.530000
42 0.530000
42 0.480000
42 0.500000
42 0.540000
42 0.530000
42 0.530000
42 0.540000
42 0.470000
42 0.560000
42 0.540000
42 0.530000
42 0.610000
42 0.540000
42 0.540000
42 0.560000
42 0.480000
42 0.550000
42 0.500000
42 0.490000
42 0.510000
42 0.550000
42 0.610000
42 0.440000
42 0.480000
42 0.500000
42 0.520000
42 0.510000
42 0.550000
42 0.550000
42 0.520000
42 0.570000
42 0.530000
42 0.540000
42 0.570000
42 0.500000
42 0.460000
42 0.530000
42 0.520000
42 0.560000
42 0.500000
42 0.560000
42 0.490000
42 0.540000
42 0.510000
42 0.570000
42 0.480000
42 0.560000
42 0.540000
42 0.510000
42 0.530000
42 0.520000
42 0.550000
42 0.500000
42 0.470000
42 0.530000
42 0.560000
42 0.530000
42 0.550000
42 0.570000
42 0.590000
42 0.510000
42 0.490000
42 0.550000
42 0.660000
42 0.610000
42 0.560000
42 0.540000
42 0.540000
42 0.520000
42 0.550000
42 0.510000
42 0.500000
42 0.510000
42 0.550000
42 0.510000
42 0.540000
42 0.560000
42 0.510000
42 0.510000
42 0.520000
42 0.480000
42 0.540000
42 0.540000
42 0.500000
43 0.490000
43 0.550000
43 0.500000
43 0.480000
43 0.540000
43 0.530000
43 0.530000
43 0.510000
43 0.550000
43 0.530000
43 0.540000
43 0.540000
43 0.540000
43 0.540000
43 0.530000
43 0.500000
43 0.570000
43 0.490000
43 0.500000
43 0.490000
43 0.540000
43 0.500000
43 0.560000
43 0.470000
43 0.480000
43 0.540000
43 0.540000
43 0.490000
43 0.540000
43 0.520000
43 0.530000
43 0.620000
43 0.540000
43 0.520000
43 0.560000
43 0.550000
43 0.550000
43 0.500000
43 0.640000
43 0.570000
43 0.510000
43 0.540000
43 0.510000
43 0.550000
43 0.470000
43 0.540000
43 0.540000
43 0.520000
43 0.480000
43 0.460000
43 0.540000
43 0.510000
43 0.560000
43 0.530000
43 0.510000
43 0.490000
43 0.530000
43 0.520000
43 0.510000
43 0.560000
43 0.530000
43 0.510000
43 0.480000
43 0.540000
43 0.470000
43 0.560000
43 0.530000
43 0.500000
43 0.530000
43 0.560000
43 0.530000
43 0.490000
43 0.530000
43 0.570000
43 0.500000
43 0.530000
43 0.540000
43 0.530000
43 0.530000
43 0.530000
43 0.530000
43 0.510000
43 0.470000
43 0.530000
43 0.550000
43 0.510000
43 0.480000
43 0.520000
43 0.540000
43 0.550000
43 0.530000
43 0.600000
43 0.480000
43 0.540000
43 0.530000
43 0.510000
43 0.500000
43 0.540000
43 0.520000
43 0.510000
43 0.540000
43 0.490000
43 0.520000
43 0.570000
43 0.610000
43 0.650000
43 0.550000
43 0.540000
43 0.540000
43 0.560000
43 0.480000
43 0.540000
43 0.480000
43 0.510000
43 0.560000
43 0.540000
43 0.570000
43 0.520000
43 0.530000
43 0.570000
43 0.550000
43 0.580000
43 0.520000
43 0.480000
43 0.520000
43 0.500000
43 0.500000
43 0.480000
43 0.510000
43 0.530000
43 0.570000
43 0.480000
43 0.530000
43 0.500000
43 0.540000
43 0.550000
43 0.520000
43 0.530000
43 0.530000
43 0.550000
43 0.560000
43 0.510000
43 0.520000
43 0.540000
43 0.500000
43 0.520000
43 0.510000
43 0.540000
43 0.500000
43 0.530000
43 0.520000
43 0.550000
43 0.530000
43 0.550000
43 0.530000
43 0.500000
43 0.550000
43 0.530000
43 0.550000
43 0.550000
43 0.530000
43 0.510000
43 0.520000
43 0.500000
43 0.550000
43 0.580000
43 0.520000
43 0.570000
43 0.540000
43 0.520000
43 0.530000
43 0.540000
43 0.550000
43 0.510000
43 0.560000
43 0.540000
43 0.540000
43 0.530000
43 0.550000
43 0.580000
43 0.620000
43 0.510000
43 0.550000
43 0.530000
43 0.530000
43 0.530000
43 0.510000
43 0.520000
43 0.530000
43 0.540000
43 0.500000
43 0.640000
43 0.500000
43 0.520000
43 0.560000
43 0.510000
43 0.540000
43 0.510000
43 0.560000
43 0.530000
43 0.560000
43 0.520000
43 0.510000
43 0.490000
43 0.520000
43 0.520000
43 0.520000
43 0.500000
43 0.530000
43 0.610000
43 0.510000
43 0.490000
43 0.510000
43 0.520000
43 0.560000
43 0.480000
43 0.480000
43 0.490000
43 0.520000
43 0.480000
43 0.530000
43 0.540000
43 0.510000
43 0.480000
43 0.550000
43 0.500000
43 0.520000
43 0.520000
43 0.550000
43 0.550000
43 0.500000
43 0.500000
43 0.510000
43 0.490000
43 0.550000
43 0.570000
43 0.590000
43 0.550000
43 0.500000
43 0.570000
43 0.540000
43 0.520000
43 0.530000
43 0.530000
43 0.510000
43 0.550000
43 0.500000
43 0.560000
43 0.500000
43 0.520000
43 0.530000
43 0.490000
43 0.530000
43 0.530000
43 0.470000
43 0.520000
43 0.520000
43 0.470000
43 0.540000
43 0.520000
43 0.490000
43 0.520000
43 0.490000
43 0.480000
43 0.520000
43 0.480000
43 0.480000
43 0.510000
43 0.520000
43 0.520000
43 0.510000
43 0.550000
43 0.510000
43 0.530000
43 0.500000
43 0.490000
43 0.510000
43 0.500000
43 0.580000
43 0.480000
43 0.560000
43 0.520000
43 0.510000
43 0.480000
43 0.540000
43 0.690000
43 0.530000
43 0.640000
43 0.540000
43 0.570000
43 0.500000
43 0.540000
43 0.500000
43 0.750000
43 0.480000
43 0.530000
43 0.520000
43 0.490000
43 0.540000
43 0.570000
43 0.540000
43 0.680000
43 0.540000
43 0.540000
43 0.500000
43 0.540000
43 0.480000
43 0.520000
43 0.540000
43 0.520000
43 0.490000
43 0.530000
43 0.490000
43 0.490000
43 0.540000
43 0.540000
43 0.520000
43 0.520000
43 0.540000
43 0.540000
43 6.060000
43 0.570000
43 0.560000
43 0.540000
43 0.590000
43 0.540000
43 0.550000
43 0.530000
43 0.530000
43 0.570000
43 0.510000
43 0.520000
43 0.530000
43 0.520000
43 0.540000
43 0.530000
43 0.540000
43 0.540000
43 0.580000
43 0.510000
43 0.540000
43 0.510000
43 0.500000
43 0.480000
43 0.520000
43 0.520000
43 0.470000
43 0.570000
43 0.520000
43 0.520000
43 0.540000
43 0.540000
43 0.500000
43 0.460000
43 0.510000
43 0.470000
43 0.530000
43 0.510000
43 0.520000
43 0.480000
43 0.540000
43 0.470000
43 0.510000
43 0.560000
43 0.540000
43 0.460000
43 0.500000
43 0.530000
43 0.490000
43 0.540000
43 0.520000
43 0.550000
43 0.530000
43 0.570000
43 0.480000
43 0.520000
43 0.530000
43 0.550000
43 0.540000
43 0.460000
43 0.550000
43 0.550000
43 0.540000
43 0.520000
43 0.520000
43 0.510000
43 0.550000
43 0.540000
43 0.510000
43 0.490000
43 0.530000
43 0.500000
43 0.600000
43 0.550000
43 0.480000
43 0.540000
43 0.490000
43 0.540000
43 0.500000
43 0.540000
43 0.520000
43 0.490000
43 0.560000
43 0.560000
43 0.510000
43 0.540000
43 0.490000
43 0.550000
43 0.530000
43 0.530000
43 0.540000
43 0.520000
43 0.480000
43 0.540000
43 0.520000
43 0.540000
43 0.490000
43 0.530000
43 0.550000
43 0.550000
43 0.530000
43 0.510000
43 0.460000
43 0.530000
43 0.510000
43 0.520000
43 0.530000
43 0.520000
43 0.480000
43 0.530000
43 0.530000
43 0.560000
43 0.530000
43 0.500000
43 0.540000
43 0.540000
43 0.590000
43 0.520000
43 0.510000
43 0.560000
43 0.520000
43 0.500000
43 0.540000
43 0.530000
43 0.560000
43 0.560000
43 0.500000
43 0.490000
43 0.500000
43 0.490000
43 0.500000
43 0.480000
43 0.500000
43 0.530000
43 0.540000
43 0.520000
43 0.510000
43 0.720000
43 0.530000
43 0.570000
43 0.560000
43 0.510000
43 0.520000
43 0.530000
43 0.560000
43 0.530000
43 0.570000
43 0.540000
43 0.520000
43 0.490000
43 0.490000
43 0.530000
43 0.520000
43 0.510000
43 0.540000
43 0.480000
43 0.590000
43 0.520000
43 0.550000
43 0.500000
43 0.510000
43 0.500000
43 0.510000
43 0.530000
43 0.520000
43 0.500000
43 0.520000
43 0.540000
43 0.530000
43 0.500000
43 0.520000
43 0.520000
43 0.530000
43 0.520000
43 0.460000
43 0.530000
43 0.510000
43 0.520000
43 0.520000
43 0.540000
43 0.530000
43 0.530000
43 0.540000
43 0.520000
43 0.510000
43 0.570000
43 0.530000
43 0.550000
43 0.500000
43 0.540000
43 0.490000
43 0.550000
43 0.490000
43 0.530000
43 0.490000
43 0.580000
43 0.510000
43 0.530000
43 0.530000
43 0.560000
44 0.510000
44 0.550000
44 0.580000
44 0.650000
44 0.580000
44 0.560000
44 0.510000
44 0.550000
44 0.500000
44 0.510000
44 0.530000
44 0.560000
44 0.540000
44 0.630000
44 0.560000
44 0.510000
44 0.510000
44 0.520000
44 0.520000
44 0.540000
44 0.550000
44 0.510000
44 0.540000
44 0.490000
44 0.490000
44 0.550000
44 0.560000
44 0.540000
44 0.670000
44 0.590000
44 0.520000
44 0.520000
44 0.530000
44 0.510000
44 0.520000
44 0.520000
44 0.650000
44 0.460000
44 0.610000
44 0.490000
44 0.500000
44 0.510000
44 0.590000
44 0.490000
44 0.480000
44 0.530000
44 0.550000
44 0.460000
44 0.530000
44 0.510000
44 0.530000
44 0.540000
44 0.500000
44 0.560000
44 0.560000
44 0.510000
44 0.500000
44 0.530000
44 0.540000
44 0.570000
44 0.490000
44 0.530000
44 0.530000
44 0.490000
44 0.510000
44 0.570000
44 0.510000
44 0.540000
44 0.530000
44 0.540000
44 0.510000
44 0.550000
44 0.530000
44 0.500000
44 0.560000
44 0.520000
44 0.520000
44 0.540000
44 0.510000
44 0.520000
44 0.560000
44 0.500000
44 0.530000
44 0.540000
44 0.480000
44 0.560000
44 0.540000
44 0.530000
44 0.560000
44 0.460000
44 0.560000
44 0.540000
44 0.500000
44 0.540000
44 0.520000
44 0.510000
44 0.530000
44 0.550000
44 0.530000
44 0.500000
44 0.550000
44 0.560000
44 0.530000
44 0.550000
44 0.570000
44 0.530000
44 0.530000
44 0.510000
44 0.520000
44 0.520000
44 0.520000
44 0.510000
44 0.470000
44 0.520000
44 0.520000
44 0.550000
44 0.520000
44 0.520000
44 0.490000
44 0.500000
44 0.580000
44 0.550000
44 0.500000
44 0.540000
44 0.520000
44 0.530000
44 0.530000
44 0.530000
44 0.510000
44 0.580000
44 0.560000
44 0.540000
44 0.470000
44 0.550000
44 0.490000
44 0.530000
44 0.530000
44 0.530000
44 0.560000
44 0.520000
44 0.560000
44 0.490000
44 0.510000
44 0.520000
44 0.530000
44 0.530000
44 0.540000
44 0.510000
44 0.500000
44 0.550000
44 0.510000
44 0.520000
44 0.500000
44 0.500000
44 0.530000
44 0.530000
44 0.520000
44 0.560000
44 0.500000
44 0.540000
44 0.510000
44 0.530000
44 0.570000
44 0.510000
44 0.560000
44 0.520000
44 0.550000
44 0.510000
44 0.530000
44 0.530000
44 0.530000
44 0.510000
44 0.520000
44 0.490000
44 0.530000
44 0.490000
44 0.500000
44 0.510000
44 0.540000
44 0.510000
44 0.490000
44 0.530000
44 0.490000
44 0.500000
44 0.510000
44 0.500000
44 0.530000
44 0.520000
44 0.470000
44 0.570000
44 0.530000
44 0.480000
44 0.490000
44 0.540000
44 0.520000
44 0.480000
44 0.530000
44 0.520000
44 0.560000
44 0.510000
44 0.520000
44 0.550000
44 0.460000
44 0.480000
44 0.500000
44 0.510000
44 0.530000
44 0.510000
44 0.600000
44 0.470000
44 0.500000
44 0.530000
44 0.600000
44 0.520000
44 0.520000
44 0.500000
44 0.480000
44 0.490000
44 0.590000
44 0.500000
44 0.530000
44 0.530000
44 0.520000
44 0.560000
44 0.530000
44 0.510000
44 0.520000
44 0.580000
44 0.520000
44 0.510000
44 0.540000
44 0.490000
44 0.480000
44 0.530000
44 0.530000
44 0.500000
44 0.500000
44 0.540000
44 0.490000
44 0.580000
44 0.550000
44 0.540000
44 0.590000
44 0.500000
44 0.550000
44 0.540000
44 0.540000
44 0.510000
44 0.500000
44 0.530000
44 0.660000
44 0.510000
44 0.560000
44 0.550000
44 0.500000
44 0.560000
44 0.490000
44 0.550000
44 0.480000
44 0.520000
44 0.540000
44 0.490000
44 0.560000
44 0.560000
44 0.550000
44 0.560000
44 0.530000
44 0.540000
44 0.490000
44 0.620000
44 0.570000
44 0.480000
44 0.520000
44 0.520000
44 0.520000
44 0.520000
44 0.550000
44 0.520000
44 0.490000
44 0.560000
44 0.520000
44 0.460000
44 0.520000
44 0.570000
44 0.550000
44 0.500000
44 0.570000
44 0.550000
44 0.520000
44 0.530000
44 0.540000
44 0.500000
44 0.480000
44 0.520000
44 0.670000
44 0.490000
44 0.520000
44 0.550000
44 0.510000
44 0.490000
44 0.530000
44 0.500000
44 0.530000
44 0.560000
44 0.560000
44 0.510000
44 0.540000
44 0.500000
44 0.540000
44 0.520000
44 0.530000
44 0.490000
44 0.530000
44 0.560000
44 0.560000
44 0.510000
44 0.500000
44 0.540000
44 0.570000
44 0.520000
44 0.570000
44 0.540000
44 0.540000
44 0.560000
44 0.530000
44 0.490000
44 0.570000
44 0.520000
44 0.510000
44 0.470000
44 0.510000
44 0.510000
44 0.540000
44 0.500000
44 0.560000
44 0.520000
44 0.490000
44 0.540000
44 0.550000
44 0.520000
44 0.490000
44 0.520000
44 0.520000
44 0.560000
44 0.560000
44 0.510000
44 0.540000
44 0.540000
44 0.550000
44 0.510000
44 0.480000
44 0.580000
44 0.540000
44 0.540000
44 0.540000
44 0.570000
44 0.580000
44 0.530000
44 0.540000
44 0.500000
44 0.520000
44 0.560000
44 0.480000
44 0.460000
44 0.590000
44 0.530000
44 0.490000
44 0.540000
44 0.510000
44 0.500000
44 0.560000
44 0.580000
44 0.530000
44 0.560000
44 0.560000
44 0.470000
44 0.480000
44 0.500000
44 0.530000
44 0.540000
44 0.520000
44 0.500000
44 0.500000
44 0.510000
44 0.490000
44 0.510000
44 0.510000
44 0.550000
44 0.610000
44 0.530000
44 0.490000
44 0.520000
44 0.520000
44 0.540000
44 0.530000
44 0.480000
44 0.580000
44 0.510000
44 0.500000
44 0.550000
44 0.510000
44 0.560000
44 0.500000
44 0.510000
44 0.480000
44 0.550000
44 0.580000
44 0.540000
44 0.530000
44 0.480000
44 0.530000
44 0.520000
44 0.510000
44 0.530000
44 0.500000
44 0.560000
44 0.550000
44 0.540000
44 0.540000
44 0.540000
44 0.510000
44 0.520000
44 0.540000
44 0.520000
44 0.520000
44 0.660000
44 0.530000
44 0.480000
44 0.500000
44 0.540000
44 0.530000
44 0.570000
44 0.540000
44 0.520000
44 0.500000
44 0.510000
44 0.510000
44 0.520000
44 0.510000
44 0.520000
44 0.490000
44 0.520000
44 0.550000
44 0.470000
44 0.520000
44 0.540000
44 0.530000
44 0.540000
44 0.540000
44 0.520000
44 0.600000
44 0.490000
44 0.560000
44 0.510000
44 0.520000
44 0.490000
44 0.500000
44 0.560000
44 0.570000
44 0.530000
44 0.530000
44 0.480000
44 0.550000
44 0.520000
44 0.530000
44 0.510000
44 0.490000
44 0.480000
44 0.520000
44 0.510000
44 0.540000
44 0.490000
44 0.530000
44 0.470000
44 0.490000
44 0.510000
44 0.490000
44 0.530000
44 0.440000
44 0.480000
44 0.520000
44 0.670000
44 0.500000
44 0.570000
44 0.520000
44 0.550000
44 0.570000
44 0.540000
44 0.540000
44 0.560000
44 0.490000
44 0.540000
44 0.540000
44 0.480000
44 0.530000
44 0.540000
44 0.570000
44 0.570000
44 0.490000
44 0.520000
44 0.530000
44 0.510000
44 0.540000
44 0.560000
44 0.530000
44 0.460000
44 0.490000
44 0.530000
44 0.540000
44 0.530000
44 0.550000
44 0.510000
44 0.520000
44 0.540000
44 0.510000
44 0.510000
44 0.530000
44 0.540000
44 0.530000
44 0.540000
44 0.540000
44 0.560000
44 0.530000
44 0.510000
44 0.530000
44 0.570000
44 0.530000
44 0.510000
44 0.510000
44 0.520000
44 0.550000
44 0.550000
44 0.530000
44 0.510000
44 0.600000
44 0.530000
44 0.520000
44 0.550000
44 0.520000
44 0.540000
44 0.550000
44 0.510000
44 0.500000
44 0.510000
44 0.510000
44 0.530000
44 0.510000
44 0.510000
44 0.520000
44 0.550000
44 0.500000
44 0.520000
44 0.540000
44 0.490000
44 0.520000
44 0.590000
44 0.480000
44 0.520000
44 0.520000
44 0.500000
44 0.470000
44 0.560000
44 0.520000
44 0.540000
44 0.530000
44 0.520000
44 0.510000
44 0.510000
44 0.500000
44 0.530000
44 0.530000
44 0.500000
44 0.530000
44 0.510000
44 0.530000
44 0.550000
44 0.500000
44 0.520000
44 0.540000
44 0.560000
44 0.530000
44 0.510000
44 0.510000
44 0.600000
44 0.540000
44 0.590000
44 0.530000
44 0.570000
44 0.580000
44 0.530000
44 0.490000
44 0.520000
44 0.510000
44 0.500000
44 0.550000
44 0.560000
44 0.510000
44 0.570000
44 0.580000
44 0.540000
44 0.490000
44 0.550000
44 0.520000
44 0.480000
44 0.590000
44 0.550000
44 0.500000
44 0.580000
44 0.480000
44 0.480000
44 0.600000
