#n running-time
11 0.260000
11 0.870000
11 0.330000
11 0.470000
12 0.390000
12 0.680000
12 0.260000
12 0.350000
12 0.370000
12 0.390000
12 0.610000
12 1.250000
12 0.570000
12 0.690000
12 1.390000
12 0.330000
12 0.450000
12 1.080000
12 0.540000
13 1.380000
13 1.590000
13 0.430000
13 1.040000
13 0.570000
13 0.580000
13 0.860000
13 1.370000
13 1.080000
13 0.640000
13 1.470000
13 1.240000
13 0.460000
13 0.880000
13 0.930000
13 0.650000
13 0.770000
13 0.390000
13 0.730000
13 0.920000
13 0.590000
13 1.710000
13 0.930000
13 0.790000
13 1.350000
13 0.740000
13 0.600000
13 0.740000
13 0.910000
13 0.420000
13 0.410000
13 1.200000
13 0.600000
13 0.550000
13 0.740000
13 1.850000
13 1.180000
13 1.050000
13 0.820000
13 0.390000
13 0.460000
13 1.090000
13 0.660000
13 0.400000
13 2.190000
13 0.420000
13 0.780000
13 0.380000
13 1.390000
13 1.770000
14 1.680000
14 0.370000
14 0.940000
14 0.570000
14 0.900000
14 1.170000
14 0.860000
14 1.310000
14 0.710000
14 3.270000
14 0.880000
14 1.180000
14 0.640000
14 0.640000
14 1.060000
14 0.620000
14 1.240000
14 0.690000
14 0.550000
14 1.100000
14 2.090000
14 1.110000
14 1.210000
14 1.300000
14 3.670000
14 1.170000
14 1.940000
14 1.250000
14 0.800000
14 1.390000
14 1.410000
14 1.380000
14 0.360000
14 0.870000
14 4.620000
14 1.070000
14 0.530000
14 1.140000
14 0.750000
14 0.390000
14 1.750000
14 1.650000
14 1.610000
14 0.800000
14 0.860000
14 1.330000
14 0.790000
14 0.720000
14 1.640000
14 1.370000
14 1.910000
14 1.410000
14 0.680000
14 0.960000
14 0.530000
14 1.120000
14 2.890000
14 0.790000
14 1.040000
14 0.920000
14 0.680000
14 1.000000
14 2.090000
14 1.100000
14 0.890000
14 1.180000
14 1.880000
14 0.880000
14 2.200000
14 0.850000
14 1.720000
14 2.060000
14 1.530000
14 2.370000
14 0.450000
14 1.250000
14 0.830000
14 0.640000
14 1.770000
14 1.240000
14 2.510000
14 2.040000
14 0.470000
14 1.650000
14 1.250000
14 1.680000
14 0.850000
14 0.820000
14 1.000000
14 1.450000
14 1.090000
14 1.120000
14 0.780000
14 1.080000
14 0.870000
14 2.060000
14 1.990000
14 3.110000
14 0.800000
14 0.980000
14 1.250000
14 1.480000
14 1.370000
14 3.590000
14 2.530000
14 1.670000
14 1.380000
14 1.640000
14 0.510000
14 1.130000
14 1.260000
14 3.420000
14 2.130000
14 1.010000
14 1.690000
14 1.720000
14 1.550000
14 0.990000
14 1.240000
14 0.930000
14 0.670000
14 1.180000
15 1.750000
15 1.020000
15 0.980000
15 2.720000
15 1.340000
15 1.400000
15 0.700000
15 2.920000
15 1.880000
15 1.360000
15 0.750000
15 1.880000
15 1.900000
15 1.960000
15 1.330000
15 0.640000
15 0.880000
15 4.880000
15 2.640000
15 0.490000
15 1.020000
15 1.830000
15 1.520000
15 1.240000
15 2.440000
15 0.740000
15 1.230000
15 1.520000
15 0.870000
15 2.370000
15 0.920000
15 3.220000
15 0.820000
15 1.570000
15 2.960000
15 1.720000
15 1.930000
15 1.170000
15 1.730000
15 2.070000
15 2.510000
15 1.520000
15 7.480000
15 1.390000
15 2.390000
15 1.750000
15 1.900000
15 2.210000
15 3.800000
15 1.900000
15 2.920000
15 2.240000
15 2.430000
15 2.750000
15 1.060000
15 1.070000
15 1.480000
15 0.420000
15 0.550000
15 2.140000
15 0.870000
15 1.850000
15 0.960000
15 1.550000
15 1.590000
15 1.570000
15 1.010000
15 1.580000
15 1.260000
15 1.690000
15 2.060000
15 5.190000
15 0.760000
15 1.340000
15 1.210000
15 0.460000
15 0.960000
15 2.450000
15 2.070000
15 1.170000
15 1.560000
15 1.180000
15 3.060000
15 2.160000
15 0.380000
15 1.700000
15 1.860000
15 0.980000
15 1.520000
15 1.160000
15 1.270000
15 4.790000
15 2.000000
15 1.660000
15 2.150000
15 3.350000
15 3.340000
15 1.130000
15 1.170000
15 2.070000
15 0.750000
15 1.310000
15 2.890000
15 1.190000
15 5.280000
15 1.270000
15 0.650000
15 2.950000
15 0.420000
15 0.930000
15 2.010000
15 0.780000
15 2.140000
15 1.900000
15 1.360000
15 1.360000
15 0.720000
15 3.820000
15 1.360000
15 2.430000
15 1.900000
15 1.510000
15 0.860000
15 2.370000
15 1.700000
15 1.020000
15 1.370000
15 2.540000
15 2.190000
15 1.180000
15 1.690000
15 1.150000
15 1.780000
15 1.160000
15 1.100000
15 1.590000
15 0.800000
15 1.410000
15 1.770000
15 1.940000
15 0.690000
15 1.970000
15 1.290000
15 8.180000
15 2.070000
15 2.040000
15 1.030000
15 0.980000
15 2.710000
15 0.880000
15 0.780000
15 0.770000
15 0.940000
15 0.460000
15 1.990000
15 0.590000
15 4.500000
15 1.240000
15 0.940000
15 2.770000
15 1.110000
15 0.810000
15 1.400000
15 3.610000
15 2.330000
15 0.630000
15 1.910000
15 1.880000
15 1.100000
15 1.460000
15 1.070000
15 1.440000
15 0.980000
15 0.770000
15 2.630000
15 1.150000
15 1.500000
15 1.840000
15 1.450000
15 3.640000
15 1.360000
15 0.830000
15 5.480000
15 1.240000
15 1.240000
15 3.030000
15 2.430000
15 2.810000
15 3.040000
15 2.180000
15 1.230000
15 1.000000
15 3.230000
15 2.770000
15 2.110000
15 2.060000
15 2.330000
15 4.180000
15 1.170000
15 1.250000
15 1.950000
16 4.750000
16 2.060000
16 4.510000
16 1.740000
16 1.020000
16 2.170000
16 2.170000
16 1.660000
16 2.010000
16 1.430000
16 5.230000
16 1.760000
16 1.350000
16 2.270000
16 1.390000
16 2.160000
16 3.880000
16 0.990000
16 2.050000
16 0.630000
16 2.460000
16 1.750000
16 2.390000
16 2.210000
16 1.320000
16 3.700000
16 2.160000
16 1.460000
16 5.760000
16 2.860000
16 1.950000
16 2.250000
16 1.750000
16 2.390000
16 1.510000
16 1.640000
16 1.200000
16 3.820000
16 0.770000
16 2.580000
16 5.470000
16 3.670000
16 6.840000
16 1.220000
16 3.860000
16 2.590000
16 3.240000
16 0.870000
16 2.110000
16 3.970000
16 1.650000
16 3.160000
16 2.630000
16 4.010000
16 3.570000
16 1.400000
16 1.240000
16 1.480000
16 4.230000
16 2.150000
16 1.770000
16 9.900000
16 1.630000
16 2.580000
16 2.130000
16 1.790000
16 4.100000
16 9.800000
16 0.820000
16 2.930000
16 8.170000
16 1.130000
16 1.600000
16 1.870000
16 5.680000
16 5.590000
16 1.280000
16 2.790000
16 2.930000
16 1.250000
16 2.340000
16 4.340000
16 2.350000
16 2.850000
16 1.570000
16 1.560000
16 2.330000
16 2.760000
16 5.640000
16 2.290000
16 3.190000
16 2.860000
16 2.030000
16 2.550000
16 1.760000
16 0.430000
16 3.980000
16 1.850000
16 3.560000
16 1.760000
16 2.010000
16 1.940000
16 3.570000
16 2.070000
16 3.240000
16 1.890000
16 1.900000
16 0.790000
16 2.380000
16 1.620000
16 2.420000
16 1.350000
16 1.230000
16 3.210000
16 0.620000
16 2.230000
16 1.720000
16 1.650000
16 2.680000
16 4.340000
16 3.810000
16 5.930000
16 4.250000
16 3.350000
16 9.710000
16 2.870000
16 5.680000
16 2.770000
16 1.820000
16 5.120000
16 4.150000
16 2.570000
16 2.960000
16 1.650000
16 4.660000
16 2.650000
16 1.780000
16 2.460000
16 2.900000
16 2.070000
16 1.900000
16 3.190000
16 1.450000
16 2.080000
16 2.090000
16 2.040000
16 1.890000
16 6.170000
16 3.640000
16 3.710000
16 4.400000
16 3.820000
16 3.770000
16 2.950000
16 1.890000
16 1.860000
16 3.090000
16 1.880000
16 2.060000
16 5.420000
16 1.450000
16 1.840000
16 4.650000
16 2.660000
16 2.400000
16 0.560000
16 2.480000
16 1.540000
16 3.140000
16 1.570000
16 3.760000
16 0.700000
16 2.440000
16 4.370000
16 1.250000
16 2.060000
16 2.450000
16 3.860000
16 1.840000
16 1.620000
16 1.820000
16 2.420000
16 2.610000
16 1.920000
16 1.310000
16 3.260000
16 2.540000
16 2.390000
16 2.480000
16 1.810000
16 1.270000
16 1.440000
16 2.500000
16 2.600000
16 1.360000
16 0.920000
16 3.170000
16 1.090000
16 3.870000
16 3.420000
16 4.660000
16 0.840000
16 3.320000
16 2.240000
16 2.490000
16 1.950000
16 2.020000
16 5.610000
16 1.030000
16 5.840000
16 3.280000
16 2.690000
16 2.120000
16 0.860000
16 1.540000
16 1.180000
16 1.100000
16 2.790000
16 2.730000
16 4.790000
16 2.510000
16 1.660000
16 3.650000
16 4.030000
16 1.170000
16 1.900000
16 0.730000
16 7.110000
16 3.970000
16 1.340000
16 1.510000
16 5.630000
16 2.620000
16 1.400000
16 1.480000
16 5.430000
16 3.480000
16 2.280000
16 4.160000
16 5.560000
16 1.550000
16 2.020000
16 2.790000
16 5.950000
16 1.540000
16 0.840000
16 4.650000
16 1.180000
16 2.970000
16 2.950000
16 1.970000
16 5.390000
16 1.550000
16 1.610000
16 3.440000
16 1.290000
16 5.550000
16 2.980000
16 1.200000
16 0.770000
16 2.970000
16 1.840000
16 3.280000
16 3.190000
16 1.870000
16 3.540000
16 8.750000
16 0.830000
16 3.070000
16 2.730000
16 2.400000
16 2.710000
16 1.560000
16 3.640000
16 5.860000
16 0.780000
16 2.800000
16 1.470000
16 1.930000
16 1.110000
16 1.220000
16 1.530000
16 4.020000
16 3.440000
16 2.640000
16 4.000000
16 2.560000
16 1.100000
16 1.080000
16 3.470000
16 2.660000
16 2.120000
16 1.130000
16 3.160000
16 3.490000
16 1.090000
16 1.300000
16 4.590000
16 1.050000
16 3.750000
16 1.440000
16 1.810000
16 5.290000
16 3.300000
16 12.260000
16 2.170000
16 0.590000
16 2.380000
16 2.380000
16 1.760000
16 1.630000
16 6.690000
16 4.980000
16 3.910000
16 2.460000
16 2.120000
16 1.050000
16 5.290000
16 1.280000
16 2.570000
16 1.520000
16 2.680000
16 2.200000
16 2.360000
16 1.950000
16 5.020000
16 2.620000
16 2.600000
16 1.660000
16 2.310000
16 1.690000
16 1.820000
16 1.320000
16 12.300000
16 2.440000
16 2.850000
16 3.840000
16 3.030000
16 6.030000
16 2.980000
16 4.450000
16 1.890000
16 2.440000
16 1.580000
16 2.440000
16 2.760000
16 1.470000
16 3.450000
16 4.820000
16 1.590000
16 1.190000
16 2.430000
16 2.670000
16 1.100000
16 2.050000
16 3.500000
16 1.070000
16 8.830000
16 5.310000
16 2.950000
16 3.140000
16 1.780000
16 1.750000
16 4.430000
16 2.970000
17 5.960000
17 7.910000
17 3.040000
17 3.340000
17 2.500000
17 1.060000
17 1.910000
17 2.490000
17 3.130000
17 3.000000
17 1.670000
17 2.500000
17 9.920000
17 4.440000
17 3.400000
17 3.930000
17 2.740000
17 3.120000
17 10.210000
17 4.180000
17 2.430000
17 2.240000
17 3.430000
17 2.830000
17 5.950000
17 4.280000
17 2.360000
17 4.100000
17 4.170000
17 3.190000
17 3.870000
17 4.280000
17 3.080000
17 1.960000
17 2.200000
17 1.600000
17 2.730000
17 7.340000
17 2.600000
17 2.410000
17 0.800000
17 2.260000
17 12.040000
17 1.040000
17 6.340000
17 2.720000
17 3.440000
17 3.560000
17 2.210000
17 3.180000
17 14.980000
17 7.680000
17 9.420000
17 17.110000
17 2.740000
17 3.700000
17 10.730000
17 5.540000
17 3.620000
17 3.470000
17 3.350000
17 3.780000
17 4.370000
17 3.100000
17 2.800000
17 5.620000
17 5.960000
17 15.010000
17 2.400000
17 11.700000
17 2.660000
17 2.810000
17 8.990000
17 4.670000
17 2.200000
17 3.840000
17 2.660000
17 5.810000
17 1.480000
17 7.480000
17 2.250000
17 1.110000
17 2.930000
17 2.100000
17 2.620000
17 7.230000
17 1.720000
17 3.340000
17 6.190000
17 8.010000
17 5.030000
17 6.260000
17 2.420000
17 1.890000
17 9.230000
17 3.000000
17 2.110000
17 1.950000
17 9.950000
17 3.920000
17 2.630000
17 2.980000
17 6.130000
17 2.600000
17 7.430000
17 6.080000
17 2.900000
17 10.260000
17 3.260000
17 3.120000
17 3.160000
17 5.190000
17 4.000000
17 2.710000
17 4.810000
17 1.930000
17 4.240000
17 5.570000
17 2.260000
17 5.370000
17 2.210000
17 1.950000
17 5.580000
17 2.920000
17 0.820000
17 2.070000
17 4.380000
17 5.730000
17 7.020000
17 2.770000
17 3.300000
17 9.130000
17 2.920000
17 16.170000
17 3.790000
17 2.730000
17 3.920000
17 5.490000
17 3.460000
17 4.960000
17 4.700000
17 1.490000
17 4.010000
17 2.830000
17 10.640000
17 3.440000
17 1.690000
17 0.730000
17 4.190000
17 8.350000
17 2.000000
17 2.770000
17 4.160000
17 3.080000
17 5.940000
17 2.210000
17 1.300000
17 4.430000
17 4.820000
17 5.370000
17 18.320000
17 4.530000
17 1.890000
17 10.960000
17 1.750000
17 3.940000
17 6.280000
17 1.000000
17 1.960000
17 4.280000
17 4.860000
17 3.420000
17 6.180000
17 3.150000
17 9.460000
17 4.130000
17 7.810000
17 3.620000
17 0.900000
17 1.520000
17 3.690000
17 9.840000
17 1.990000
17 7.910000
17 4.570000
17 2.330000
17 3.840000
17 3.710000
17 2.190000
17 2.940000
17 2.320000
17 1.770000
17 1.290000
17 4.760000
17 2.110000
17 3.740000
17 4.410000
17 3.110000
17 6.150000
17 3.750000
17 3.630000
17 2.780000
17 1.720000
17 2.590000
17 3.480000
17 8.710000
17 1.320000
17 3.080000
17 6.290000
17 4.210000
17 2.840000
17 6.910000
17 7.050000
17 1.760000
17 2.840000
17 5.140000
17 1.400000
17 2.140000
17 3.280000
17 11.990000
17 4.370000
17 3.390000
17 6.490000
17 2.210000
17 11.780000
17 3.000000
17 1.370000
17 2.690000
17 3.850000
17 1.370000
17 3.220000
17 9.290000
17 4.720000
17 1.250000
17 2.310000
17 3.080000
17 3.540000
17 7.870000
17 5.450000
17 2.780000
17 4.040000
17 1.250000
17 3.550000
17 5.960000
17 2.770000
17 3.310000
17 3.990000
17 11.260000
17 1.550000
17 3.290000
17 4.370000
17 3.690000
17 4.540000
17 1.160000
17 4.110000
17 3.830000
17 2.250000
17 3.760000
17 4.290000
17 4.680000
17 4.400000
17 1.620000
17 5.080000
17 6.420000
17 4.140000
17 1.880000
17 3.330000
17 7.340000
17 2.310000
17 4.770000
17 7.770000
17 4.000000
17 7.250000
17 9.380000
17 4.060000
17 2.630000
17 2.020000
17 5.810000
17 3.270000
17 1.970000
17 7.280000
17 7.030000
17 2.390000
17 2.260000
17 4.590000
17 1.510000
17 3.960000
17 2.400000
17 5.750000
17 4.740000
17 2.770000
17 1.510000
17 4.960000
17 1.190000
17 6.770000
17 1.740000
17 3.560000
17 2.820000
17 2.940000
17 6.620000
17 1.640000
17 2.950000
17 3.580000
17 8.120000
17 5.890000
17 1.750000
17 5.360000
17 6.350000
17 3.330000
17 8.410000
17 1.420000
17 4.560000
17 1.250000
17 6.170000
17 2.850000
17 2.800000
17 4.910000
17 4.160000
17 4.290000
17 2.830000
17 2.260000
17 9.510000
17 1.850000
17 2.900000
17 1.030000
17 0.710000
17 5.890000
17 3.250000
17 1.670000
17 12.550000
17 2.230000
17 8.350000
17 6.900000
17 2.300000
17 3.710000
17 1.760000
17 2.750000
17 2.860000
17 8.500000
17 1.900000
17 2.150000
17 1.810000
17 1.400000
17 1.140000
17 11.080000
17 1.160000
17 4.450000
17 4.770000
17 2.510000
17 7.570000
17 3.080000
17 5.890000
17 2.580000
17 3.720000
17 3.120000
17 5.530000
17 2.990000
17 0.860000
17 5.820000
17 1.140000
17 5.030000
17 3.420000
17 4.480000
17 17.030000
17 2.120000
17 5.050000
17 3.580000
17 2.710000
17 2.970000
17 3.340000
17 1.460000
17 4.180000
17 6.780000
17 2.450000
17 4.140000
17 3.770000
17 3.180000
17 3.590000
17 2.230000
17 3.420000
17 6.160000
17 7.020000
17 1.380000
17 1.610000
17 5.600000
17 4.930000
17 7.220000
17 5.430000
17 3.880000
17 4.860000
17 3.570000
17 5.700000
17 1.560000
17 2.930000
17 1.660000
17 3.850000
17 6.800000
17 6.160000
17 2.740000
17 10.580000
17 3.770000
17 3.680000
17 2.430000
17 6.900000
17 4.900000
17 6.360000
17 5.120000
17 3.950000
17 5.420000
17 1.070000
17 3.120000
17 2.590000
17 5.370000
17 1.560000
17 1.840000
17 1.620000
17 3.290000
17 2.360000
17 4.430000
17 4.640000
17 8.490000
17 3.540000
17 6.680000
17 3.320000
17 3.170000
17 1.670000
17 1.290000
17 7.530000
17 2.640000
17 2.070000
17 4.930000
17 3.930000
17 4.180000
17 3.370000
17 5.940000
17 3.830000
17 5.140000
17 4.470000
17 2.670000
17 1.260000
17 2.760000
18 4.460000
18 2.290000
18 6.510000
18 15.830000
18 4.570000
18 7.590000
18 4.690000
18 1.600000
18 5.550000
18 1.990000
18 7.740000
18 6.120000
18 4.510000
18 6.690000
18 1.620000
18 8.260000
18 1.670000
18 4.930000
18 7.370000
18 1.400000
18 7.990000
18 4.480000
18 18.690000
18 3.130000
18 20.740000
18 11.900000
18 2.840000
18 7.240000
18 10.100000
18 2.890000
18 7.250000
18 2.610000
18 4.540000
18 5.500000
18 8.990000
18 2.300000
18 9.180000
18 5.410000
18 5.200000
18 4.580000
18 11.410000
18 8.400000
18 2.990000
18 14.370000
18 0.910000
18 3.200000
18 4.840000
18 8.140000
18 4.290000
18 7.890000
18 3.570000
18 4.550000
18 14.760000
18 7.190000
18 6.690000
18 5.710000
18 11.380000
18 6.900000
18 2.710000
18 6.620000
18 3.150000
18 3.600000
18 11.520000
18 6.270000
18 2.020000
18 5.180000
18 7.110000
18 7.870000
18 7.160000
18 5.300000
18 9.600000
18 4.410000
18 5.100000
18 9.240000
18 8.270000
18 4.970000
18 6.140000
18 3.210000
18 2.290000
18 3.930000
18 1.910000
18 12.490000
18 5.510000
18 1.760000
18 11.110000
18 4.440000
18 9.670000
18 3.270000
18 11.940000
18 7.330000
18 2.480000
18 5.810000
18 10.760000
18 4.510000
18 7.260000
18 13.480000
18 6.200000
18 1.830000
18 15.000000
18 5.240000
18 5.270000
18 10.160000
18 2.780000
18 5.020000
18 16.490000
18 10.000000
18 8.840000
18 3.600000
18 3.790000
18 4.880000
18 8.110000
18 11.150000
18 4.170000
18 4.780000
18 4.440000
18 12.390000
18 4.630000
18 10.870000
18 4.490000
18 3.970000
18 5.070000
18 1.940000
18 6.810000
18 4.320000
18 2.980000
18 10.890000
18 9.490000
18 7.760000
18 13.570000
18 9.660000
18 12.010000
18 3.640000
18 2.620000
18 2.310000
18 3.140000
18 5.720000
18 2.600000
18 16.060000
18 2.250000
18 2.270000
18 12.830000
18 7.260000
18 4.250000
18 2.920000
18 3.690000
18 8.140000
18 4.880000
18 6.690000
18 1.480000
18 1.380000
18 6.390000
18 5.010000
18 4.520000
18 3.640000
18 2.020000
18 5.180000
18 8.280000
18 5.980000
18 7.300000
18 11.350000
18 2.090000
18 4.480000
18 3.140000
18 3.160000
18 12.920000
18 3.830000
18 5.700000
18 5.170000
18 6.400000
18 6.390000
18 5.370000
18 7.330000
18 5.490000
18 3.870000
18 14.180000
18 3.230000
18 5.360000
18 4.990000
18 2.360000
18 9.270000
18 2.960000
18 5.730000
18 9.150000
18 2.110000
18 1.800000
18 10.120000
18 3.020000
18 3.160000
18 3.760000
18 6.320000
18 4.150000
18 2.080000
18 7.830000
18 6.720000
18 1.410000
18 2.430000
18 1.610000
18 3.640000
18 6.660000
18 14.930000
18 3.090000
18 2.750000
18 4.600000
18 4.690000
18 3.930000
18 8.900000
18 4.080000
18 4.750000
18 4.150000
18 7.120000
18 4.170000
18 6.630000
18 2.190000
18 3.910000
18 5.760000
18 2.600000
18 4.230000
18 3.230000
18 5.480000
18 2.810000
18 3.900000
18 8.710000
18 3.570000
18 5.770000
18 7.480000
18 3.370000
18 10.670000
18 6.210000
18 4.430000
18 2.470000
18 7.480000
18 2.640000
18 4.520000
18 5.640000
18 6.550000
18 1.610000
18 4.700000
18 7.020000
18 5.370000
18 5.050000
18 12.210000
18 5.190000
18 4.150000
18 4.680000
18 4.580000
18 14.790000
18 7.780000
18 10.670000
18 6.100000
18 13.630000
18 4.510000
18 2.760000
18 5.930000
18 9.860000
18 2.720000
18 4.540000
18 4.270000
18 7.060000
18 4.750000
18 4.830000
18 6.920000
18 2.330000
18 2.560000
18 11.270000
18 3.040000
18 3.580000
18 4.830000
18 11.140000
18 11.680000
18 6.420000
18 2.880000
18 30.340000
18 6.210000
18 5.500000
18 20.540000
18 2.580000
18 7.010000
18 3.700000
18 3.950000
18 5.150000
18 8.390000
18 5.160000
18 3.080000
18 9.990000
18 2.600000
18 5.180000
18 2.540000
18 4.710000
18 6.350000
18 3.150000
18 7.400000
18 8.200000
18 15.810000
18 4.100000
18 1.560000
18 5.740000
18 3.210000
18 3.220000
18 5.220000
18 5.470000
18 14.570000
18 0.790000
18 12.100000
18 10.160000
18 10.910000
18 7.590000
18 9.010000
18 4.660000
18 5.710000
18 15.210000
18 10.300000
18 5.980000
18 6.930000
18 7.300000
18 4.460000
18 3.460000
18 5.710000
18 6.920000
18 1.020000
18 5.230000
18 9.730000
18 4.390000
18 6.380000
18 3.340000
18 5.920000
18 4.240000
18 6.620000
18 5.560000
18 7.000000
18 6.970000
18 4.750000
18 5.020000
18 3.330000
18 11.550000
18 8.830000
18 14.020000
18 7.570000
18 3.550000
18 3.290000
18 5.340000
18 4.430000
18 4.630000
18 4.990000
18 7.880000
18 1.680000
18 16.830000
18 5.890000
18 10.880000
18 8.600000
18 2.230000
18 2.980000
18 3.510000
18 7.830000
18 4.360000
18 5.280000
18 9.670000
18 7.620000
18 2.960000
18 4.350000
18 2.170000
18 4.400000
18 2.740000
18 6.160000
18 8.770000
18 4.380000
18 4.300000
18 3.480000
18 4.890000
18 3.980000
18 10.580000
18 1.480000
18 6.490000
18 12.870000
18 10.360000
18 2.940000
18 4.480000
18 6.680000
18 4.900000
18 8.030000
18 3.010000
18 3.640000
18 10.420000
18 7.290000
18 1.850000
18 4.600000
18 1.530000
18 7.370000
18 2.990000
18 3.820000
18 7.020000
18 6.980000
18 26.140000
18 3.290000
18 5.190000
18 9.080000
18 10.710000
18 2.020000
18 3.780000
18 11.060000
18 5.510000
18 6.460000
18 2.420000
18 8.540000
18 2.760000
18 6.320000
18 2.900000
18 16.360000
18 10.090000
18 4.640000
18 7.560000
18 12.850000
18 7.780000
18 4.570000
18 7.580000
18 4.130000
18 4.730000
18 1.860000
18 3.290000
18 11.850000
18 18.110000
18 6.130000
18 7.040000
18 8.230000
18 6.970000
18 6.090000
18 2.620000
18 5.960000
18 11.450000
18 2.670000
18 3.790000
18 8.720000
18 7.250000
18 8.470000
18 3.230000
18 7.000000
18 3.470000
18 4.960000
18 5.430000
18 10.820000
18 3.160000
18 11.790000
18 9.090000
18 4.960000
18 7.530000
18 4.230000
18 2.770000
18 4.060000
18 13.660000
18 6.210000
18 2.840000
18 7.890000
18 10.100000
18 8.280000
18 9.550000
18 17.260000
18 5.130000
18 5.660000
18 2.650000
18 6.530000
18 5.120000
18 5.240000
18 7.550000
18 3.300000
18 6.170000
18 5.360000
18 3.660000
18 5.160000
18 8.760000
18 6.470000
18 3.440000
18 4.750000
18 6.490000
18 9.200000
18 4.720000
18 2.130000
18 5.360000
18 11.670000
18 14.290000
18 3.410000
18 6.600000
18 11.890000
18 3.480000
18 3.700000
18 2.360000
18 8.070000
18 2.010000
18 3.820000
18 3.540000
18 2.560000
18 5.600000
18 10.770000
18 4.300000
18 4.750000
18 2.790000
18 14.100000
18 4.150000
18 7.980000
18 5.980000
18 11.800000
18 3.900000
18 10.820000
18 4.300000
18 2.710000
18 3.320000
18 3.600000
18 11.230000
18 2.310000
18 9.370000
