#n running-time
35 0.580000
36 0.510000
36 0.610000
36 0.540000
36 0.560000
36 0.540000
37 0.620000
37 0.540000
37 0.520000
37 0.550000
37 0.590000
37 0.530000
37 0.530000
37 0.510000
37 0.540000
37 0.520000
37 0.520000
37 0.600000
37 0.530000
37 0.490000
37 0.530000
37 0.500000
37 0.540000
37 0.520000
37 0.560000
37 0.560000
37 0.480000
37 0.580000
37 0.520000
37 0.490000
37 0.530000
37 0.560000
38 0.550000
38 0.480000
38 0.570000
38 0.530000
38 0.530000
38 0.500000
38 0.550000
38 0.500000
38 0.530000
38 7.120000
38 0.550000
38 0.490000
38 0.470000
38 0.540000
38 0.550000
38 0.510000
38 0.620000
38 0.500000
38 0.540000
38 0.540000
38 0.570000
38 0.580000
38 0.540000
38 0.560000
38 0.530000
38 0.580000
38 0.570000
38 0.620000
38 0.530000
38 0.640000
38 0.580000
38 0.570000
38 0.450000
38 0.530000
38 0.590000
38 0.560000
38 0.530000
38 0.560000
38 0.510000
38 0.530000
38 0.510000
38 0.560000
38 0.540000
38 0.530000
38 0.520000
38 0.550000
38 0.570000
38 0.570000
38 0.550000
38 0.540000
38 0.560000
38 0.520000
38 0.580000
38 0.530000
38 0.550000
38 0.540000
38 0.540000
38 0.550000
38 0.530000
38 0.530000
38 0.530000
38 0.550000
38 0.530000
38 0.530000
38 0.560000
38 0.520000
38 0.540000
38 0.540000
38 0.550000
38 0.560000
38 0.560000
38 0.530000
38 0.550000
38 0.620000
38 0.560000
38 0.530000
38 0.550000
38 0.570000
38 0.520000
38 0.540000
38 0.530000
38 0.500000
38 0.540000
38 0.490000
38 0.520000
39 0.560000
39 0.550000
39 0.610000
39 0.540000
39 0.530000
39 0.570000
39 0.530000
39 0.590000
39 0.550000
39 0.570000
39 0.520000
39 0.550000
39 0.530000
39 0.490000
39 0.550000
39 0.540000
39 0.570000
39 0.550000
39 0.530000
39 0.520000
39 0.520000
39 0.510000
39 0.550000
39 0.550000
39 0.550000
39 0.550000
39 0.570000
39 0.530000
39 0.550000
39 0.530000
39 0.520000
39 0.580000
39 0.570000
39 0.560000
39 0.490000
39 0.530000
39 0.540000
39 0.460000
39 0.550000
39 0.560000
39 0.530000
39 0.570000
39 0.540000
39 0.560000
39 0.520000
39 0.550000
39 0.580000
39 0.520000
39 0.540000
39 0.510000
39 0.560000
39 0.570000
39 0.550000
39 0.510000
39 0.580000
39 0.510000
39 0.540000
39 0.570000
39 0.550000
39 0.490000
39 0.500000
39 0.550000
39 0.580000
39 0.560000
39 0.510000
39 0.590000
39 0.530000
39 0.500000
39 0.510000
39 0.520000
39 0.520000
39 0.520000
39 0.550000
39 0.510000
39 0.610000
39 0.520000
39 0.570000
39 0.540000
39 0.550000
39 0.580000
39 0.540000
39 0.540000
39 0.510000
39 0.540000
39 0.540000
39 0.530000
39 0.540000
39 0.540000
39 0.620000
39 0.530000
39 0.580000
39 0.560000
39 0.530000
39 0.510000
39 0.520000
39 0.530000
39 0.550000
39 0.550000
39 0.550000
39 0.540000
39 0.490000
39 0.600000
39 0.520000
39 0.530000
39 0.520000
39 0.550000
39 0.540000
39 0.550000
39 0.540000
39 0.610000
39 0.680000
39 0.500000
39 0.590000
39 0.550000
39 0.600000
39 0.550000
39 0.550000
39 0.630000
39 0.540000
39 0.620000
39 0.570000
39 0.550000
39 0.560000
39 0.580000
39 0.530000
39 0.660000
39 0.520000
39 0.590000
39 0.580000
39 0.550000
39 0.570000
39 0.570000
39 0.530000
39 0.560000
39 0.560000
39 0.570000
39 0.540000
39 0.540000
39 0.560000
39 0.540000
39 0.590000
39 0.510000
39 0.570000
39 0.510000
39 0.520000
39 0.560000
39 0.540000
39 0.590000
39 0.540000
39 0.540000
39 0.580000
39 0.500000
39 0.580000
39 0.530000
39 0.560000
39 0.510000
39 0.530000
39 0.580000
39 0.530000
39 0.560000
39 0.510000
39 0.540000
39 1.580000
39 0.560000
39 0.500000
39 0.550000
39 0.580000
39 0.520000
39 0.520000
39 0.540000
39 0.600000
39 0.560000
39 0.550000
39 0.620000
39 0.560000
39 0.560000
39 0.530000
39 1.130000
39 0.560000
39 0.550000
39 0.540000
39 0.500000
39 0.540000
39 0.530000
39 0.610000
39 0.600000
39 0.540000
39 0.620000
39 0.490000
39 0.520000
39 0.550000
39 0.560000
39 0.580000
39 0.570000
39 0.570000
39 0.540000
40 0.580000
40 0.530000
40 0.560000
40 0.530000
40 0.480000
40 1.180000
40 0.570000
40 0.490000
40 0.540000
40 0.600000
40 0.570000
40 0.570000
40 0.560000
40 0.590000
40 0.530000
40 0.550000
40 0.510000
40 0.530000
40 0.530000
40 0.540000
40 0.500000
40 0.550000
40 0.520000
40 0.540000
40 0.510000
40 0.550000
40 0.560000
40 0.550000
40 0.480000
40 0.540000
40 0.540000
40 0.590000
40 0.560000
40 0.590000
40 0.530000
40 0.530000
40 0.580000
40 0.520000
40 0.540000
40 0.630000
40 0.540000
40 0.530000
40 0.520000
40 0.570000
40 0.560000
40 0.540000
40 0.540000
40 0.550000
40 0.600000
40 0.490000
40 0.570000
40 0.560000
40 0.530000
40 0.550000
40 0.780000
40 0.550000
40 0.540000
40 0.550000
40 0.520000
40 0.580000
40 0.520000
40 0.610000
40 0.480000
40 0.510000
40 0.570000
40 0.530000
40 0.500000
40 0.500000
40 0.500000
40 0.540000
40 0.540000
40 0.550000
40 0.520000
40 0.540000
40 0.520000
40 0.560000
40 0.550000
40 0.500000
40 0.560000
40 0.560000
40 0.580000
40 0.550000
40 0.530000
40 0.500000
40 0.550000
40 0.650000
40 0.540000
40 0.550000
40 0.590000
40 0.530000
40 0.550000
40 0.560000
40 0.520000
40 0.500000
40 0.490000
40 0.540000
40 0.530000
40 0.530000
40 0.550000
40 0.540000
40 0.530000
40 0.550000
40 0.560000
40 0.560000
40 0.530000
40 0.640000
40 0.560000
40 0.550000
40 0.550000
40 0.610000
40 0.550000
40 0.480000
40 0.560000
40 0.600000
40 0.550000
40 0.540000
40 0.550000
40 0.560000
40 0.540000
40 0.520000
40 0.520000
40 0.570000
40 0.530000
40 0.510000
40 0.530000
40 0.550000
40 0.540000
40 0.510000
40 0.590000
40 0.630000
40 0.560000
40 0.480000
40 0.510000
40 0.520000
40 0.510000
40 0.520000
40 0.530000
40 0.480000
40 0.560000
40 0.530000
40 0.550000
40 0.530000
40 0.510000
40 0.520000
40 0.550000
40 0.530000
40 0.530000
40 0.500000
40 0.530000
40 0.590000
40 0.510000
40 0.520000
40 0.550000
40 0.570000
40 0.550000
40 0.550000
40 0.510000
40 0.660000
40 0.640000
40 0.560000
40 0.550000
40 0.570000
40 0.610000
40 0.560000
40 0.540000
40 0.540000
40 0.470000
40 0.530000
40 0.480000
40 0.560000
40 0.550000
40 0.470000
40 0.540000
40 0.520000
40 0.520000
40 0.520000
40 0.530000
40 0.570000
40 0.540000
40 0.550000
40 0.470000
40 0.560000
40 0.550000
40 0.510000
40 0.580000
40 0.510000
40 0.550000
40 0.530000
40 0.580000
40 0.510000
40 0.530000
40 0.590000
40 0.630000
40 0.570000
40 0.530000
40 0.580000
40 0.540000
40 0.530000
40 0.510000
40 0.560000
40 0.580000
40 0.590000
40 0.550000
40 0.540000
40 0.560000
40 0.520000
40 0.580000
40 0.510000
40 0.540000
40 0.570000
40 0.530000
40 0.540000
40 0.540000
40 0.550000
40 0.500000
40 0.530000
40 0.540000
40 0.550000
40 0.550000
40 0.540000
40 0.560000
40 0.480000
40 0.520000
40 0.560000
40 0.570000
40 0.520000
40 0.540000
40 0.540000
40 0.610000
40 0.530000
40 0.540000
40 0.510000
40 0.620000
40 0.630000
40 0.510000
40 0.560000
40 0.530000
40 0.530000
40 0.540000
40 0.520000
40 0.540000
40 0.530000
40 0.500000
40 0.560000
40 0.520000
40 0.560000
40 0.530000
40 0.530000
40 0.530000
40 0.620000
40 0.570000
40 0.550000
40 0.580000
40 0.570000
40 0.550000
40 0.520000
40 0.550000
40 0.600000
40 0.540000
40 0.520000
40 0.490000
40 0.750000
40 0.610000
40 0.460000
40 0.580000
40 0.520000
40 0.520000
40 0.530000
40 0.650000
40 0.550000
40 0.610000
40 0.540000
40 0.540000
40 0.510000
40 0.650000
40 0.570000
40 0.530000
40 0.580000
40 0.560000
40 0.540000
40 0.540000
40 0.560000
40 0.570000
40 0.550000
40 0.600000
40 0.590000
40 0.570000
40 0.520000
40 0.620000
40 0.540000
40 0.510000
40 0.560000
40 0.520000
40 0.580000
40 0.540000
40 0.590000
40 0.530000
40 0.550000
40 0.550000
40 0.530000
40 0.540000
40 0.570000
40 0.510000
40 0.590000
40 0.540000
40 0.490000
40 0.550000
40 0.560000
40 0.530000
40 0.520000
40 0.500000
40 0.520000
40 0.550000
40 0.510000
40 0.680000
40 0.510000
40 0.520000
40 0.540000
40 0.600000
40 0.550000
40 0.520000
40 0.570000
40 0.480000
40 0.570000
40 0.570000
40 0.500000
40 0.570000
40 0.540000
40 0.520000
40 0.570000
40 0.530000
40 0.530000
40 0.590000
40 0.550000
40 0.560000
41 0.520000
41 0.530000
41 0.570000
41 0.550000
41 0.540000
41 0.530000
41 0.520000
41 0.500000
41 0.590000
41 0.530000
41 0.540000
41 0.500000
41 0.520000
41 0.510000
41 0.560000
41 0.530000
41 0.550000
41 0.560000
41 0.550000
41 0.550000
41 0.520000
41 0.540000
41 0.540000
41 0.640000
41 0.560000
41 0.510000
41 0.570000
41 0.550000
41 0.630000
41 0.630000
41 0.520000
41 0.530000
41 0.520000
41 0.530000
41 0.560000
41 0.500000
41 0.540000
41 0.530000
41 0.500000
41 0.650000
41 0.530000
41 0.530000
41 0.520000
41 0.520000
41 0.510000
41 0.520000
41 0.540000
41 0.550000
41 0.520000
41 0.550000
41 0.520000
41 0.550000
41 0.590000
41 0.560000
41 0.570000
41 0.550000
41 0.510000
41 0.540000
41 0.570000
41 0.540000
41 0.550000
41 0.530000
41 0.560000
41 0.550000
41 0.610000
41 0.610000
41 0.570000
41 0.550000
41 0.520000
41 0.560000
41 0.760000
41 0.530000
41 0.520000
41 0.560000
41 0.570000
41 0.520000
41 0.520000
41 0.520000
41 0.560000
41 0.530000
41 0.580000
41 0.580000
41 0.560000
41 0.580000
41 0.560000
41 0.540000
41 0.540000
41 0.570000
41 0.570000
41 0.550000
41 0.560000
41 0.600000
41 0.680000
41 0.520000
41 0.520000
41 0.520000
41 0.570000
41 0.520000
41 0.570000
41 0.510000
41 0.560000
41 0.530000
41 0.570000
41 0.600000
41 0.560000
41 0.540000
41 0.510000
41 0.530000
41 0.570000
41 0.550000
41 0.580000
41 0.560000
41 0.570000
41 0.550000
41 0.520000
41 0.550000
41 0.520000
41 0.570000
41 0.530000
41 0.490000
41 0.600000
41 0.560000
41 0.540000
41 0.530000
41 0.530000
41 0.560000
41 0.540000
41 0.500000
41 0.520000
41 0.550000
41 0.580000
41 0.490000
41 0.600000
41 0.590000
41 0.530000
41 0.530000
41 0.560000
41 0.520000
41 0.590000
41 0.540000
41 0.570000
41 0.570000
41 0.510000
41 0.550000
41 0.530000
41 0.540000
41 0.530000
41 0.560000
41 0.530000
41 0.540000
41 0.600000
41 0.530000
41 0.610000
41 0.580000
41 0.680000
41 0.570000
41 0.550000
41 0.540000
41 0.560000
41 0.560000
41 0.570000
41 0.570000
41 0.570000
41 0.610000
41 0.550000
41 0.580000
41 0.570000
41 0.560000
41 0.590000
41 0.510000
41 0.550000
41 0.540000
41 0.520000
41 0.530000
41 0.560000
41 0.540000
41 0.550000
41 0.550000
41 0.570000
41 0.610000
41 0.530000
41 0.530000
41 0.550000
41 0.530000
41 0.540000
41 0.540000
41 0.480000
41 0.520000
41 0.510000
41 0.520000
41 0.560000
41 0.520000
41 0.530000
41 0.590000
41 0.550000
41 0.560000
41 0.540000
41 0.560000
41 0.540000
41 0.550000
41 0.520000
41 0.560000
41 0.550000
41 0.560000
41 0.530000
41 0.500000
41 0.520000
41 0.630000
41 0.570000
41 0.510000
41 0.540000
41 0.530000
41 0.530000
41 0.570000
41 0.560000
41 0.540000
41 0.530000
41 0.610000
41 0.540000
41 0.500000
41 0.540000
41 0.560000
41 0.570000
41 0.510000
41 0.610000
41 0.570000
41 0.500000
41 0.570000
41 0.580000
41 0.540000
41 0.580000
41 0.550000
41 0.520000
41 0.540000
41 0.510000
41 0.510000
41 0.550000
41 0.580000
41 0.580000
41 0.520000
41 0.660000
41 0.590000
41 0.770000
41 0.570000
41 0.530000
41 0.530000
41 0.550000
41 0.550000
41 0.560000
41 0.480000
41 0.730000
41 0.510000
41 0.570000
41 0.490000
41 0.600000
41 0.530000
41 0.550000
41 0.600000
41 0.530000
41 0.560000
41 0.570000
41 0.530000
41 0.530000
41 0.550000
41 0.540000
41 0.700000
41 0.590000
41 0.550000
41 0.500000
41 0.600000
41 0.570000
41 0.520000
41 0.580000
41 0.570000
41 0.540000
41 0.580000
41 0.520000
41 0.510000
41 0.510000
41 0.540000
41 0.530000
41 0.560000
41 0.530000
41 0.510000
41 0.520000
41 0.550000
41 0.530000
41 0.560000
41 0.580000
41 0.580000
41 0.530000
41 0.550000
41 0.580000
41 0.530000
41 0.540000
41 0.590000
41 0.510000
41 0.480000
41 0.550000
41 0.510000
41 0.500000
41 0.530000
41 0.520000
41 0.520000
41 0.520000
41 0.570000
41 0.530000
41 0.650000
41 0.530000
41 0.550000
41 0.550000
41 0.530000
41 0.560000
41 0.530000
41 0.560000
41 0.520000
41 0.550000
41 0.620000
41 0.520000
41 0.580000
41 0.540000
41 0.540000
41 0.520000
41 0.500000
41 0.550000
41 0.540000
41 0.530000
41 0.520000
41 0.550000
41 0.580000
41 1.920000
41 0.490000
41 0.650000
41 0.530000
41 0.540000
41 0.560000
41 0.660000
41 0.540000
41 0.570000
41 0.590000
41 0.670000
41 0.630000
41 0.580000
41 0.530000
41 0.530000
41 0.530000
41 0.590000
41 0.500000
41 0.570000
41 0.600000
41 0.540000
41 0.530000
41 0.520000
41 0.560000
41 0.500000
41 0.530000
41 0.780000
41 0.580000
41 0.470000
41 0.500000
41 0.530000
41 0.530000
41 0.560000
41 0.490000
41 0.530000
41 0.630000
41 0.580000
41 0.650000
41 0.550000
41 0.490000
41 0.480000
41 0.560000
41 0.560000
41 0.530000
41 0.580000
41 0.530000
41 0.530000
41 0.540000
41 0.570000
41 0.490000
41 0.550000
41 0.590000
41 0.530000
41 0.610000
41 0.530000
41 0.560000
41 0.520000
41 0.530000
41 0.530000
41 0.580000
41 0.610000
41 0.510000
41 0.550000
41 0.580000
41 0.550000
41 0.540000
41 0.530000
41 0.570000
41 0.550000
41 0.570000
41 0.530000
41 0.540000
41 0.510000
41 0.480000
41 0.550000
41 0.550000
41 0.550000
41 0.560000
41 0.590000
41 0.860000
41 0.550000
41 0.530000
41 0.590000
41 0.550000
42 0.530000
42 0.520000
42 0.560000
42 0.530000
42 0.520000
42 0.500000
42 0.570000
42 0.590000
42 0.570000
42 0.500000
42 0.930000
42 0.540000
42 0.530000
42 0.530000
42 0.530000
42 0.550000
42 0.550000
42 0.590000
42 0.530000
42 0.500000
42 0.540000
42 0.540000
42 0.560000
42 0.520000
42 0.500000
42 0.520000
42 0.710000
42 0.540000
42 0.570000
42 0.520000
42 0.570000
42 0.510000
42 0.530000
42 0.500000
42 0.730000
42 0.550000
42 0.560000
42 0.530000
42 0.550000
42 0.610000
42 0.580000
42 0.550000
42 0.610000
42 0.550000
42 0.530000
42 0.570000
42 0.490000
42 0.510000
42 0.560000
42 0.560000
42 0.490000
42 0.520000
42 0.500000
42 0.600000
42 0.530000
42 0.580000
42 0.540000
42 0.550000
42 0.520000
42 0.530000
42 0.560000
42 0.530000
42 0.520000
42 0.520000
42 0.550000
42 0.580000
42 0.530000
42 0.560000
42 0.590000
42 0.550000
42 0.520000
42 0.520000
42 0.560000
42 0.540000
42 0.530000
42 0.590000
42 0.550000
42 0.570000
42 0.530000
42 0.560000
42 0.640000
42 0.550000
42 0.570000
42 0.550000
42 0.460000
42 0.530000
42 0.530000
42 0.530000
42 0.560000
42 0.570000
42 0.580000
42 0.600000
42 0.560000
42 0.540000
42 0.540000
42 0.580000
42 0.580000
42 0.530000
42 0.580000
42 0.550000
42 0.570000
42 0.530000
42 0.550000
42 0.570000
42 0.570000
42 0.600000
42 0.530000
42 0.560000
42 0.530000
42 0.540000
42 0.580000
42 0.530000
42 0.540000
42 0.590000
42 0.520000
42 0.580000
42 0.540000
42 0.620000
42 0.530000
42 0.540000
42 0.540000
42 0.530000
42 0.610000
42 0.510000
42 0.530000
42 0.590000
42 0.580000
42 0.550000
42 0.560000
42 0.510000
42 0.530000
42 0.520000
42 0.580000
42 0.580000
42 0.540000
42 0.590000
42 0.550000
42 0.550000
42 0.630000
42 0.530000
42 0.570000
42 0.510000
42 0.540000
42 0.540000
42 0.560000
42 0.660000
42 0.550000
42 0.630000
42 0.590000
42 0.540000
42 0.550000
42 0.540000
42 0.610000
42 0.530000
42 0.540000
42 0.550000
42 0.480000
42 0.570000
42 0.530000
42 0.580000
42 0.510000
42 0.560000
42 0.550000
42 0.600000
42 0.540000
42 0.480000
42 0.530000
42 0.570000
42 0.560000
42 0.560000
42 0.510000
42 0.570000
42 0.560000
42 0.590000
42 0.570000
42 0.560000
42 0.550000
42 0.600000
42 0.550000
42 0.620000
42 0.550000
42 0.540000
42 0.530000
42 0.570000
42 0.530000
42 0.550000
42 0.560000
42 0.560000
42 0.510000
42 0.520000
42 0.520000
42 0.530000
42 0.560000
42 0.580000
42 0.530000
42 0.580000
42 0.570000
42 0.500000
42 0.580000
42 0.540000
42 0.550000
42 0.540000
42 0.530000
42 0.570000
42 0.560000
42 0.530000
42 0.510000
42 0.550000
42 0.570000
42 0.550000
42 0.570000
42 0.540000
42 0.540000
42 0.510000
42 0.680000
42 0.560000
42 0.580000
42 0.550000
42 0.520000
42 0.510000
42 0.540000
42 0.530000
42 0.510000
42 0.520000
42 0.520000
42 0.490000
42 0.570000
42 0.520000
42 0.570000
42 0.540000
42 0.510000
42 0.620000
42 0.560000
42 0.550000
42 0.530000
42 0.520000
42 0.540000
42 0.580000
42 0.510000
42 0.610000
42 0.550000
42 1.600000
42 0.510000
42 0.530000
42 0.530000
42 0.530000
42 0.540000
42 0.540000
42 0.590000
42 0.530000
42 0.580000
42 0.560000
42 0.530000
42 0.590000
42 0.690000
42 0.600000
42 0.550000
42 0.580000
42 0.510000
42 14.890000
42 0.500000
42 0.550000
42 0.550000
42 0.540000
42 0.530000
42 0.590000
42 0.530000
42 0.540000
42 0.720000
42 0.560000
42 0.550000
42 0.740000
42 0.570000
42 0.510000
42 0.500000
42 0.540000
42 0.540000
42 0.510000
42 0.550000
42 0.580000
42 0.530000
42 0.540000
42 0.570000
42 0.570000
42 0.590000
42 0.540000
42 0.510000
42 0.560000
42 0.560000
42 0.530000
42 0.520000
42 0.540000
42 0.550000
42 0.540000
42 0.560000
42 0.550000
42 0.540000
42 0.510000
42 0.520000
42 0.520000
42 0.540000
42 0.500000
42 0.570000
42 0.550000
42 0.530000
42 0.550000
42 1.660000
42 0.530000
42 0.570000
42 0.650000
42 0.540000
42 0.540000
42 0.550000
42 0.510000
42 0.540000
42 0.530000
42 0.550000
42 0.540000
42 0.470000
42 0.610000
42 0.550000
42 0.560000
42 0.570000
42 0.560000
42 0.540000
42 0.550000
42 0.520000
42 0.540000
42 0.560000
42 0.520000
42 0.560000
42 0.610000
42 0.570000
42 0.520000
42 0.610000
42 0.510000
42 0.530000
42 0.540000
42 0.560000
42 0.550000
42 0.570000
42 0.540000
42 0.570000
42 0.540000
42 0.560000
42 0.490000
42 0.580000
42 0.530000
42 0.580000
42 0.560000
42 0.560000
42 0.540000
42 0.560000
42 0.540000
42 0.530000
42 0.510000
42 0.600000
42 0.560000
42 0.540000
42 0.550000
42 0.550000
42 0.540000
42 0.560000
42 0.530000
42 0.500000
42 0.540000
42 0.720000
42 0.490000
42 0.550000
42 0.530000
42 0.490000
42 0.590000
42 0.590000
42 0.510000
42 0.500000
42 0.530000
42 0.480000
42 0.540000
42 0.560000
42 0.570000
42 0.560000
42 0.610000
42 0.510000
42 0.550000
42 0.530000
42 0.590000
42 0.550000
42 0.550000
42 0.540000
42 0.500000
42 0.510000
42 0.530000
42 0.570000
42 0.560000
42 0.550000
42 0.530000
42 0.540000
42 0.520000
42 0.550000
42 0.550000
42 0.540000
42 0.540000
42 0.560000
42 0.530000
42 0.600000
42 0.550000
42 0.550000
42 0.570000
42 0.560000
42 0.470000
42 0.520000
42 0.550000
42 0.580000
42 0.510000
42 0.510000
42 0.520000
42 0.530000
42 0.520000
42 0.540000
42 0.500000
42 0.550000
42 0.520000
42 0.540000
42 0.460000
42 0.530000
42 0.550000
42 0.510000
42 0.540000
42 0.780000
42 0.520000
42 0.650000
42 0.570000
42 0.550000
42 0.550000
42 0.540000
42 0.680000
42 0.510000
42 0.520000
42 0.550000
42 0.560000
42 0.550000
42 0.580000
42 0.550000
42 0.540000
42 0.540000
42 0.530000
42 0.540000
42 0.550000
42 0.540000
42 0.480000
42 0.540000
42 0.550000
42 0.500000
42 0.570000
42 0.520000
42 0.560000
42 0.560000
42 0.570000
42 0.600000
42 0.530000
42 0.510000
42 0.600000
42 0.590000
42 0.560000
42 0.500000
42 0.530000
42 0.550000
42 0.560000
42 0.480000
42 0.570000
42 0.520000
42 0.490000
42 0.520000
42 0.520000
42 0.540000
42 0.540000
42 0.470000
42 0.640000
42 0.600000
42 0.570000
42 0.560000
42 0.540000
42 0.520000
42 0.550000
42 0.520000
42 0.560000
42 0.520000
42 0.560000
42 0.530000
42 0.520000
42 0.560000
42 0.530000
42 0.550000
42 0.560000
42 0.490000
42 0.530000
42 0.550000
42 0.530000
42 0.540000
42 0.530000
42 0.560000
42 0.530000
42 0.510000
42 0.550000
42 0.470000
42 0.530000
42 0.570000
42 0.560000
42 0.510000
42 0.530000
42 0.550000
42 0.530000
42 0.550000
42 0.560000
42 0.520000
42 0.570000
42 0.580000
42 0.550000
42 0.560000
42 0.500000
42 0.550000
42 0.630000
42 0.550000
42 0.590000
42 0.520000
42 0.540000
42 0.570000
42 0.560000
42 0.550000
42 0.530000
42 0.560000
42 0.530000
42 0.520000
42 0.510000
42 0.520000
42 0.550000
42 0.550000
42 0.490000
42 0.520000
42 0.490000
42 0.520000
42 0.530000
42 0.530000
42 0.590000
42 0.500000
42 0.560000
42 0.480000
42 0.550000
42 0.560000
42 0.510000
42 0.550000
42 0.590000
42 0.500000
42 0.590000
42 0.490000
42 0.570000
42 0.550000
42 0.570000
42 0.570000
