#n running-time
35 0.520000
36 0.520000
36 0.460000
36 0.500000
36 0.470000
36 0.500000
37 0.450000
37 0.490000
37 0.520000
37 0.470000
37 0.500000
37 0.500000
37 0.470000
37 0.530000
37 0.560000
37 0.520000
37 0.470000
37 0.430000
37 0.480000
37 0.540000
37 0.540000
37 0.470000
37 0.500000
37 0.500000
37 0.550000
37 0.520000
37 0.500000
37 0.470000
37 0.500000
37 0.480000
37 0.480000
37 0.500000
38 0.490000
38 0.480000
38 0.500000
38 0.460000
38 0.500000
38 0.500000
38 0.500000
38 0.480000
38 0.510000
38 0.450000
38 0.510000
38 0.500000
38 0.450000
38 0.520000
38 0.500000
38 0.500000
38 0.480000
38 0.490000
38 0.500000
38 0.500000
38 0.490000
38 0.460000
38 0.480000
38 0.440000
38 0.480000
38 0.580000
38 0.470000
38 0.500000
38 0.480000
38 0.470000
38 0.530000
38 0.470000
38 0.540000
38 0.530000
38 0.480000
38 0.470000
38 0.500000
38 0.490000
38 0.460000
38 0.530000
38 0.500000
38 0.460000
38 0.470000
38 0.510000
38 0.490000
38 0.550000
38 0.480000
38 0.460000
38 0.520000
38 0.550000
38 0.540000
38 0.490000
38 0.520000
38 0.440000
38 0.470000
38 0.490000
38 0.500000
38 0.500000
38 0.490000
38 0.500000
38 0.520000
38 0.520000
38 0.480000
38 0.500000
38 0.510000
38 0.520000
38 0.520000
38 0.460000
38 0.460000
38 0.510000
38 0.590000
38 0.540000
38 0.460000
38 0.480000
38 0.470000
38 0.490000
38 0.480000
38 0.490000
38 0.550000
38 0.500000
38 0.490000
38 0.470000
38 0.480000
38 0.510000
38 0.490000
39 0.490000
39 0.540000
39 0.490000
39 0.480000
39 0.520000
39 0.490000
39 0.520000
39 0.450000
39 0.500000
39 0.480000
39 0.510000
39 0.510000
39 0.490000
39 0.520000
39 0.500000
39 0.470000
39 0.510000
39 0.510000
39 0.540000
39 0.480000
39 0.490000
39 0.500000
39 0.500000
39 0.510000
39 0.470000
39 0.520000
39 0.470000
39 0.500000
39 0.470000
39 0.550000
39 0.530000
39 0.480000
39 0.540000
39 0.460000
39 0.500000
39 0.500000
39 0.480000
39 0.480000
39 0.480000
39 0.460000
39 0.510000
39 0.470000
39 0.490000
39 0.490000
39 0.500000
39 0.510000
39 0.440000
39 0.490000
39 0.520000
39 0.480000
39 0.490000
39 0.480000
39 0.490000
39 0.550000
39 0.500000
39 0.550000
39 0.530000
39 0.470000
39 0.530000
39 0.620000
39 0.520000
39 0.510000
39 0.510000
39 0.540000
39 0.520000
39 0.460000
39 0.490000
39 0.500000
39 0.490000
39 0.490000
39 0.480000
39 0.520000
39 0.550000
39 0.490000
39 0.460000
39 0.500000
39 0.520000
39 0.500000
39 0.510000
39 0.500000
39 0.500000
39 0.520000
39 0.500000
39 0.570000
39 0.490000
39 0.510000
39 0.480000
39 0.500000
39 0.510000
39 0.490000
39 0.470000
39 0.490000
39 0.450000
39 0.510000
39 0.470000
39 0.490000
39 0.510000
39 0.430000
39 0.490000
39 0.470000
39 0.490000
39 0.510000
39 0.540000
39 0.480000
39 0.570000
39 0.550000
39 0.480000
39 0.510000
39 0.490000
39 0.510000
39 0.500000
39 0.500000
39 0.480000
39 0.500000
39 0.510000
39 0.520000
39 0.550000
39 0.570000
39 0.480000
39 0.510000
39 0.470000
39 0.480000
39 0.480000
39 0.470000
39 0.460000
39 0.480000
39 0.520000
39 0.500000
39 3.570000
39 0.520000
39 0.490000
39 0.470000
39 0.500000
39 0.470000
39 0.470000
39 0.510000
39 0.470000
39 0.480000
39 0.460000
39 0.510000
39 0.460000
39 0.460000
39 0.560000
39 0.500000
39 0.500000
39 0.480000
39 0.510000
39 0.510000
39 0.490000
39 0.590000
39 0.520000
39 0.550000
39 0.530000
39 0.480000
39 0.520000
39 0.500000
39 6.270000
39 0.480000
39 0.550000
39 0.510000
39 0.530000
39 0.480000
39 0.430000
39 0.500000
39 0.520000
39 0.480000
39 0.490000
39 0.540000
39 0.510000
39 0.480000
39 0.500000
39 0.480000
39 0.510000
39 0.500000
39 0.510000
39 0.450000
39 0.890000
39 0.500000
39 0.540000
39 0.510000
39 0.490000
39 0.490000
39 0.510000
39 0.500000
39 0.530000
39 0.520000
39 0.460000
39 0.480000
39 0.530000
39 0.480000
39 0.520000
39 0.500000
39 0.480000
39 0.500000
39 0.500000
39 0.490000
40 0.490000
40 0.480000
40 0.530000
40 0.500000
40 0.520000
40 0.530000
40 0.470000
40 0.500000
40 0.500000
40 0.490000
40 0.500000
40 0.550000
40 0.490000
40 0.490000
40 0.630000
40 0.510000
40 0.520000
40 0.510000
40 0.500000
40 0.470000
40 0.520000
40 0.500000
40 0.540000
40 0.450000
40 0.540000
40 0.510000
40 0.480000
40 0.500000
40 0.510000
40 0.490000
40 0.540000
40 0.530000
40 0.500000
40 0.500000
40 0.500000
40 0.490000
40 0.440000
40 0.560000
40 0.480000
40 0.490000
40 0.540000
40 0.510000
40 0.500000
40 0.510000
40 0.450000
40 0.500000
40 0.510000
40 0.470000
40 0.480000
40 0.530000
40 0.510000
40 0.490000
40 0.530000
40 0.500000
40 0.510000
40 0.450000
40 0.460000
40 0.500000
40 0.490000
40 0.500000
40 0.540000
40 0.490000
40 0.460000
40 0.480000
40 0.480000
40 0.440000
40 0.470000
40 0.500000
40 0.510000
40 0.490000
40 0.500000
40 0.500000
40 0.470000
40 0.480000
40 0.550000
40 0.490000
40 0.490000
40 0.510000
40 0.520000
40 0.530000
40 0.520000
40 0.530000
40 0.520000
40 0.510000
40 0.490000
40 0.490000
40 0.520000
40 0.510000
40 0.530000
40 0.510000
40 0.490000
40 0.500000
40 0.530000
40 0.490000
40 0.560000
40 0.500000
40 0.470000
40 0.500000
40 0.520000
40 0.500000
40 0.510000
40 0.500000
40 0.460000
40 0.480000
40 0.490000
40 0.510000
40 0.480000
40 0.490000
40 0.450000
40 0.520000
40 0.510000
40 0.460000
40 0.480000
40 0.500000
40 0.580000
40 0.540000
40 0.470000
40 0.490000
40 0.510000
40 0.510000
40 0.490000
40 0.470000
40 0.540000
40 0.460000
40 0.510000
40 0.490000
40 0.480000
40 0.470000
40 0.500000
40 0.480000
40 0.500000
40 0.560000
40 0.550000
40 0.470000
40 0.490000
40 0.520000
40 0.510000
40 0.550000
40 0.490000
40 0.500000
40 0.550000
40 0.480000
40 0.540000
40 0.510000
40 0.490000
40 0.470000
40 0.590000
40 0.490000
40 0.480000
40 0.500000
40 0.480000
40 0.510000
40 0.470000
40 0.480000
40 0.510000
40 0.500000
40 0.510000
40 0.490000
40 0.480000
40 0.510000
40 0.510000
40 0.500000
40 0.490000
40 0.490000
40 0.480000
40 0.470000
40 0.520000
40 0.490000
40 0.500000
40 0.510000
40 0.480000
40 0.500000
40 0.510000
40 0.470000
40 0.510000
40 0.500000
40 0.500000
40 0.510000
40 0.530000
40 0.510000
40 0.560000
40 0.490000
40 0.490000
40 0.450000
40 0.500000
40 0.490000
40 0.480000
40 0.450000
40 0.510000
40 0.470000
40 0.510000
40 0.520000
40 0.500000
40 0.510000
40 0.480000
40 0.480000
40 0.480000
40 0.520000
40 0.570000
40 0.500000
40 0.490000
40 0.540000
40 0.500000
40 0.490000
40 0.550000
40 0.520000
40 0.440000
40 0.510000
40 0.480000
40 0.510000
40 0.490000
40 0.530000
40 0.490000
40 0.490000
40 0.490000
40 0.470000
40 0.480000
40 0.510000
40 0.480000
40 0.480000
40 0.490000
40 0.520000
40 0.490000
40 0.460000
40 0.440000
40 0.500000
40 0.470000
40 0.490000
40 0.530000
40 0.510000
40 0.560000
40 0.490000
40 0.500000
40 0.500000
40 0.540000
40 0.480000
40 0.530000
40 0.440000
40 0.510000
40 0.520000
40 0.480000
40 0.450000
40 0.490000
40 0.500000
40 0.510000
40 0.500000
40 0.580000
40 0.540000
40 0.520000
40 0.510000
40 0.490000
40 0.640000
40 0.560000
40 0.570000
40 0.510000
40 0.510000
40 0.520000
40 0.520000
40 0.480000
40 0.500000
40 0.500000
40 0.510000
40 0.520000
40 0.530000
40 0.470000
40 0.550000
40 0.480000
40 0.670000
40 0.610000
40 0.480000
40 0.570000
40 0.480000
40 0.490000
40 0.570000
40 0.530000
40 0.470000
40 0.470000
40 0.520000
40 0.490000
40 0.460000
40 0.470000
40 0.520000
40 0.520000
40 0.470000
40 0.500000
40 0.520000
40 0.450000
40 0.500000
40 0.510000
40 0.500000
40 0.500000
40 0.540000
40 0.460000
40 0.460000
40 0.510000
40 0.460000
40 0.470000
40 0.450000
40 0.490000
40 0.520000
40 0.430000
40 0.510000
40 0.550000
40 0.490000
40 0.450000
40 0.450000
40 0.530000
40 0.500000
40 0.490000
40 0.510000
40 0.500000
40 0.510000
40 0.490000
40 0.440000
40 0.430000
40 0.470000
40 0.470000
40 0.490000
40 0.470000
40 0.500000
40 0.550000
40 0.500000
40 1.570000
40 0.480000
40 0.460000
40 0.510000
40 0.520000
40 0.460000
40 0.500000
40 0.510000
40 0.520000
40 0.500000
40 0.510000
40 0.490000
40 0.530000
41 0.540000
41 0.540000
41 0.490000
41 0.510000
41 0.580000
41 0.510000
41 0.480000
41 0.460000
41 0.460000
41 0.470000
41 0.440000
41 0.480000
41 0.500000
41 0.480000
41 0.500000
41 0.520000
41 0.510000
41 0.490000
41 0.500000
41 0.480000
41 0.500000
41 0.480000
41 0.500000
41 0.530000
41 0.560000
41 0.500000
41 0.540000
41 0.480000
41 0.500000
41 0.500000
41 0.490000
41 0.520000
41 0.520000
41 0.510000
41 0.490000
41 0.490000
41 0.460000
41 0.570000
41 0.450000
41 0.470000
41 0.470000
41 0.520000
41 0.590000
41 0.480000
41 0.510000
41 0.520000
41 0.500000
41 0.470000
41 0.490000
41 0.570000
41 0.510000
41 0.530000
41 0.510000
41 0.450000
41 0.520000
41 0.500000
41 0.570000
41 0.490000
41 0.560000
41 0.530000
41 0.440000
41 0.550000
41 0.560000
41 0.500000
41 0.470000
41 0.480000
41 0.490000
41 0.520000
41 0.480000
41 0.490000
41 0.510000
41 0.510000
41 0.480000
41 0.520000
41 0.490000
41 0.450000
41 0.520000
41 0.510000
41 0.510000
41 0.500000
41 0.470000
41 0.480000
41 0.520000
41 0.490000
41 0.460000
41 0.510000
41 0.510000
41 0.530000
41 0.500000
41 0.460000
41 0.510000
41 0.460000
41 0.490000
41 0.470000
41 0.510000
41 0.470000
41 0.500000
41 0.540000
41 0.500000
41 0.500000
41 0.470000
41 0.530000
41 0.530000
41 0.500000
41 0.470000
41 0.490000
41 0.500000
41 0.480000
41 0.480000
41 0.510000
41 0.460000
41 0.530000
41 0.500000
41 0.460000
41 0.530000
41 0.470000
41 0.500000
41 0.470000
41 0.510000
41 0.520000
41 0.510000
41 0.510000
41 0.510000
41 0.560000
41 0.510000
41 0.500000
41 0.490000
41 0.490000
41 0.510000
41 0.500000
41 0.530000
41 0.480000
41 0.470000
41 0.470000
41 0.510000
41 0.490000
41 0.470000
41 0.470000
41 0.490000
41 0.510000
41 0.510000
41 0.470000
41 0.490000
41 0.490000
41 0.490000
41 0.450000
41 0.560000
41 0.500000
41 0.500000
41 0.610000
41 0.550000
41 0.510000
41 0.520000
41 0.480000
41 0.490000
41 0.550000
41 0.510000
41 0.500000
41 4.770000
41 4.280000
41 0.560000
41 0.470000
41 0.480000
41 0.510000
41 0.520000
41 0.520000
41 0.510000
41 0.500000
41 0.510000
41 0.450000
41 0.500000
41 0.500000
41 0.520000
41 0.490000
41 0.500000
41 0.510000
41 0.520000
41 0.510000
41 0.490000
41 0.520000
41 0.490000
41 0.480000
41 0.480000
41 0.460000
41 0.480000
41 0.490000
41 0.520000
41 0.520000
41 0.550000
41 0.520000
41 0.450000
41 0.570000
41 0.500000
41 0.510000
41 0.500000
41 0.550000
41 0.510000
41 0.510000
41 0.630000
41 0.480000
41 0.520000
41 0.510000
41 0.510000
41 0.470000
41 0.490000
41 0.460000
41 0.460000
41 0.500000
41 0.470000
41 0.510000
41 0.490000
41 0.500000
41 0.540000
41 0.470000
41 0.550000
41 0.440000
41 0.500000
41 0.490000
41 0.510000
41 0.510000
41 0.520000
41 0.500000
41 0.510000
41 0.450000
41 0.510000
41 0.610000
41 0.540000
41 0.490000
41 0.520000
41 0.550000
41 0.530000
41 0.580000
41 0.500000
41 0.550000
41 0.510000
41 0.530000
41 0.500000
41 0.500000
41 0.450000
41 0.520000
41 0.450000
41 0.490000
41 0.470000
41 0.500000
41 0.450000
41 0.500000
41 0.460000
41 0.500000
41 0.530000
41 0.490000
41 0.470000
41 0.520000
41 0.500000
41 0.500000
41 0.470000
41 0.510000
41 0.550000
41 0.550000
41 0.510000
41 0.510000
41 0.500000
41 0.460000
41 0.480000
41 0.510000
41 0.480000
41 0.490000
41 0.490000
41 0.490000
41 0.520000
41 0.520000
41 0.480000
41 0.490000
41 0.560000
41 0.470000
41 0.510000
41 0.510000
41 0.500000
41 0.490000
41 0.470000
41 0.450000
41 0.530000
41 0.500000
41 0.490000
41 0.500000
41 0.500000
41 0.480000
41 0.480000
41 0.510000
41 0.480000
41 0.500000
41 0.510000
41 0.530000
41 0.490000
41 0.500000
41 0.540000
41 0.510000
41 0.460000
41 0.560000
41 0.620000
41 0.490000
41 0.560000
41 0.480000
41 0.510000
41 0.520000
41 0.550000
41 0.480000
41 0.480000
41 0.620000
41 0.500000
41 0.530000
41 0.490000
41 0.490000
41 0.470000
41 0.510000
41 0.500000
41 0.510000
41 0.480000
41 0.470000
41 0.470000
41 0.460000
41 0.500000
41 0.460000
41 0.510000
41 0.520000
41 0.540000
41 0.430000
41 0.490000
41 0.480000
41 0.510000
41 0.500000
41 0.460000
41 0.500000
41 0.510000
41 0.470000
41 0.490000
41 0.500000
41 0.490000
41 0.490000
41 0.440000
41 0.480000
41 0.460000
41 0.500000
41 0.490000
41 0.510000
41 0.500000
41 0.470000
41 0.470000
41 0.460000
41 0.520000
41 0.480000
41 0.500000
41 0.510000
41 0.510000
41 0.500000
41 0.510000
41 0.490000
41 0.480000
41 0.520000
41 0.620000
41 0.490000
41 0.510000
41 0.450000
41 0.500000
41 0.520000
41 0.520000
41 0.520000
41 0.490000
41 0.480000
41 0.450000
41 0.500000
41 0.530000
41 0.510000
41 0.480000
41 0.510000
41 0.480000
41 0.470000
41 0.510000
41 0.500000
41 0.530000
41 0.500000
41 0.460000
41 0.510000
41 0.460000
41 0.510000
41 0.520000
41 0.440000
41 0.490000
41 0.510000
41 0.520000
41 0.510000
41 0.470000
41 0.510000
41 0.500000
41 0.480000
41 0.500000
41 0.500000
41 0.520000
41 0.680000
41 0.480000
41 0.440000
41 0.520000
41 0.470000
41 0.510000
41 0.490000
41 0.550000
41 0.480000
41 0.480000
41 0.510000
41 0.500000
41 0.520000
41 0.490000
41 0.480000
41 0.510000
41 0.500000
42 0.510000
42 0.490000
42 0.480000
42 0.490000
42 0.480000
42 0.490000
42 0.500000
42 0.570000
42 0.490000
42 0.480000
42 0.490000
42 0.480000
42 0.550000
42 0.470000
42 0.520000
42 0.510000
42 0.500000
42 0.470000
42 0.490000
42 0.470000
42 0.470000
42 0.510000
42 0.470000
42 0.500000
42 0.500000
42 0.530000
42 0.490000
42 0.460000
42 0.530000
42 0.490000
42 0.490000
42 0.490000
42 0.520000
42 0.530000
42 0.520000
42 0.490000
42 0.480000
42 0.530000
42 0.500000
42 0.500000
42 0.500000
42 0.500000
42 0.500000
42 0.540000
42 0.580000
42 0.480000
42 0.480000
42 0.490000
42 0.530000
42 0.510000
42 0.470000
42 0.510000
42 0.510000
42 0.530000
42 0.470000
42 0.530000
42 0.490000
42 0.480000
42 0.540000
42 0.490000
42 0.500000
42 0.480000
42 0.480000
42 0.490000
42 0.510000
42 0.520000
42 0.520000
42 0.500000
42 0.440000
42 0.500000
42 0.520000
42 0.560000
42 0.500000
42 0.500000
42 0.480000
42 0.530000
42 0.500000
42 0.540000
42 0.480000
42 0.520000
42 0.510000
42 0.500000
42 0.500000
42 0.490000
42 0.510000
42 0.490000
42 0.450000
42 0.460000
42 0.510000
42 0.500000
42 0.500000
42 0.510000
42 0.530000
42 0.560000
42 0.520000
42 0.450000
42 0.540000
42 0.500000
42 0.470000
42 0.500000
42 0.510000
42 0.500000
42 0.490000
42 0.510000
42 0.480000
42 0.490000
42 0.500000
42 0.490000
42 0.500000
42 0.440000
42 0.530000
42 0.490000
42 0.450000
42 0.500000
42 0.470000
42 0.470000
42 0.540000
42 0.490000
42 0.500000
42 0.530000
42 0.490000
42 0.490000
42 0.490000
42 0.470000
42 0.500000
42 0.540000
42 0.470000
42 0.460000
42 0.490000
42 0.490000
42 0.480000
42 0.510000
42 0.500000
42 0.480000
42 0.540000
42 0.470000
42 0.520000
42 0.520000
42 0.580000
42 0.510000
42 0.490000
42 0.520000
42 0.520000
42 0.490000
42 0.480000
42 0.530000
42 0.520000
42 0.490000
42 0.500000
42 0.510000
42 0.520000
42 0.490000
42 0.430000
42 0.500000
42 0.490000
42 0.520000
42 0.530000
42 0.470000
42 0.460000
42 0.460000
42 0.510000
42 0.520000
42 0.490000
42 0.510000
42 0.530000
42 0.480000
42 0.540000
42 0.500000
42 0.490000
42 0.490000
42 0.500000
42 0.500000
42 0.520000
42 0.510000
42 0.480000
42 0.470000
42 0.480000
42 0.510000
42 0.530000
42 0.520000
42 0.510000
42 0.490000
42 0.470000
42 0.480000
42 0.520000
42 0.480000
42 0.470000
42 0.520000
42 0.480000
42 0.490000
42 0.500000
42 0.520000
42 0.500000
42 0.480000
42 0.510000
42 0.500000
42 0.520000
42 0.490000
42 0.500000
42 0.510000
42 0.500000
42 0.500000
42 0.500000
42 0.510000
42 0.490000
42 0.530000
42 0.510000
42 0.520000
42 0.550000
42 0.490000
42 0.530000
42 0.530000
42 0.540000
42 0.500000
42 0.440000
42 0.520000
42 0.530000
42 0.520000
42 0.470000
42 0.500000
42 0.510000
42 0.490000
42 0.470000
42 0.500000
42 0.480000
42 0.460000
42 0.530000
42 0.500000
42 0.530000
42 0.500000
42 0.450000
42 0.510000
42 0.520000
42 0.490000
42 0.510000
42 0.490000
42 0.470000
42 0.490000
42 0.500000
42 0.470000
42 0.610000
42 0.490000
42 0.500000
42 0.470000
42 0.500000
42 0.560000
42 0.590000
42 0.450000
42 0.500000
42 0.470000
42 0.460000
42 0.510000
42 0.430000
42 0.560000
42 0.520000
42 0.480000
42 0.520000
42 0.470000
42 0.470000
42 0.490000
42 0.490000
42 0.490000
42 0.520000
42 0.480000
42 0.490000
42 0.440000
42 0.480000
42 0.470000
42 0.470000
42 0.480000
42 0.470000
42 0.520000
42 0.500000
42 0.480000
42 0.500000
42 0.460000
42 0.540000
42 0.510000
42 0.510000
42 0.490000
42 0.500000
42 0.490000
42 0.460000
42 0.470000
42 0.510000
42 0.500000
42 0.490000
42 0.500000
42 0.480000
42 0.500000
42 0.500000
42 0.710000
42 0.510000
42 0.480000
42 0.450000
42 0.540000
42 0.500000
42 0.500000
42 0.470000
42 0.500000
42 0.530000
42 0.520000
42 0.500000
42 0.480000
42 0.500000
42 0.460000
42 0.450000
42 0.480000
42 0.480000
42 0.450000
42 0.490000
42 0.500000
42 0.510000
42 0.460000
42 0.470000
42 0.450000
42 0.540000
42 0.500000
42 0.450000
42 0.490000
42 0.490000
42 0.510000
42 0.550000
42 0.450000
42 0.480000
42 0.430000
42 0.490000
42 0.500000
42 0.450000
42 0.530000
42 0.550000
42 0.510000
42 0.480000
42 0.500000
42 0.530000
42 0.530000
42 0.460000
42 0.520000
42 0.520000
42 0.540000
42 0.490000
42 0.520000
42 0.500000
42 0.440000
42 0.490000
42 0.510000
42 0.540000
42 0.490000
42 0.510000
42 0.500000
42 0.500000
42 0.480000
42 0.480000
42 0.500000
42 0.490000
42 0.490000
42 0.530000
42 0.480000
42 0.520000
42 0.520000
42 0.470000
42 0.500000
42 0.510000
42 0.490000
42 0.430000
42 0.500000
42 0.490000
42 0.580000
42 0.490000
42 0.490000
42 0.510000
42 0.500000
42 0.510000
42 0.460000
42 0.500000
42 0.500000
42 0.500000
42 0.470000
42 0.520000
42 0.510000
42 0.470000
42 0.440000
42 0.540000
42 0.470000
42 0.500000
42 0.530000
42 0.490000
42 0.490000
42 0.520000
42 0.500000
42 0.470000
42 0.530000
42 0.480000
42 0.490000
42 0.520000
42 0.480000
42 0.510000
42 0.500000
42 0.470000
42 0.550000
42 0.510000
42 0.500000
42 0.530000
42 0.500000
42 0.470000
42 0.480000
42 0.520000
42 0.490000
42 0.470000
42 0.540000
42 0.490000
42 0.530000
42 0.480000
42 0.440000
42 0.470000
42 0.510000
42 0.480000
42 0.430000
42 0.490000
42 0.500000
42 0.510000
42 0.470000
42 0.520000
42 0.480000
42 0.480000
42 0.540000
42 0.500000
42 0.510000
42 0.510000
42 0.500000
42 0.520000
42 0.510000
42 0.560000
42 0.490000
42 0.480000
42 0.510000
42 0.490000
42 0.440000
42 0.490000
42 0.480000
42 0.500000
42 0.490000
42 0.500000
42 0.480000
42 0.500000
42 0.470000
42 0.500000
42 0.520000
42 0.490000
42 0.610000
42 0.480000
42 0.530000
42 0.470000
42 0.530000
42 0.530000
42 0.450000
42 0.440000
42 0.550000
42 0.510000
42 0.540000
42 0.500000
42 0.440000
42 0.490000
42 0.610000
42 0.530000
42 0.490000
42 0.500000
42 0.470000
42 0.510000
42 0.500000
42 0.520000
42 0.510000
42 0.530000
42 0.470000
42 0.490000
42 0.520000
42 0.510000
42 0.480000
42 0.520000
42 0.490000
42 0.500000
42 0.470000
42 0.480000
42 0.970000
42 0.520000
42 0.460000
42 0.530000
42 0.480000
42 0.500000
42 0.460000
42 0.490000
42 0.510000
42 0.510000
42 0.510000
42 0.510000
42 0.520000
42 0.500000
42 0.510000
42 0.500000
42 0.480000
42 0.500000
42 0.480000
42 0.500000
42 0.510000
42 0.490000
42 0.490000
42 0.510000
42 0.480000
42 0.510000
42 0.500000
42 0.460000
42 0.490000
42 0.500000
42 0.530000
42 0.550000
42 0.480000
42 0.480000
42 0.470000
42 0.520000
42 0.480000
42 0.500000
42 0.480000
42 0.530000
42 0.470000
42 0.530000
42 0.510000
42 0.460000
42 0.510000
42 0.500000
42 0.490000
42 0.480000
42 0.490000
42 0.490000
42 0.480000
42 0.480000
42 0.450000
42 0.520000
42 0.490000
42 0.550000
42 0.470000
42 0.480000
42 0.490000
42 0.520000
42 0.480000
42 0.470000
42 0.490000
42 0.470000
42 0.510000
42 0.510000
42 0.500000
42 0.500000
42 0.500000
42 0.470000
42 0.520000
42 0.460000
42 0.490000
42 0.480000
42 0.510000
42 0.560000
