#n running-time
19 0.550000
19 0.510000
19 0.560000
19 0.920000
19 0.510000
20 1.030000
20 0.640000
20 0.710000
20 0.710000
20 0.760000
20 0.560000
20 0.710000
20 0.740000
20 0.920000
20 0.990000
20 0.640000
20 0.640000
21 0.750000
21 1.290000
21 0.730000
21 0.910000
21 0.780000
21 0.870000
21 0.570000
21 0.530000
21 0.680000
21 0.820000
21 0.570000
21 0.660000
21 1.060000
21 0.590000
21 1.130000
21 1.400000
21 1.600000
21 0.670000
21 0.600000
21 1.140000
21 0.710000
21 0.570000
21 0.700000
21 7.110000
21 0.800000
21 1.100000
21 0.540000
21 0.830000
21 0.880000
21 0.760000
21 1.290000
21 0.640000
21 0.490000
21 0.620000
21 1.020000
21 0.820000
21 0.670000
21 0.510000
21 0.650000
21 0.920000
21 0.790000
21 0.890000
21 1.090000
21 0.690000
22 1.040000
22 0.700000
22 0.870000
22 0.530000
22 0.700000
22 1.060000
22 1.090000
22 1.170000
22 0.650000
22 1.070000
22 0.640000
22 0.520000
22 0.660000
22 0.730000
22 0.710000
22 0.800000
22 1.170000
22 0.870000
22 0.910000
22 0.750000
22 0.710000
22 0.830000
22 0.770000
22 0.830000
22 0.920000
22 1.830000
22 0.810000
22 0.690000
22 1.190000
22 0.630000
22 0.740000
22 0.660000
22 0.610000
22 1.110000
22 0.980000
22 0.570000
22 0.900000
22 0.630000
22 1.220000
22 0.630000
22 0.770000
22 1.080000
22 0.860000
22 0.880000
22 0.700000
22 0.710000
22 0.640000
22 1.140000
22 0.820000
22 0.710000
22 0.980000
22 0.690000
22 0.830000
22 0.690000
22 0.810000
22 0.530000
22 0.770000
22 0.870000
22 0.980000
22 0.900000
22 0.780000
22 0.800000
22 0.810000
22 1.310000
22 0.580000
22 0.670000
22 0.910000
22 0.950000
22 1.020000
22 2.360000
22 0.620000
22 0.840000
22 0.560000
22 1.260000
22 0.760000
22 1.040000
22 1.160000
22 1.180000
22 0.930000
22 1.010000
22 1.690000
22 0.670000
22 0.810000
22 0.880000
22 0.780000
22 0.950000
22 0.640000
22 0.760000
22 0.780000
22 0.710000
22 1.010000
22 1.010000
22 0.730000
22 0.730000
22 2.370000
22 0.650000
22 1.350000
22 0.990000
22 0.990000
22 0.660000
22 0.840000
22 0.900000
22 1.230000
22 0.960000
22 0.830000
22 0.730000
22 0.470000
22 1.080000
22 0.730000
23 0.900000
23 3.770000
23 0.600000
23 2.300000
23 1.040000
23 1.440000
23 0.920000
23 2.240000
23 0.920000
23 1.770000
23 0.760000
23 0.530000
23 0.770000
23 0.850000
23 1.030000
23 1.210000
23 1.010000
23 0.750000
23 1.340000
23 1.250000
23 0.860000
23 1.060000
23 1.350000
23 1.120000
23 1.490000
23 0.960000
23 2.140000
23 1.720000
23 0.950000
23 1.800000
23 0.690000
23 1.360000
23 1.050000
23 1.090000
23 1.460000
23 1.260000
23 5.630000
23 1.050000
23 1.620000
23 0.830000
23 0.790000
23 0.820000
23 0.640000
23 1.050000
23 1.150000
23 2.470000
23 1.060000
23 0.750000
23 1.330000
23 0.810000
23 1.730000
23 1.470000
23 0.760000
23 0.660000
23 0.620000
23 0.980000
23 4.460000
23 1.300000
23 0.940000
23 1.160000
23 1.800000
23 1.200000
23 1.790000
23 0.810000
23 1.360000
23 0.830000
23 1.680000
23 1.130000
23 0.570000
23 1.870000
23 1.320000
23 0.830000
23 1.240000
23 1.000000
23 1.250000
23 0.610000
23 0.730000
23 0.790000
23 0.980000
23 0.970000
23 0.900000
23 0.990000
23 0.960000
23 0.760000
23 0.740000
23 1.140000
23 1.760000
23 0.540000
23 1.410000
23 1.740000
23 0.890000
23 2.310000
23 0.940000
23 0.830000
23 1.200000
23 0.760000
23 0.560000
23 1.190000
23 1.030000
23 0.650000
23 0.680000
23 0.760000
23 1.560000
23 1.190000
23 1.010000
23 1.260000
23 0.860000
23 1.330000
23 0.930000
23 0.960000
23 1.130000
23 1.510000
23 0.750000
23 1.240000
23 1.220000
23 0.840000
23 0.630000
23 0.780000
23 1.240000
23 0.750000
23 0.710000
23 1.360000
23 0.940000
23 0.600000
23 0.610000
23 1.610000
23 1.170000
23 0.900000
23 0.830000
23 1.980000
23 1.120000
23 0.670000
23 1.090000
23 0.890000
23 1.810000
23 1.880000
23 1.200000
23 0.660000
23 0.930000
23 1.120000
23 0.810000
23 0.580000
23 0.940000
23 0.720000
23 0.870000
23 1.180000
23 1.230000
23 1.740000
23 1.930000
23 2.280000
23 1.050000
23 0.980000
23 1.740000
23 1.130000
23 2.020000
23 1.120000
23 0.820000
23 1.260000
23 0.650000
23 1.030000
23 0.680000
23 1.080000
23 0.780000
23 1.320000
23 0.880000
23 1.270000
23 1.710000
23 1.180000
23 1.000000
23 1.120000
23 0.800000
23 0.810000
23 1.240000
23 1.100000
23 1.050000
23 1.710000
23 0.910000
23 1.370000
23 0.800000
23 1.180000
23 0.700000
23 1.040000
23 0.890000
23 1.010000
23 1.020000
23 0.990000
23 1.180000
23 1.300000
23 0.830000
23 1.320000
23 1.120000
23 1.810000
23 0.650000
23 0.820000
23 0.830000
23 0.890000
24 1.220000
24 2.200000
24 1.460000
24 0.820000
24 2.130000
24 2.360000
24 1.840000
24 1.470000
24 0.750000
24 1.540000
24 1.070000
24 3.070000
24 1.550000
24 1.030000
24 1.290000
24 1.120000
24 1.300000
24 1.000000
24 0.940000
24 1.230000
24 1.230000
24 1.410000
24 1.620000
24 0.860000
24 1.490000
24 1.070000
24 3.490000
24 1.210000
24 1.190000
24 1.540000
24 0.670000
24 0.970000
24 1.750000
24 0.700000
24 0.650000
24 1.750000
24 0.910000
24 1.020000
24 1.010000
24 1.140000
24 0.950000
24 1.940000
24 2.250000
24 0.920000
24 2.150000
24 0.950000
24 1.820000
24 1.340000
24 1.990000
24 0.860000
24 2.590000
24 1.210000
24 1.090000
24 2.590000
24 1.550000
24 1.790000
24 1.990000
24 1.510000
24 1.360000
24 1.270000
24 0.960000
24 2.410000
24 0.720000
24 1.770000
24 2.040000
24 0.830000
24 1.130000
24 1.810000
24 2.160000
24 0.930000
24 1.540000
24 1.390000
24 1.240000
24 0.980000
24 2.130000
24 2.390000
24 2.000000
24 1.070000
24 0.940000
24 1.630000
24 1.300000
24 0.730000
24 1.590000
24 1.360000
24 1.230000
24 1.460000
24 1.100000
24 2.120000
24 0.850000
24 1.100000
24 1.360000
24 1.150000
24 1.530000
24 1.170000
24 0.910000
24 1.640000
24 1.330000
24 1.610000
24 1.390000
24 1.040000
24 1.910000
24 1.290000
24 1.190000
24 0.890000
24 1.120000
24 1.060000
24 1.530000
24 1.370000
24 0.840000
24 1.190000
24 0.900000
24 1.450000
24 0.850000
24 1.530000
24 3.900000
24 0.790000
24 1.130000
24 2.500000
24 1.830000
24 1.070000
24 1.310000
24 2.720000
24 1.330000
24 1.800000
24 2.040000
24 2.020000
24 1.150000
24 1.010000
24 1.340000
24 0.890000
24 1.810000
24 0.760000
24 3.370000
24 0.960000
24 1.730000
24 3.130000
24 1.530000
24 0.900000
24 1.960000
24 2.230000
24 1.560000
24 1.110000
24 1.400000
24 1.360000
24 0.820000
24 1.760000
24 0.860000
24 1.160000
24 1.820000
24 1.060000
24 1.330000
24 0.680000
24 1.250000
24 1.470000
24 1.990000
24 0.970000
24 2.150000
24 1.210000
24 6.550000
24 1.480000
24 2.040000
24 2.160000
24 1.330000
24 1.400000
24 1.030000
24 1.330000
24 1.000000
24 1.170000
24 1.040000
24 1.540000
24 0.830000
24 1.270000
24 1.090000
24 1.490000
24 0.720000
24 1.960000
24 0.890000
24 1.230000
24 1.700000
24 0.910000
24 1.440000
24 0.800000
24 2.360000
24 0.780000
24 1.260000
24 1.370000
24 2.790000
24 1.190000
24 0.830000
24 1.100000
24 0.880000
24 1.790000
24 0.990000
24 0.910000
24 0.890000
24 1.640000
24 1.160000
24 0.830000
24 1.400000
24 0.850000
24 1.570000
24 1.040000
24 0.940000
24 1.140000
24 1.260000
24 1.720000
24 1.110000
24 1.010000
24 2.320000
24 1.140000
24 1.030000
24 0.950000
24 2.730000
24 0.580000
24 0.720000
24 1.010000
24 2.490000
24 1.750000
24 3.740000
24 1.080000
24 0.990000
24 1.860000
24 1.140000
24 5.590000
24 1.270000
24 1.570000
24 0.810000
24 1.710000
24 1.080000
24 1.170000
24 2.190000
24 1.160000
24 1.130000
24 1.370000
24 1.180000
24 1.330000
24 1.040000
24 0.970000
24 0.880000
24 0.770000
24 0.890000
24 1.140000
24 0.690000
24 0.880000
24 2.250000
24 1.450000
24 2.210000
24 1.560000
24 0.850000
24 1.190000
24 1.340000
24 0.860000
24 2.140000
24 2.440000
24 0.610000
24 1.290000
24 1.070000
24 1.370000
24 1.830000
24 0.950000
24 1.200000
24 1.580000
24 1.410000
24 0.990000
24 1.250000
24 0.790000
24 0.630000
24 1.330000
24 1.120000
24 1.010000
24 0.790000
24 1.170000
24 2.230000
24 0.940000
24 1.360000
24 1.100000
24 0.840000
24 1.100000
24 2.120000
24 1.580000
24 0.910000
24 1.580000
24 0.700000
24 1.300000
24 0.830000
24 1.690000
24 1.580000
24 2.050000
24 0.790000
24 1.050000
24 1.720000
24 1.240000
24 2.510000
24 1.840000
24 0.950000
24 1.180000
24 0.810000
24 1.230000
24 0.730000
24 0.670000
24 1.600000
24 1.880000
24 0.890000
24 1.060000
24 5.710000
24 1.570000
25 3.750000
25 2.970000
25 0.980000
25 0.950000
25 3.870000
25 0.950000
25 4.590000
25 3.130000
25 2.580000
25 1.510000
25 2.910000
25 1.260000
25 1.350000
25 1.560000
25 1.860000
25 2.430000
25 1.310000
25 4.880000
25 1.580000
25 2.470000
25 1.210000
25 1.960000
25 2.710000
25 1.890000
25 4.200000
25 1.040000
25 2.490000
25 2.070000
25 1.800000
25 2.410000
25 1.230000
25 1.390000
25 1.220000
25 3.910000
25 1.140000
25 2.220000
25 1.000000
25 1.160000
25 1.850000
25 1.200000
25 1.790000
25 0.940000
25 1.120000
25 1.930000
25 3.940000
25 1.460000
25 1.240000
25 1.780000
25 0.820000
25 2.390000
25 2.040000
25 1.980000
25 1.140000
25 2.330000
25 2.660000
25 2.510000
25 2.020000
25 1.560000
25 1.660000
25 2.550000
25 1.510000
25 1.680000
25 1.490000
25 1.700000
25 3.210000
25 1.720000
25 1.640000
25 4.040000
25 1.650000
25 2.910000
25 1.370000
25 1.420000
25 1.760000
25 1.640000
25 2.610000
25 1.940000
25 1.430000
25 3.070000
25 1.850000
25 1.880000
25 1.380000
25 1.790000
25 1.560000
25 1.210000
25 2.740000
25 2.500000
25 3.460000
25 3.810000
25 2.170000
25 2.700000
25 1.850000
25 0.970000
25 0.900000
25 1.160000
25 1.390000
25 1.170000
25 1.610000
25 2.440000
25 0.920000
25 1.230000
25 1.320000
25 3.220000
25 1.920000
25 2.760000
25 2.600000
25 2.720000
25 2.330000
25 2.440000
25 1.800000
25 0.730000
25 3.170000
25 2.890000
25 1.640000
25 0.980000
25 3.890000
25 1.240000
25 2.690000
25 1.680000
25 1.390000
25 1.330000
25 4.010000
25 1.660000
25 1.400000
25 2.880000
25 0.620000
25 1.820000
25 1.500000
25 1.730000
25 2.540000
25 0.820000
25 1.220000
25 1.280000
25 1.690000
25 1.810000
25 1.570000
25 1.810000
25 1.200000
25 1.620000
25 1.190000
25 1.500000
25 1.610000
25 1.340000
25 2.400000
25 2.330000
25 1.140000
25 3.830000
25 3.710000
25 1.920000
25 4.230000
25 1.480000
25 2.240000
25 1.510000
25 1.510000
25 1.850000
25 1.680000
25 1.630000
25 2.530000
25 0.730000
25 4.270000
25 1.930000
25 2.760000
25 0.980000
25 0.730000
25 3.900000
25 1.380000
25 1.030000
25 0.930000
25 0.920000
25 1.050000
25 3.430000
25 2.290000
25 1.630000
25 2.460000
25 2.420000
25 1.070000
25 1.820000
25 1.180000
25 1.360000
25 2.030000
25 1.280000
25 1.520000
25 0.920000
25 2.000000
25 2.160000
25 1.560000
25 4.020000
25 1.590000
25 1.590000
25 3.360000
25 2.410000
25 1.430000
25 3.030000
25 1.710000
25 1.320000
25 2.080000
25 3.650000
25 1.720000
25 1.820000
25 1.110000
25 1.940000
25 2.270000
25 0.810000
25 1.890000
25 1.910000
25 1.280000
25 2.530000
25 0.830000
25 1.020000
25 1.950000
25 0.980000
25 1.340000
25 1.220000
25 1.750000
25 2.590000
25 3.520000
25 2.290000
25 1.260000
25 1.200000
25 1.680000
25 0.870000
25 1.410000
25 1.020000
25 1.850000
25 1.190000
25 1.540000
25 5.430000
25 1.960000
25 2.390000
25 0.780000
25 1.860000
25 1.860000
25 0.820000
25 1.400000
25 1.730000
25 1.580000
25 1.500000
25 3.130000
25 3.620000
25 2.300000
25 2.150000
25 1.030000
25 1.000000
25 1.540000
25 6.550000
25 1.900000
25 0.730000
25 1.130000
25 1.690000
25 2.750000
25 0.840000
25 1.440000
25 2.550000
25 1.570000
25 1.180000
25 2.860000
25 1.810000
25 1.310000
25 1.400000
25 3.930000
25 2.420000
25 1.220000
25 1.860000
25 1.110000
25 1.530000
25 1.390000
25 1.690000
25 4.400000
25 1.660000
25 0.970000
25 2.450000
25 1.250000
25 1.700000
25 2.020000
25 2.190000
25 3.520000
25 1.500000
25 1.100000
25 3.110000
25 1.130000
25 1.350000
25 2.340000
25 1.740000
25 1.440000
25 1.030000
25 4.030000
25 4.070000
25 3.370000
25 1.690000
25 4.630000
25 0.930000
25 1.970000
25 1.380000
25 2.290000
25 3.020000
25 2.330000
25 2.190000
25 1.780000
25 2.480000
25 0.850000
25 2.050000
25 1.840000
25 1.150000
25 1.870000
25 1.100000
25 0.670000
25 1.770000
25 2.060000
25 1.200000
25 1.450000
25 1.050000
25 1.320000
25 1.570000
25 1.600000
25 1.780000
25 1.930000
25 1.400000
25 2.230000
25 1.090000
25 1.090000
25 1.260000
25 3.470000
25 1.630000
25 2.370000
25 2.040000
25 1.200000
25 3.630000
25 2.340000
25 1.290000
25 5.710000
25 1.520000
25 1.600000
25 2.040000
25 1.610000
25 1.200000
25 5.410000
25 0.870000
25 1.140000
25 1.260000
25 1.670000
25 1.280000
25 0.920000
25 3.460000
25 3.090000
25 1.530000
25 3.240000
25 2.460000
25 1.450000
25 4.320000
25 2.290000
25 2.800000
25 1.360000
25 1.310000
25 2.310000
25 1.110000
25 1.360000
25 1.140000
25 1.300000
25 1.200000
25 2.200000
25 1.390000
25 1.330000
25 4.280000
25 2.630000
25 2.800000
25 2.260000
25 1.590000
25 1.040000
25 1.230000
25 4.710000
25 0.880000
25 3.630000
25 0.750000
25 2.460000
25 1.610000
25 2.010000
25 3.030000
25 1.910000
25 2.650000
25 1.700000
25 1.530000
25 1.060000
25 1.410000
25 0.670000
25 1.660000
25 1.050000
25 3.220000
25 1.280000
25 2.770000
25 2.320000
25 0.700000
25 1.100000
25 1.040000
25 2.370000
25 1.210000
25 1.740000
25 0.690000
25 1.880000
26 3.420000
26 3.390000
26 1.280000
26 2.630000
26 2.400000
26 5.230000
26 3.710000
26 1.730000
26 2.200000
26 2.210000
26 1.700000
26 2.410000
26 8.960000
26 1.590000
26 6.120000
26 1.350000
26 2.510000
26 2.090000
26 2.650000
26 1.470000
26 1.120000
26 5.340000
26 1.990000
26 2.370000
26 2.170000
26 1.640000
26 1.980000
26 3.320000
26 1.880000
26 1.190000
26 2.020000
26 1.600000
26 2.470000
26 1.060000
26 3.630000
26 3.940000
26 1.970000
26 0.920000
26 1.470000
26 2.740000
26 1.500000
26 4.090000
26 2.190000
26 1.010000
26 4.040000
26 2.750000
26 1.960000
26 4.820000
26 2.280000
26 4.260000
26 1.730000
26 2.910000
26 2.940000
26 1.820000
26 2.080000
26 2.250000
26 1.400000
26 2.460000
26 1.640000
26 1.800000
26 3.660000
26 1.860000
26 2.820000
26 2.240000
26 2.410000
26 4.610000
26 1.780000
26 2.050000
26 8.550000
26 2.190000
26 1.360000
26 1.230000
26 2.340000
26 1.060000
26 1.490000
26 1.690000
26 2.570000
26 1.450000
26 4.390000
26 2.880000
26 4.150000
26 2.220000
26 1.640000
26 2.210000
26 1.220000
26 2.120000
26 2.560000
26 2.270000
26 1.690000
26 1.530000
26 1.540000
26 1.780000
26 3.040000
26 1.960000
26 2.050000
26 1.420000
26 4.130000
26 3.440000
26 2.030000
26 1.920000
26 2.370000
26 1.160000
26 1.180000
26 1.480000
26 2.420000
26 2.270000
26 1.960000
26 3.390000
26 2.560000
26 3.090000
26 3.640000
26 1.900000
26 2.460000
26 2.250000
26 2.790000
26 3.070000
26 3.720000
26 2.550000
26 3.570000
26 2.220000
26 1.670000
26 1.950000
26 2.630000
26 3.500000
26 2.490000
26 2.350000
26 2.120000
26 2.540000
26 2.190000
26 1.560000
26 2.040000
26 4.380000
26 1.080000
26 1.560000
26 3.390000
26 4.000000
26 3.670000
26 0.870000
26 1.550000
26 7.100000
26 2.210000
26 2.620000
26 2.170000
26 1.750000
26 1.340000
26 1.470000
26 1.710000
26 2.930000
26 3.150000
26 3.080000
26 1.480000
26 1.990000
26 1.750000
26 2.190000
26 2.860000
26 0.820000
26 2.080000
26 2.200000
26 1.590000
26 2.960000
26 1.550000
26 5.080000
26 2.660000
26 1.210000
26 3.160000
26 3.400000
26 2.210000
26 1.760000
26 4.510000
26 5.010000
26 1.570000
26 1.380000
26 2.700000
26 1.870000
26 2.210000
26 6.030000
26 1.160000
26 2.040000
26 4.050000
26 5.260000
26 3.980000
26 2.650000
26 2.630000
26 3.690000
26 2.560000
26 2.180000
26 3.330000
26 2.130000
26 5.850000
26 1.620000
26 1.680000
26 1.870000
26 2.270000
26 6.290000
26 5.270000
26 1.680000
26 2.690000
26 2.210000
26 4.020000
26 1.830000
26 2.460000
26 2.180000
26 1.770000
26 1.670000
26 2.090000
26 1.580000
26 2.270000
26 2.690000
26 1.470000
26 2.110000
26 1.740000
26 1.720000
26 1.580000
26 4.510000
26 2.420000
26 1.540000
26 1.960000
26 2.570000
26 1.550000
26 6.640000
26 2.260000
26 2.260000
26 1.130000
26 9.660000
26 3.980000
26 4.080000
26 2.760000
26 1.590000
26 1.210000
26 2.290000
26 1.760000
26 1.640000
26 1.850000
26 2.160000
26 1.960000
26 1.430000
26 2.000000
26 1.710000
26 2.670000
26 1.430000
26 1.790000
26 3.130000
26 2.260000
26 3.210000
26 1.850000
26 1.030000
26 3.800000
26 1.430000
26 2.390000
26 2.650000
26 1.140000
26 2.180000
26 3.240000
26 2.270000
26 1.400000
26 4.670000
26 2.860000
26 4.210000
26 1.250000
26 4.990000
26 2.210000
26 1.950000
26 1.410000
26 3.110000
26 4.140000
26 2.590000
26 1.910000
26 1.250000
26 1.960000
26 1.830000
26 2.080000
26 1.150000
26 4.910000
26 3.350000
26 2.170000
26 3.020000
26 2.290000
26 2.430000
26 1.680000
26 2.820000
26 3.860000
26 2.080000
26 1.950000
26 2.820000
26 1.690000
26 1.970000
26 3.270000
26 2.240000
26 2.360000
26 2.080000
26 1.140000
26 2.490000
26 2.240000
26 1.770000
26 5.520000
26 6.100000
26 2.230000
26 2.100000
26 1.680000
26 1.550000
26 1.500000
26 2.370000
26 1.870000
26 1.420000
26 4.520000
26 1.190000
26 5.480000
26 4.280000
26 2.140000
26 1.140000
26 2.380000
26 1.380000
26 1.690000
26 1.610000
26 1.240000
26 3.890000
26 3.740000
26 2.100000
26 2.520000
26 3.110000
26 2.720000
26 2.120000
26 1.720000
26 2.680000
26 2.020000
26 1.610000
26 1.990000
26 2.350000
26 2.360000
26 5.350000
26 1.600000
26 2.450000
26 2.170000
26 5.870000
26 5.340000
26 1.220000
26 2.410000
26 4.090000
26 1.440000
26 1.940000
26 4.120000
26 10.290000
26 1.480000
26 2.230000
26 2.960000
26 2.340000
26 3.220000
26 0.980000
26 1.590000
26 2.320000
26 3.800000
26 2.560000
26 1.940000
26 1.490000
26 1.360000
26 1.170000
26 1.690000
26 3.730000
26 0.930000
26 3.080000
26 1.730000
26 2.930000
26 1.770000
26 2.950000
26 2.830000
26 12.010000
26 3.650000
26 1.530000
26 1.760000
26 4.250000
26 2.230000
26 3.490000
26 1.910000
26 3.190000
26 5.010000
26 2.120000
26 2.800000
26 2.930000
26 2.250000
26 2.300000
26 5.340000
26 1.420000
26 2.810000
26 1.620000
26 1.740000
26 2.550000
26 1.220000
26 1.390000
26 2.360000
26 3.070000
26 3.130000
26 1.900000
26 1.220000
26 3.820000
26 2.220000
26 2.440000
26 3.040000
26 2.030000
26 1.990000
26 1.310000
26 3.950000
26 3.090000
26 2.890000
26 3.670000
26 1.740000
26 1.260000
26 2.390000
26 1.300000
26 2.950000
26 2.090000
26 4.520000
26 4.060000
26 3.580000
26 5.910000
26 3.970000
26 1.820000
26 1.250000
26 1.130000
26 2.110000
26 1.970000
26 3.010000
26 2.630000
26 6.870000
26 1.670000
26 1.980000
26 1.530000
26 2.960000
26 1.790000
26 4.680000
26 2.710000
26 2.040000
26 0.770000
26 4.420000
26 1.420000
26 5.300000
26 1.080000
26 1.080000
26 1.910000
26 3.440000
26 1.460000
26 2.920000
26 1.100000
26 2.040000
26 1.080000
26 1.780000
26 3.930000
26 1.900000
26 2.110000
26 1.350000
26 3.400000
27 1.190000
27 4.020000
27 1.580000
27 5.480000
27 2.560000
27 1.490000
27 1.950000
27 3.830000
27 3.160000
27 3.230000
27 5.780000
27 1.900000
27 1.180000
27 4.060000
27 3.770000
27 2.310000
27 2.160000
27 5.230000
27 4.850000
27 5.540000
27 5.630000
27 2.070000
27 3.410000
27 2.180000
27 3.430000
27 2.340000
27 2.010000
27 1.710000
27 2.530000
27 5.240000
27 3.210000
27 4.120000
27 1.690000
27 1.270000
27 2.640000
27 2.090000
27 2.580000
27 5.230000
27 1.980000
27 5.900000
27 3.080000
27 2.740000
27 1.710000
27 2.800000
27 2.940000
27 2.290000
27 2.690000
27 1.430000
27 6.320000
27 1.850000
27 5.050000
27 8.350000
27 5.170000
27 3.590000
27 2.650000
27 3.740000
27 3.490000
27 2.840000
27 3.530000
27 4.550000
27 6.320000
27 3.020000
27 1.680000
27 1.110000
27 9.840000
27 1.510000
27 5.880000
27 5.010000
27 2.660000
27 1.850000
27 2.620000
27 4.520000
27 5.560000
27 6.470000
27 3.580000
27 1.470000
27 1.740000
27 4.740000
27 2.350000
27 7.100000
27 1.990000
27 1.980000
27 3.540000
27 7.270000
27 1.020000
27 3.640000
27 2.950000
27 1.320000
27 3.390000
27 2.600000
27 1.870000
27 1.830000
27 5.270000
27 3.210000
27 1.530000
27 2.770000
27 2.740000
27 4.120000
27 1.600000
27 4.650000
27 2.350000
27 6.080000
27 2.010000
27 3.750000
27 2.300000
27 5.450000
27 2.210000
27 2.660000
27 3.210000
27 4.070000
27 3.560000
27 10.630000
27 1.410000
27 7.000000
27 4.010000
27 1.520000
27 2.110000
27 2.450000
27 4.480000
27 5.080000
27 2.690000
27 2.460000
27 6.290000
27 4.530000
27 1.800000
27 5.700000
27 4.690000
27 7.530000
27 5.230000
27 1.770000
27 2.490000
27 3.290000
27 1.650000
27 2.070000
27 4.080000
27 2.360000
27 3.900000
27 3.320000
27 1.370000
27 5.350000
27 10.040000
27 2.620000
27 3.360000
27 1.890000
27 1.710000
27 2.470000
27 5.060000
27 4.170000
27 1.730000
27 2.340000
27 3.910000
27 5.820000
27 4.600000
27 3.740000
27 3.800000
27 4.320000
27 1.570000
27 1.230000
27 11.110000
27 1.250000
27 4.410000
27 3.040000
27 5.410000
27 2.740000
27 5.190000
27 1.970000
27 1.860000
27 1.650000
27 5.360000
27 3.230000
27 6.000000
27 2.700000
27 5.590000
27 2.960000
27 2.270000
27 2.020000
27 3.960000
27 2.630000
27 2.800000
27 4.590000
27 1.900000
27 2.200000
27 3.340000
27 4.380000
27 7.110000
27 4.490000
27 7.980000
27 4.550000
27 7.090000
27 5.450000
27 1.860000
27 5.670000
27 1.910000
27 6.170000
27 1.620000
27 3.340000
27 4.960000
27 2.390000
27 2.010000
27 6.180000
27 3.210000
27 1.640000
27 2.060000
27 1.710000
27 2.410000
27 5.380000
27 4.290000
27 2.790000
27 3.440000
27 3.140000
27 7.080000
27 3.430000
27 2.030000
27 3.270000
27 3.020000
27 1.860000
27 2.440000
27 3.010000
27 4.100000
27 3.640000
27 3.740000
27 4.940000
27 1.540000
27 3.250000
27 4.530000
27 2.550000
27 2.850000
27 3.540000
27 2.910000
27 2.820000
27 4.800000
27 2.600000
27 3.590000
27 1.590000
27 3.860000
27 3.070000
27 6.600000
27 3.670000
27 2.330000
27 2.590000
27 2.710000
27 1.350000
27 2.960000
27 2.320000
27 5.760000
27 4.720000
27 6.870000
27 4.720000
27 2.020000
27 1.800000
27 4.410000
27 4.390000
27 2.460000
27 7.750000
27 3.170000
27 1.200000
27 3.220000
27 5.090000
27 7.920000
27 1.860000
27 1.760000
27 4.550000
27 2.590000
27 9.950000
27 3.150000
27 4.020000
27 3.660000
27 3.200000
27 6.880000
27 2.190000
27 3.450000
27 3.190000
27 5.340000
27 2.010000
27 2.700000
27 1.990000
27 3.900000
27 2.840000
27 2.280000
27 6.590000
27 2.890000
27 2.680000
27 1.860000
27 6.220000
27 2.090000
27 6.030000
27 1.800000
27 3.000000
27 3.060000
27 1.880000
27 3.490000
27 4.810000
27 3.290000
27 2.470000
27 5.960000
27 1.680000
27 2.660000
27 1.960000
27 3.390000
27 1.410000
27 2.040000
27 4.110000
27 5.880000
27 1.420000
27 1.690000
27 6.190000
27 1.680000
27 4.790000
27 2.430000
27 2.700000
27 5.340000
27 8.540000
27 3.820000
27 2.030000
27 2.510000
27 3.460000
27 2.430000
27 6.510000
27 3.610000
27 2.290000
27 4.350000
27 5.890000
27 2.200000
27 2.850000
27 5.680000
27 5.760000
27 1.880000
27 3.500000
27 6.730000
27 2.390000
27 2.460000
27 4.240000
27 8.120000
27 2.340000
27 2.190000
27 2.870000
27 4.840000
27 4.230000
27 3.450000
27 3.920000
27 5.810000
27 3.180000
27 2.790000
27 1.210000
27 1.240000
27 2.620000
27 2.120000
27 3.600000
27 2.290000
27 3.300000
27 2.390000
27 2.150000
27 2.480000
27 3.110000
27 3.580000
27 2.520000
27 8.880000
27 3.760000
27 2.780000
27 4.830000
27 6.090000
27 5.430000
27 1.700000
27 2.170000
27 2.610000
27 1.220000
27 1.650000
27 3.270000
27 4.490000
27 2.190000
27 9.600000
27 7.980000
27 3.010000
27 6.730000
27 2.960000
27 5.640000
27 3.070000
27 9.660000
27 3.690000
27 2.680000
27 6.440000
27 7.350000
27 7.120000
27 1.750000
27 3.120000
27 2.240000
27 2.970000
27 2.330000
27 2.740000
27 1.540000
27 5.010000
27 6.170000
27 2.330000
27 5.290000
27 4.110000
27 5.930000
27 2.420000
27 4.410000
27 14.680000
27 3.210000
27 3.350000
27 5.150000
27 5.380000
27 4.090000
27 2.720000
27 2.670000
27 2.760000
27 4.190000
27 6.640000
27 4.000000
27 2.460000
27 6.240000
27 2.290000
27 7.770000
27 5.970000
27 3.780000
27 4.130000
27 4.530000
27 3.760000
27 3.410000
27 4.890000
27 3.630000
27 2.660000
27 2.810000
27 2.440000
27 2.670000
27 2.980000
27 4.580000
27 1.970000
27 3.650000
27 4.010000
27 4.320000
27 1.030000
27 6.420000
27 1.760000
27 3.010000
27 2.090000
27 1.380000
27 2.840000
27 2.220000
27 2.420000
27 2.970000
27 2.380000
27 4.980000
27 3.070000
27 2.710000
27 1.600000
27 2.730000
27 4.450000
27 3.860000
27 5.520000
27 2.140000
27 1.280000
27 2.060000
27 6.710000
27 2.940000
27 4.420000
27 3.300000
27 5.580000
27 3.900000
27 3.650000
