#n running-time
34 0.020000
34 0.020000
34 0.010000
35 0.020000
35 0.010000
35 0.010000
35 0.020000
35 0.010000
35 0.020000
35 0.010000
35 0.030000
35 0.020000
35 0.010000
35 0.020000
35 0.020000
35 0.020000
35 0.020000
35 0.010000
35 0.030000
35 0.030000
35 0.050000
36 0.020000
36 0.020000
36 0.010000
36 0.020000
36 0.020000
36 0.020000
36 0.020000
36 0.020000
36 0.020000
36 0.010000
36 0.020000
36 0.020000
36 0.020000
36 0.020000
36 0.040000
36 0.030000
36 0.010000
36 0.020000
36 0.020000
36 0.010000
36 0.020000
36 0.020000
36 0.040000
36 0.020000
36 0.020000
36 0.020000
36 0.020000
36 0.010000
36 0.040000
36 0.040000
36 0.020000
36 0.010000
36 0.020000
36 0.020000
36 0.030000
36 0.020000
36 0.020000
36 0.020000
36 0.020000
36 0.010000
36 0.020000
36 0.010000
37 0.010000
37 0.040000
37 0.020000
37 0.010000
37 0.010000
37 0.010000
37 0.020000
37 0.020000
37 0.050000
37 0.020000
37 0.020000
37 0.010000
37 0.030000
37 0.020000
37 0.020000
37 0.020000
37 0.020000
37 0.020000
37 0.140000
37 0.010000
37 0.020000
37 0.020000
37 0.020000
37 0.050000
37 0.010000
37 0.020000
37 0.040000
37 0.020000
37 0.090000
37 0.020000
37 0.020000
37 0.020000
37 0.020000
37 0.020000
37 0.030000
37 0.010000
37 0.020000
37 0.020000
37 0.020000
37 0.010000
37 0.020000
37 0.020000
37 0.040000
37 0.030000
37 0.020000
37 0.010000
37 0.020000
37 0.020000
37 0.020000
37 0.020000
37 0.030000
37 0.020000
37 0.030000
37 0.020000
37 0.020000
37 0.090000
37 0.030000
37 0.020000
37 0.030000
37 0.020000
37 0.010000
37 0.020000
37 0.030000
37 0.020000
37 0.020000
37 0.020000
37 0.020000
37 0.020000
37 0.020000
37 0.010000
37 0.020000
37 0.010000
37 0.020000
37 0.040000
37 0.020000
37 0.030000
37 0.040000
37 0.010000
37 0.010000
37 0.020000
37 0.020000
37 0.030000
37 0.020000
37 0.020000
37 0.020000
37 0.020000
37 0.010000
37 0.010000
37 0.020000
37 0.010000
37 0.020000
37 0.030000
37 0.020000
37 0.020000
37 0.020000
37 0.020000
37 0.020000
37 0.010000
37 0.020000
37 0.020000
37 0.030000
37 0.020000
37 0.020000
37 0.020000
37 0.010000
37 0.020000
37 0.030000
37 0.010000
37 0.020000
37 0.020000
37 0.020000
37 0.020000
37 0.020000
37 0.010000
37 0.020000
37 0.020000
37 0.020000
37 0.020000
37 0.020000
37 0.020000
37 0.020000
37 0.020000
37 0.040000
37 0.110000
37 0.020000
37 0.020000
37 0.020000
37 0.020000
37 0.020000
37 0.010000
37 0.020000
37 0.020000
37 0.020000
37 0.040000
37 0.020000
37 0.010000
37 0.020000
37 0.020000
38 0.020000
38 0.020000
38 0.010000
38 0.020000
38 0.030000
38 0.020000
38 0.010000
38 0.010000
38 0.100000
38 0.020000
38 0.020000
38 0.020000
38 0.020000
38 0.030000
38 0.020000
38 0.020000
38 0.020000
38 0.020000
38 0.020000
38 0.020000
38 0.020000
38 0.020000
38 0.010000
38 0.020000
38 0.020000
38 0.020000
38 0.020000
38 0.020000
38 0.030000
38 0.030000
38 0.030000
38 0.020000
38 0.030000
38 0.020000
38 0.020000
38 0.020000
38 0.020000
38 0.020000
38 0.020000
38 0.020000
38 0.020000
38 0.020000
38 0.020000
38 0.010000
38 0.020000
38 0.020000
38 0.030000
38 0.030000
38 0.020000
38 0.020000
38 0.020000
38 0.020000
38 0.020000
38 0.030000
38 0.020000
38 0.010000
38 0.020000
38 0.020000
38 0.030000
38 0.020000
38 0.020000
38 0.010000
38 0.020000
38 0.040000
38 0.020000
38 0.020000
38 0.010000
38 0.030000
38 0.020000
38 0.020000
38 0.020000
38 0.020000
38 0.020000
38 0.020000
38 0.020000
38 0.020000
38 0.020000
38 0.030000
38 0.020000
38 0.010000
38 0.020000
38 0.050000
38 0.020000
38 0.020000
38 0.030000
38 0.020000
38 0.020000
38 0.020000
38 0.020000
38 0.020000
38 0.010000
38 0.020000
38 0.020000
38 0.010000
38 0.020000
38 0.020000
38 0.020000
38 0.020000
38 0.010000
38 0.020000
38 0.020000
38 0.020000
38 0.020000
38 0.030000
38 0.100000
38 0.040000
38 0.020000
38 0.010000
38 0.020000
38 0.050000
38 0.010000
38 0.020000
38 0.010000
38 0.020000
38 0.040000
38 0.010000
38 0.020000
38 0.020000
38 0.060000
38 0.020000
38 0.020000
38 0.020000
38 0.020000
38 0.020000
38 0.010000
38 0.030000
38 0.020000
38 0.020000
38 0.050000
38 0.020000
38 0.020000
38 0.020000
38 0.020000
38 0.020000
38 0.020000
38 0.020000
38 0.020000
38 0.020000
38 0.020000
38 0.030000
38 0.020000
38 0.020000
38 0.020000
38 0.020000
38 0.020000
38 0.020000
38 0.020000
38 0.030000
38 0.020000
38 0.020000
38 0.020000
38 0.020000
38 0.020000
38 0.040000
38 0.020000
38 0.020000
38 0.020000
38 0.020000
38 0.010000
38 0.020000
38 0.020000
38 0.030000
38 0.020000
38 0.020000
38 0.010000
38 0.020000
38 0.030000
38 0.030000
38 0.010000
38 0.010000
38 0.030000
38 0.030000
38 0.020000
38 0.020000
38 0.020000
38 0.020000
38 0.020000
38 0.030000
38 0.020000
38 0.020000
38 0.020000
38 0.050000
38 0.020000
38 0.020000
38 0.020000
38 0.030000
38 0.050000
38 0.020000
38 0.020000
38 0.050000
38 0.030000
38 0.020000
38 0.020000
38 0.030000
38 0.020000
38 0.020000
38 0.030000
38 0.030000
38 0.020000
38 0.030000
38 0.010000
38 0.030000
38 0.020000
38 0.020000
38 0.020000
38 0.020000
38 0.020000
38 0.030000
38 0.020000
38 0.020000
38 0.030000
38 0.010000
38 0.020000
38 0.020000
38 0.150000
38 0.020000
38 0.020000
38 0.020000
38 0.020000
38 0.050000
38 0.120000
38 0.020000
38 0.010000
38 0.020000
38 0.030000
38 0.030000
38 0.030000
38 0.060000
38 0.010000
38 0.030000
38 0.020000
38 0.020000
38 0.020000
38 0.010000
38 0.010000
38 0.020000
38 0.030000
38 0.030000
38 0.010000
38 0.020000
38 0.040000
38 0.020000
38 0.030000
38 0.020000
38 0.050000
38 0.040000
38 0.030000
38 0.020000
38 0.010000
38 0.020000
38 0.020000
38 0.020000
38 0.020000
38 0.030000
38 0.020000
38 0.020000
38 0.020000
38 0.020000
38 0.040000
38 0.020000
38 0.020000
38 0.030000
38 0.020000
38 0.010000
38 0.020000
38 0.030000
39 0.020000
39 0.020000
39 0.020000
39 0.010000
39 0.040000
39 0.020000
39 0.040000
39 0.020000
39 0.020000
39 0.020000
39 0.020000
39 0.030000
39 0.030000
39 0.020000
39 0.020000
39 0.020000
39 0.020000
39 0.020000
39 0.020000
39 0.020000
39 0.020000
39 0.020000
39 0.040000
39 0.010000
39 0.020000
39 0.030000
39 0.020000
39 0.010000
39 2.460000
39 0.020000
39 0.020000
39 0.020000
39 0.030000
39 0.020000
39 0.030000
39 0.040000
39 0.020000
39 0.020000
39 0.020000
39 0.020000
39 0.020000
39 0.040000
39 0.020000
39 0.040000
39 0.020000
39 0.030000
39 0.020000
39 0.020000
39 0.020000
39 0.020000
39 0.020000
39 0.020000
39 0.020000
39 0.020000
39 0.050000
39 0.020000
39 0.020000
39 0.020000
39 0.060000
39 0.030000
39 0.020000
39 0.020000
39 0.020000
39 0.010000
39 0.030000
39 0.020000
39 0.040000
39 0.030000
39 0.020000
39 0.020000
39 0.030000
39 0.030000
39 0.120000
39 0.010000
39 0.020000
39 0.030000
39 0.020000
39 0.020000
39 0.020000
39 0.020000
39 0.020000
39 0.030000
39 0.020000
39 0.040000
39 0.030000
39 0.030000
39 0.010000
39 0.020000
39 0.020000
39 0.020000
39 0.020000
39 0.020000
39 0.030000
39 0.030000
39 0.020000
39 0.020000
39 0.020000
39 0.020000
39 0.020000
39 0.020000
39 0.020000
39 0.030000
39 0.020000
39 0.020000
39 0.020000
39 0.020000
39 0.020000
39 0.020000
39 0.020000
39 0.030000
39 0.020000
39 0.020000
39 0.040000
39 0.020000
39 0.010000
39 0.020000
39 0.020000
39 0.050000
39 0.020000
39 0.020000
39 0.020000
39 0.010000
39 0.020000
39 0.020000
39 0.030000
39 0.010000
39 0.030000
39 0.010000
39 0.020000
39 0.020000
39 0.020000
39 0.020000
39 0.030000
39 0.020000
39 0.020000
39 0.020000
39 0.030000
39 0.020000
39 0.030000
39 0.020000
39 0.020000
39 0.020000
39 0.020000
39 0.020000
39 0.020000
39 0.040000
39 0.020000
39 0.020000
39 0.020000
39 0.020000
39 0.020000
39 0.030000
39 0.020000
39 0.020000
39 0.020000
39 0.010000
39 0.030000
39 0.020000
39 0.040000
39 0.020000
39 0.020000
39 0.020000
39 0.030000
39 0.020000
39 0.020000
39 0.030000
39 0.020000
39 0.020000
39 0.020000
39 0.040000
39 0.020000
39 0.020000
39 0.020000
39 0.030000
39 0.020000
39 0.020000
39 0.020000
39 0.120000
39 0.020000
39 0.050000
39 0.030000
39 0.020000
39 0.030000
39 0.020000
39 0.020000
39 0.020000
39 0.030000
39 0.020000
39 0.020000
39 0.020000
39 0.020000
39 0.110000
39 0.020000
39 0.010000
39 0.020000
39 0.010000
39 0.020000
39 0.020000
39 0.020000
39 0.020000
39 0.020000
39 0.020000
39 0.030000
39 0.020000
39 0.010000
39 0.030000
39 0.070000
39 0.030000
39 0.020000
39 0.020000
39 0.020000
39 0.020000
39 0.010000
39 0.020000
39 0.020000
39 0.020000
39 0.030000
39 0.010000
39 0.020000
39 0.030000
39 0.020000
39 0.020000
39 0.010000
39 0.020000
39 0.010000
39 0.020000
39 0.010000
39 0.030000
39 0.020000
39 0.020000
39 0.020000
39 0.020000
39 0.020000
39 0.020000
39 0.020000
39 0.020000
39 0.020000
39 0.030000
39 0.020000
39 0.020000
39 0.020000
39 0.030000
39 0.020000
39 0.020000
39 0.020000
39 0.020000
39 0.020000
39 0.020000
39 0.060000
39 0.020000
39 0.020000
39 0.020000
39 0.030000
39 0.020000
39 0.050000
39 0.020000
39 0.020000
39 0.030000
39 0.020000
39 0.020000
39 0.020000
39 0.020000
39 0.010000
39 0.020000
39 0.020000
39 0.030000
39 0.030000
39 0.020000
39 0.020000
39 0.020000
39 0.020000
39 0.010000
39 0.020000
39 0.040000
39 0.020000
39 0.020000
39 0.020000
39 0.010000
39 0.070000
39 0.010000
39 0.060000
39 0.030000
39 0.020000
39 0.020000
39 0.020000
39 0.030000
39 0.030000
39 0.020000
39 0.010000
39 0.030000
39 0.020000
39 0.020000
39 0.030000
39 0.020000
39 0.020000
39 0.020000
39 0.040000
39 0.050000
39 0.020000
39 0.050000
39 0.020000
39 0.030000
39 0.030000
39 0.020000
39 0.020000
39 0.020000
39 0.020000
39 0.020000
39 0.020000
39 0.010000
39 0.020000
39 0.020000
39 0.030000
39 0.020000
39 0.030000
39 0.020000
39 0.020000
39 0.020000
39 0.020000
39 0.020000
39 0.020000
39 0.030000
39 0.020000
39 0.020000
39 0.020000
39 0.020000
39 0.020000
39 0.020000
39 0.030000
39 0.020000
39 0.020000
39 0.020000
39 0.020000
39 0.090000
39 0.020000
39 0.040000
39 0.030000
39 0.020000
39 0.020000
39 0.040000
39 0.020000
39 0.020000
39 0.020000
39 0.020000
39 0.020000
39 0.020000
39 0.020000
39 0.020000
39 0.020000
39 0.010000
39 0.010000
39 0.020000
39 0.020000
39 0.020000
39 0.010000
39 0.030000
39 0.020000
39 0.030000
39 0.020000
39 0.020000
39 0.030000
39 0.020000
39 0.020000
39 0.020000
39 0.020000
39 0.020000
39 0.070000
39 0.020000
39 0.020000
39 0.020000
39 0.020000
39 0.010000
39 0.020000
39 0.010000
39 0.020000
39 0.020000
39 0.020000
39 0.040000
39 0.020000
39 0.020000
39 0.020000
39 0.020000
39 0.020000
39 0.030000
39 0.020000
39 0.030000
39 0.020000
39 0.020000
39 0.020000
39 0.030000
39 0.020000
39 0.020000
39 0.010000
39 0.030000
39 0.030000
39 0.020000
39 0.020000
39 0.020000
39 0.030000
39 0.020000
39 0.010000
39 0.020000
39 0.010000
39 0.020000
39 0.030000
39 0.010000
40 0.020000
40 0.030000
40 0.020000
40 0.150000
40 0.020000
40 0.020000
40 0.020000
40 0.040000
40 0.020000
40 0.020000
40 0.020000
40 0.020000
40 0.060000
40 0.020000
40 0.020000
40 0.030000
40 0.020000
40 0.020000
40 0.010000
40 0.020000
40 0.020000
40 0.050000
40 0.020000
40 0.030000
40 0.020000
40 0.020000
40 0.020000
40 0.030000
40 0.020000
40 0.030000
40 0.020000
40 0.030000
40 0.040000
40 0.040000
40 0.020000
40 0.020000
40 0.020000
40 0.020000
40 0.020000
40 0.020000
40 0.020000
40 0.030000
40 0.020000
40 0.020000
40 0.020000
40 0.030000
40 0.020000
40 0.030000
40 0.020000
40 0.020000
40 0.050000
40 0.040000
40 0.030000
40 0.020000
40 0.010000
40 0.030000
40 0.030000
40 0.010000
40 0.020000
40 0.020000
40 0.020000
40 0.020000
40 0.030000
40 0.020000
40 0.020000
40 0.020000
40 0.040000
40 0.020000
40 0.020000
40 0.020000
40 0.010000
40 0.060000
40 0.020000
40 0.020000
40 0.030000
40 0.020000
40 0.030000
40 0.020000
40 0.020000
40 0.030000
40 0.020000
40 0.030000
40 0.010000
40 0.010000
40 0.020000
40 0.030000
40 0.020000
40 0.020000
40 0.020000
40 0.020000
40 0.020000
40 0.020000
40 0.030000
40 0.020000
40 0.030000
40 0.020000
40 0.020000
40 0.030000
40 0.030000
40 0.020000
40 0.020000
40 0.020000
40 0.020000
40 0.010000
40 0.020000
40 0.020000
40 0.020000
40 0.030000
40 0.010000
40 0.040000
40 0.070000
40 0.020000
40 0.030000
40 0.020000
40 0.010000
40 0.030000
40 0.050000
40 0.020000
40 0.020000
40 0.030000
40 0.020000
40 0.030000
40 0.030000
40 0.020000
40 0.020000
40 0.030000
40 0.010000
40 0.020000
40 0.020000
40 0.030000
40 0.030000
40 0.020000
40 0.020000
40 0.030000
40 0.020000
40 0.020000
40 0.030000
40 0.030000
40 0.020000
40 0.020000
40 0.020000
40 0.020000
40 0.020000
40 0.020000
40 0.020000
40 0.020000
40 0.020000
40 0.020000
40 0.020000
40 0.050000
40 0.020000
40 0.010000
40 0.020000
40 0.020000
40 0.020000
40 0.030000
40 0.020000
40 0.020000
40 0.030000
40 0.020000
40 0.020000
40 0.020000
40 0.020000
40 0.030000
40 0.020000
40 0.030000
40 0.050000
40 0.030000
40 0.020000
40 0.030000
40 0.020000
40 0.020000
40 0.010000
40 0.010000
40 0.020000
40 0.020000
40 0.020000
40 0.020000
40 0.060000
40 0.020000
40 0.020000
40 0.030000
40 0.020000
40 0.020000
40 0.010000
40 0.030000
40 0.010000
40 0.020000
40 0.020000
40 0.030000
40 0.020000
40 0.020000
40 0.070000
40 0.020000
40 0.020000
40 0.030000
40 0.020000
40 0.020000
40 0.020000
40 0.030000
40 0.020000
40 0.040000
40 0.020000
40 0.020000
40 0.030000
40 0.020000
40 0.010000
40 0.020000
40 0.020000
40 0.020000
40 0.010000
40 0.020000
40 0.020000
40 0.030000
40 0.020000
40 0.020000
40 0.030000
40 0.010000
40 0.030000
40 0.020000
40 0.020000
40 0.020000
40 0.020000
40 0.020000
40 0.020000
40 0.040000
40 0.040000
40 0.020000
40 0.020000
40 0.020000
40 0.020000
40 0.030000
40 0.020000
40 0.030000
40 0.020000
40 0.020000
40 0.020000
40 0.010000
40 0.020000
40 0.020000
40 0.020000
40 0.020000
40 0.030000
40 0.020000
40 0.020000
40 0.020000
40 0.030000
40 0.020000
40 0.020000
40 0.020000
40 0.030000
40 0.020000
40 0.020000
40 0.020000
40 0.020000
40 0.020000
40 0.020000
40 0.020000
40 0.020000
40 0.020000
40 0.020000
40 0.020000
40 0.030000
40 0.020000
40 0.020000
40 0.040000
40 0.020000
40 0.030000
40 0.020000
40 0.020000
40 0.060000
40 0.020000
40 0.020000
40 0.040000
40 0.020000
40 0.030000
40 0.020000
40 0.020000
40 0.030000
40 0.030000
40 0.030000
40 0.020000
40 0.020000
40 0.030000
40 0.010000
40 0.020000
40 0.010000
40 0.010000
40 0.020000
40 0.020000
40 0.020000
40 0.020000
40 0.020000
40 0.030000
40 0.020000
40 0.020000
40 0.030000
40 0.020000
40 0.030000
40 0.020000
40 0.020000
40 0.020000
40 0.020000
40 0.020000
40 0.010000
40 0.030000
40 0.020000
40 0.020000
40 0.020000
40 0.020000
40 0.030000
40 0.020000
40 0.020000
40 0.040000
40 0.020000
40 0.020000
40 0.020000
40 0.020000
40 0.020000
40 0.030000
40 0.020000
40 0.020000
40 0.020000
40 0.020000
40 0.020000
40 0.040000
40 0.020000
40 0.020000
40 0.030000
40 0.020000
40 0.040000
40 0.030000
40 0.020000
40 0.010000
40 0.010000
40 0.020000
40 0.020000
40 0.020000
40 0.030000
40 0.020000
40 0.020000
40 0.020000
40 0.020000
40 0.020000
40 0.020000
40 0.010000
40 0.020000
40 0.020000
40 0.030000
40 0.020000
40 0.020000
40 0.030000
40 0.020000
40 0.040000
40 0.030000
40 0.020000
40 0.020000
40 0.020000
40 0.040000
40 0.040000
40 0.020000
40 0.020000
40 0.040000
40 0.020000
40 0.020000
40 0.040000
40 0.030000
40 0.080000
40 0.020000
40 0.020000
40 0.020000
40 0.030000
40 0.020000
40 0.040000
40 0.020000
40 0.020000
40 0.010000
40 0.030000
40 0.030000
40 0.020000
40 0.020000
40 0.020000
40 0.030000
40 0.020000
40 0.040000
40 0.020000
40 0.020000
40 0.020000
40 0.020000
40 0.020000
40 0.020000
40 0.040000
40 0.040000
40 0.020000
40 0.020000
40 0.010000
40 0.020000
40 0.010000
40 0.020000
40 0.010000
40 0.020000
40 0.020000
40 0.020000
40 0.020000
40 0.060000
40 0.020000
40 0.030000
40 0.020000
40 0.030000
40 0.020000
40 0.030000
40 0.020000
40 0.020000
40 0.030000
40 0.020000
40 0.020000
40 0.030000
40 0.020000
40 0.020000
40 0.020000
40 0.020000
40 0.030000
40 0.030000
40 0.030000
40 0.040000
40 0.010000
40 0.040000
40 0.040000
40 0.020000
40 0.020000
40 0.030000
40 0.040000
40 0.010000
40 0.020000
40 0.030000
40 0.030000
40 0.020000
40 0.060000
40 0.020000
40 0.030000
40 0.030000
40 0.050000
40 0.020000
40 0.020000
40 0.020000
40 0.020000
40 0.050000
40 0.020000
40 0.020000
40 0.020000
40 0.020000
40 0.020000
40 0.030000
40 0.010000
40 0.030000
40 0.020000
40 0.030000
40 0.030000
40 0.020000
40 0.020000
40 0.020000
40 0.050000
40 0.040000
40 0.020000
40 0.030000
40 0.010000
40 0.010000
40 0.020000
40 0.020000
40 0.030000
40 0.040000
40 0.030000
40 0.040000
40 0.020000
40 0.080000
40 0.020000
40 0.020000
40 0.020000
40 0.020000
40 0.020000
40 0.020000
41 0.020000
41 0.020000
41 0.020000
41 0.020000
41 0.020000
41 0.020000
41 0.030000
41 0.030000
41 0.030000
41 0.020000
41 0.020000
41 0.020000
41 0.020000
41 0.030000
41 0.020000
41 0.020000
41 0.030000
41 0.020000
41 0.020000
41 0.020000
41 0.020000
41 0.030000
41 0.030000
41 0.020000
41 0.030000
41 0.020000
41 0.020000
41 0.020000
41 0.120000
41 0.020000
41 0.030000
41 0.030000
41 0.020000
41 0.020000
41 0.010000
41 0.050000
41 0.020000
41 0.020000
41 0.070000
41 0.020000
41 0.020000
41 0.010000
41 0.020000
41 0.030000
41 0.010000
41 0.030000
41 0.020000
41 0.010000
41 0.020000
41 0.040000
41 0.020000
41 0.020000
41 0.010000
41 0.020000
41 1.090000
41 0.010000
41 0.050000
41 0.020000
41 0.020000
41 0.010000
41 0.020000
41 0.050000
41 0.020000
41 0.030000
41 0.030000
41 0.020000
41 0.030000
41 0.020000
41 0.020000
41 0.030000
41 0.070000
41 0.020000
41 0.020000
41 0.020000
41 0.020000
41 0.030000
41 0.020000
41 0.010000
41 0.020000
41 0.020000
41 0.020000
41 0.020000
41 0.020000
41 0.020000
41 0.020000
41 0.020000
41 0.030000
41 0.020000
41 0.030000
41 0.040000
41 0.020000
41 0.010000
41 0.020000
41 0.020000
41 0.020000
41 0.020000
41 0.020000
41 0.060000
41 0.050000
41 0.030000
41 0.020000
41 0.020000
41 0.020000
41 0.030000
41 0.010000
41 0.020000
41 0.020000
41 0.020000
41 0.020000
41 0.020000
41 0.020000
41 0.020000
41 0.060000
41 0.020000
41 0.040000
41 0.020000
41 0.020000
41 0.020000
41 0.020000
41 0.040000
41 0.020000
41 0.030000
41 0.030000
41 0.020000
41 0.020000
41 0.020000
41 0.020000
41 0.050000
41 0.020000
41 0.020000
41 0.020000
41 0.030000
41 0.040000
41 0.040000
41 0.050000
41 0.010000
41 0.050000
41 0.040000
41 0.020000
41 0.030000
41 0.030000
41 0.020000
41 0.020000
41 0.010000
41 0.020000
41 0.010000
41 0.100000
41 0.030000
41 0.030000
41 0.030000
41 0.020000
41 0.030000
41 0.020000
41 0.020000
41 0.020000
41 0.020000
41 0.050000
41 0.020000
41 0.020000
41 0.040000
41 0.060000
41 0.020000
41 0.030000
41 0.020000
41 0.020000
41 0.010000
41 0.020000
41 0.030000
41 0.030000
41 0.070000
41 0.030000
41 0.020000
41 0.020000
41 0.040000
41 0.020000
41 0.030000
41 0.020000
41 0.040000
41 0.020000
41 0.020000
41 0.020000
41 0.030000
41 0.020000
41 0.020000
41 0.020000
41 0.020000
41 0.070000
41 0.040000
41 0.020000
41 0.020000
41 0.010000
41 0.020000
41 0.020000
41 0.020000
41 0.020000
41 0.020000
41 0.020000
41 0.020000
41 0.020000
41 0.020000
41 0.040000
41 0.030000
41 0.020000
41 0.020000
41 0.020000
41 0.030000
41 0.020000
41 0.080000
41 0.020000
41 0.020000
41 0.020000
41 0.040000
41 0.010000
41 0.010000
41 0.020000
41 0.020000
41 0.020000
41 0.020000
41 0.020000
41 0.010000
41 0.020000
41 0.050000
41 0.030000
41 0.020000
41 0.030000
41 0.030000
41 0.060000
41 0.060000
41 0.020000
41 0.050000
41 0.020000
41 0.020000
41 0.050000
41 0.040000
41 0.040000
41 0.040000
41 0.020000
41 0.020000
41 0.020000
41 0.020000
41 0.020000
41 0.010000
41 0.020000
41 0.020000
41 0.020000
41 0.020000
41 0.020000
41 0.020000
41 0.020000
41 0.030000
41 0.020000
41 0.040000
41 0.030000
41 0.020000
41 0.020000
41 0.020000
41 0.020000
41 0.020000
41 0.020000
41 0.050000
41 0.030000
41 0.020000
41 0.020000
41 0.030000
41 0.020000
41 0.040000
41 0.020000
41 0.020000
41 0.020000
41 0.020000
41 0.020000
41 0.020000
41 0.020000
41 0.030000
41 0.030000
41 0.060000
41 0.020000
41 0.020000
41 0.050000
41 0.040000
41 0.050000
41 0.020000
41 0.020000
41 0.020000
41 0.020000
41 0.020000
41 0.020000
41 0.020000
41 0.020000
41 0.010000
41 0.030000
41 0.050000
41 0.020000
41 0.020000
41 0.020000
41 0.030000
41 0.040000
41 0.030000
41 0.020000
41 0.020000
41 0.020000
41 0.020000
41 0.020000
41 0.100000
41 0.020000
41 0.020000
41 0.040000
41 0.030000
41 0.030000
41 0.020000
41 0.020000
41 0.020000
41 0.020000
41 0.030000
41 0.020000
41 0.020000
41 0.010000
41 0.020000
41 0.020000
41 0.020000
41 0.020000
41 0.030000
41 0.050000
41 0.020000
41 0.040000
41 0.020000
41 0.040000
41 0.030000
41 0.040000
41 0.020000
41 0.020000
41 0.020000
41 0.020000
41 0.070000
41 0.010000
41 0.030000
41 0.010000
41 0.020000
41 0.020000
41 0.020000
41 0.030000
41 0.020000
41 0.020000
41 0.030000
41 0.020000
41 0.050000
41 0.030000
41 0.040000
41 0.020000
41 0.070000
41 0.020000
41 0.070000
41 0.030000
41 0.020000
41 0.010000
41 0.020000
41 0.020000
41 0.020000
41 0.030000
41 0.020000
41 0.020000
41 0.020000
41 0.030000
41 0.030000
41 0.020000
41 0.040000
41 0.020000
41 0.020000
41 0.020000
41 0.020000
41 0.030000
41 0.020000
41 0.040000
41 0.020000
41 0.020000
41 0.020000
41 0.020000
41 0.020000
41 0.020000
41 0.030000
41 0.020000
41 0.020000
41 0.020000
41 0.020000
41 0.010000
41 0.020000
41 0.030000
41 0.050000
41 0.020000
41 0.020000
41 0.030000
41 0.020000
41 0.020000
41 0.020000
41 0.020000
41 0.060000
41 0.020000
41 0.020000
41 0.020000
41 0.020000
41 0.050000
41 0.020000
41 0.020000
41 0.040000
41 0.010000
41 0.020000
41 0.020000
41 0.020000
41 0.040000
41 0.040000
41 0.030000
41 0.020000
41 0.040000
41 0.020000
41 0.020000
41 0.020000
41 0.020000
41 0.040000
41 0.020000
41 0.080000
41 0.020000
41 0.010000
41 0.030000
41 0.030000
41 0.020000
41 0.020000
41 0.040000
41 0.020000
41 0.020000
41 0.020000
41 0.020000
41 0.040000
41 0.020000
41 0.030000
41 0.020000
41 0.020000
41 0.030000
41 0.020000
41 0.020000
41 0.020000
41 0.020000
41 0.020000
41 0.020000
41 0.040000
41 0.030000
41 0.010000
41 0.010000
41 0.010000
41 0.020000
41 0.020000
41 0.020000
41 0.030000
41 0.020000
41 0.010000
41 0.040000
41 0.030000
41 0.010000
41 0.020000
41 0.030000
41 0.020000
41 0.040000
41 0.020000
41 0.020000
41 0.020000
41 0.020000
41 0.020000
41 0.040000
41 0.020000
41 0.020000
41 0.020000
41 0.020000
41 0.020000
41 0.010000
41 0.030000
41 0.030000
41 0.030000
41 0.020000
41 0.030000
41 0.030000
41 0.050000
41 0.020000
41 0.020000
41 0.020000
41 0.040000
41 0.020000
41 0.020000
41 0.060000
41 0.020000
41 0.020000
41 0.020000
41 0.030000
41 0.020000
41 0.020000
41 0.020000
41 0.020000
41 0.020000
41 0.020000
41 0.020000
41 0.030000
41 0.020000
41 0.010000
41 0.010000
41 0.020000
41 0.010000
41 0.020000
41 0.020000
41 0.020000
41 0.020000
41 0.020000
41 0.030000
41 0.020000
41 0.020000
41 0.020000
41 0.020000
41 0.020000
41 0.030000
41 0.020000
41 0.020000
41 0.030000
41 0.020000
41 0.010000
41 0.030000
41 0.020000
41 0.040000
41 0.030000
41 0.020000
41 0.020000
41 0.030000
41 0.030000
41 0.020000
41 0.030000
41 0.020000
41 0.070000
41 0.020000
41 0.040000
41 0.020000
41 0.020000
41 0.060000
41 0.030000
41 0.020000
41 0.020000
41 0.030000
41 0.010000
41 0.020000
41 0.020000
41 0.010000
41 0.030000
41 0.020000
41 0.020000
41 0.070000
41 0.030000
41 0.010000
41 0.020000
41 0.020000
41 0.020000
41 0.010000
41 0.020000
41 0.050000
41 0.030000
41 0.010000
41 0.040000
41 0.020000
41 0.030000
41 0.030000
41 0.020000
41 0.020000
41 0.020000
41 0.030000
