#n running-time
24 1.390000
25 0.550000
25 0.690000
25 0.520000
25 1.340000
25 0.330000
26 1.360000
26 1.690000
26 0.280000
26 0.460000
26 0.600000
26 8.660000
26 2.770000
26 6.360000
26 1.460000
27 0.750000
27 0.940000
27 2.230000
27 1.450000
27 4.640000
27 3.690000
27 4.550000
27 0.800000
27 2.980000
27 3.720000
27 0.380000
27 3.400000
27 2.630000
27 2.310000
27 0.330000
27 1.880000
27 5.490000
27 6.030000
27 2.690000
27 1.160000
27 1.350000
27 10.870000
27 12.080000
27 6.550000
27 1.310000
27 3.510000
27 1.130000
27 3.170000
27 3.540000
27 3.090000
27 2.780000
27 5.420000
27 3.930000
27 2.060000
27 0.660000
27 1.690000
27 4.910000
27 2.670000
27 9.520000
28 1.680000
28 1.820000
28 0.840000
28 4.420000
28 3.380000
28 1.500000
28 3.190000
28 1.120000
28 3.020000
28 8.000000
28 4.090000
28 0.920000
28 0.570000
28 3.160000
28 3.060000
28 2.270000
28 4.280000
28 0.880000
28 2.470000
28 1.530000
28 1.940000
28 3.250000
28 1.320000
28 0.340000
28 7.470000
28 4.420000
28 1.470000
28 5.840000
28 2.060000
28 0.680000
28 1.090000
28 3.180000
28 23.120000
28 6.240000
28 4.360000
28 6.710000
28 4.550000
28 2.790000
28 3.620000
28 0.690000
28 1.000000
28 4.810000
28 1.180000
28 12.910000
28 2.850000
28 0.450000
28 15.190000
28 1.810000
28 0.820000
28 10.150000
28 8.080000
28 2.200000
28 0.490000
28 9.980000
28 2.720000
28 0.980000
28 6.670000
28 2.460000
28 5.510000
28 12.370000
28 0.500000
28 3.050000
28 3.070000
28 6.440000
28 3.740000
28 2.210000
28 7.290000
28 17.680000
28 0.820000
28 3.750000
28 5.460000
28 1.020000
28 5.070000
28 2.770000
28 10.390000
28 3.280000
28 0.540000
28 5.130000
28 3.050000
28 7.170000
28 7.010000
28 1.030000
28 0.390000
28 1.490000
29 4.650000
29 2.820000
29 4.310000
29 0.800000
29 10.340000
29 3.530000
29 4.340000
29 10.470000
29 3.320000
29 1.060000
29 1.530000
29 15.150000
29 5.850000
29 4.860000
29 6.140000
29 2.350000
29 7.440000
29 0.840000
29 0.890000
29 0.990000
29 5.130000
29 0.760000
29 2.190000
29 0.570000
29 8.130000
29 14.100000
29 0.590000
29 10.030000
29 4.550000
29 1.020000
29 12.350000
29 1.220000
29 23.390000
29 8.520000
29 1.030000
29 3.770000
29 2.060000
29 7.130000
29 1.320000
29 3.390000
29 4.850000
29 1.560000
29 1.250000
29 5.300000
29 6.050000
29 1.420000
29 1.610000
29 20.390000
29 1.350000
29 1.210000
29 0.940000
29 1.650000
29 2.420000
29 3.530000
29 1.130000
29 3.150000
29 1.910000
29 3.600000
29 1.440000
29 4.760000
29 28.710000
29 2.410000
29 1.250000
29 2.810000
29 1.540000
29 1.150000
29 3.340000
29 6.160000
29 1.650000
29 6.710000
29 2.020000
29 2.230000
29 9.480000
29 0.630000
29 7.660000
29 0.530000
29 2.820000
29 2.080000
29 1.400000
29 15.190000
29 2.670000
29 5.090000
29 3.160000
29 11.100000
29 9.050000
29 2.050000
29 0.820000
29 3.560000
29 5.310000
29 4.780000
29 2.340000
29 3.090000
29 2.840000
29 12.620000
29 2.190000
29 6.770000
29 3.940000
29 2.300000
29 3.110000
29 2.820000
29 1.450000
29 3.610000
29 6.080000
29 6.880000
29 2.780000
29 13.190000
29 7.420000
29 1.170000
29 4.940000
29 4.080000
29 4.650000
29 1.320000
29 3.980000
29 1.860000
29 1.880000
29 1.030000
29 11.010000
29 3.340000
29 1.540000
29 19.710000
29 6.650000
29 2.710000
29 8.100000
29 2.880000
29 0.460000
29 2.610000
29 1.100000
29 0.920000
29 4.200000
29 6.800000
29 3.000000
29 1.130000
29 8.460000
29 3.460000
29 12.520000
29 1.680000
29 2.830000
29 2.460000
29 15.140000
29 2.610000
29 3.780000
29 8.860000
29 1.370000
29 2.800000
29 5.430000
29 3.840000
29 2.250000
29 8.260000
29 3.130000
29 7.680000
29 2.680000
29 2.740000
29 6.910000
29 17.210000
29 11.470000
29 5.260000
29 7.290000
29 5.180000
29 2.630000
29 6.940000
29 2.900000
29 3.340000
29 6.470000
29 11.850000
29 0.860000
29 6.080000
29 5.370000
29 6.550000
29 0.380000
29 5.610000
29 7.650000
29 1.470000
29 15.180000
29 3.790000
29 2.320000
29 3.050000
29 0.730000
29 6.170000
29 1.820000
29 3.930000
29 4.510000
29 11.780000
29 3.380000
29 4.060000
29 4.800000
29 1.570000
29 6.970000
29 1.560000
29 6.560000
29 2.570000
29 21.070000
29 1.270000
29 2.970000
29 2.420000
29 1.580000
29 4.470000
29 3.980000
29 0.780000
30 4.870000
30 13.170000
30 18.910000
30 3.750000
30 0.850000
30 32.500000
30 1.950000
30 9.420000
30 5.450000
30 0.970000
30 5.890000
30 5.420000
30 2.920000
30 3.400000
30 8.220000
30 10.620000
30 2.420000
30 22.790000
30 1.690000
30 4.400000
30 1.730000
30 8.710000
30 4.500000
30 11.140000
30 4.120000
30 7.020000
30 4.270000
30 7.090000
30 4.730000
30 10.640000
30 2.340000
30 1.590000
30 1.130000
30 14.430000
30 0.730000
30 6.280000
30 5.680000
30 3.750000
30 5.340000
30 8.700000
30 1.270000
30 10.670000
30 3.630000
30 5.960000
30 1.430000
30 4.880000
30 12.430000
30 3.600000
30 10.880000
30 21.080000
30 29.430000
30 19.460000
30 7.220000
30 6.350000
30 7.980000
30 4.960000
30 7.590000
30 4.050000
30 14.320000
30 6.750000
30 3.130000
30 0.840000
30 5.380000
30 4.330000
30 4.760000
30 18.380000
30 16.880000
30 5.420000
30 8.130000
30 2.000000
30 4.530000
30 0.930000
30 9.670000
30 5.660000
30 10.880000
30 6.500000
30 4.850000
30 8.400000
30 5.980000
30 5.030000
30 13.650000
30 8.130000
30 18.150000
30 16.080000
30 36.920000
30 1.630000
30 2.180000
30 3.980000
30 5.750000
30 5.670000
30 2.010000
30 5.300000
30 1.390000
30 11.750000
30 2.990000
30 1.660000
30 2.380000
30 8.030000
30 22.910000
30 4.910000
30 1.180000
30 6.930000
30 4.380000
30 8.890000
30 33.460000
30 3.390000
30 17.140000
30 2.290000
30 7.250000
30 14.910000
30 11.520000
30 9.030000
30 1.120000
30 2.710000
30 7.130000
30 1.010000
30 0.580000
30 0.680000
30 8.300000
30 2.970000
30 5.700000
30 4.500000
30 0.810000
30 0.990000
30 4.780000
30 2.900000
30 6.830000
30 18.060000
30 7.560000
30 2.280000
30 10.300000
30 10.690000
30 1.690000
30 1.360000
30 8.320000
30 1.850000
30 3.460000
30 4.440000
30 4.700000
30 8.010000
30 3.690000
30 1.670000
30 5.870000
30 6.160000
30 14.160000
30 7.570000
30 3.990000
30 5.800000
30 4.640000
30 7.500000
30 5.980000
30 1.300000
30 8.040000
30 13.650000
30 11.310000
30 6.920000
30 2.080000
30 5.500000
30 3.550000
30 4.890000
30 27.570000
30 6.570000
30 1.410000
30 2.170000
30 4.910000
30 18.950000
30 1.950000
30 1.170000
30 4.990000
30 1.050000
30 0.760000
30 0.860000
30 1.890000
30 7.140000
30 2.220000
30 5.980000
30 3.810000
30 6.420000
30 4.320000
30 6.150000
30 3.410000
30 7.190000
30 1.360000
30 3.310000
30 2.520000
30 7.280000
30 4.100000
30 5.350000
30 3.690000
30 24.280000
30 2.630000
30 1.790000
30 2.930000
30 4.190000
30 4.450000
30 14.570000
30 20.450000
30 6.390000
30 18.550000
30 1.560000
30 4.950000
30 16.290000
30 1.210000
30 5.490000
30 2.700000
30 2.610000
30 2.960000
30 4.170000
30 3.820000
30 6.930000
30 14.570000
30 13.130000
30 1.750000
30 6.480000
30 1.620000
30 5.010000
30 4.450000
30 5.370000
30 6.620000
30 10.360000
30 1.600000
30 17.920000
30 2.710000
30 8.220000
30 4.410000
30 14.560000
30 2.390000
30 17.570000
30 6.400000
30 5.330000
30 0.440000
30 6.370000
30 6.650000
30 18.800000
30 9.050000
30 1.760000
30 16.240000
30 6.870000
30 4.800000
30 5.500000
30 3.080000
30 0.790000
30 4.590000
30 13.650000
30 1.960000
30 4.270000
30 13.400000
30 11.720000
30 5.220000
30 4.890000
30 9.600000
30 2.270000
30 3.610000
30 16.660000
30 22.310000
30 7.450000
30 8.040000
30 7.600000
30 2.820000
30 5.980000
30 3.680000
30 3.430000
30 1.540000
30 2.820000
30 17.920000
30 1.580000
30 1.950000
30 11.860000
30 4.030000
30 7.110000
30 2.310000
30 0.680000
30 24.000000
30 1.890000
30 3.160000
30 8.710000
30 4.830000
30 3.830000
30 4.310000
30 2.470000
30 6.410000
30 9.020000
30 3.020000
30 1.820000
31 5.000000
31 31.300000
31 7.330000
31 2.850000
31 6.580000
31 2.480000
31 3.670000
31 8.930000
31 2.800000
31 1.400000
31 5.750000
31 3.810000
31 4.560000
31 13.750000
31 15.650000
31 11.900000
31 2.180000
31 7.170000
31 5.180000
31 11.610000
31 3.090000
31 4.650000
31 3.670000
31 3.000000
31 5.310000
31 2.410000
31 6.910000
31 11.440000
31 7.360000
31 9.740000
31 1.210000
31 6.090000
31 3.060000
31 1.820000
31 15.550000
31 7.020000
31 5.440000
31 8.180000
31 4.630000
31 1.730000
31 12.460000
31 2.810000
31 4.750000
31 3.550000
31 2.630000
31 0.810000
31 4.620000
31 10.980000
31 9.560000
31 20.940000
31 14.680000
31 7.100000
31 7.040000
31 3.530000
31 16.120000
31 5.700000
31 30.720000
31 12.970000
31 11.730000
31 1.880000
31 4.650000
31 2.710000
31 22.370000
31 4.770000
31 19.300000
31 22.620000
31 6.500000
31 10.570000
31 11.640000
31 9.210000
31 13.320000
31 4.060000
31 2.240000
31 7.900000
31 1.260000
31 9.870000
31 3.660000
31 7.780000
31 1.980000
31 8.580000
31 3.580000
31 2.820000
31 6.170000
31 16.440000
31 3.230000
31 9.720000
31 12.460000
31 2.520000
31 10.310000
31 6.090000
31 8.430000
31 20.770000
31 11.800000
31 6.910000
31 1.850000
31 13.330000
31 3.110000
31 8.960000
31 8.160000
31 4.360000
31 3.210000
31 5.010000
31 0.570000
31 2.700000
31 5.080000
31 7.470000
31 4.410000
31 14.470000
31 8.280000
31 6.110000
31 5.290000
31 6.720000
31 18.510000
31 2.220000
31 5.290000
31 26.840000
31 2.830000
31 1.380000
31 2.310000
31 7.220000
31 11.550000
31 6.770000
31 2.940000
31 12.090000
31 4.220000
31 9.330000
31 11.730000
31 18.780000
31 20.690000
31 1.580000
31 12.740000
31 7.340000
31 12.930000
31 6.080000
31 4.720000
31 11.070000
31 56.060000
31 7.140000
31 24.040000
31 10.940000
31 9.040000
31 2.420000
31 1.460000
31 10.250000
31 14.970000
31 10.660000
31 1.240000
31 4.890000
31 6.840000
31 12.410000
31 3.330000
31 4.810000
31 9.200000
31 13.950000
31 3.240000
31 7.110000
31 2.020000
31 15.530000
31 8.430000
31 21.450000
31 2.860000
31 3.060000
31 5.970000
31 3.410000
31 8.070000
31 2.040000
31 4.170000
31 1.610000
31 8.920000
31 4.730000
31 4.160000
31 1.720000
31 60.250000
31 8.020000
31 7.470000
31 2.240000
31 3.470000
31 7.490000
31 5.680000
31 12.940000
31 8.210000
31 8.440000
31 16.530000
31 7.470000
31 4.510000
31 11.240000
31 2.610000
31 10.830000
31 21.830000
31 24.490000
31 1.410000
31 8.390000
31 3.580000
31 2.650000
31 3.630000
31 5.690000
31 6.710000
31 2.060000
31 4.910000
31 0.950000
31 0.840000
31 6.060000
31 7.200000
31 16.530000
31 4.580000
31 5.680000
31 3.520000
31 8.660000
31 10.290000
31 7.570000
31 4.370000
31 4.110000
31 3.870000
31 19.110000
31 1.370000
31 3.180000
31 5.070000
31 18.540000
31 24.870000
31 3.030000
31 2.640000
31 5.440000
31 7.720000
31 13.380000
31 7.700000
31 5.190000
31 9.840000
31 0.750000
31 1.310000
31 10.840000
31 7.390000
31 9.640000
31 5.990000
31 12.060000
31 5.140000
31 3.040000
31 4.650000
31 18.480000
31 0.570000
31 9.670000
31 7.240000
31 8.030000
31 4.510000
31 11.020000
31 1.300000
31 25.080000
31 2.730000
31 2.080000
31 2.380000
31 3.730000
31 3.290000
31 4.730000
31 9.410000
31 8.970000
31 1.260000
31 1.460000
31 19.710000
31 3.980000
31 3.930000
31 16.630000
31 15.400000
31 39.840000
31 18.750000
31 10.330000
31 9.380000
31 25.010000
31 21.930000
31 4.160000
31 2.940000
31 10.170000
31 4.580000
31 2.960000
31 13.080000
31 13.480000
31 1.620000
31 3.140000
31 10.900000
31 10.030000
31 4.860000
31 8.600000
31 4.360000
31 8.790000
31 5.530000
31 10.020000
31 6.000000
31 2.770000
31 8.910000
31 13.230000
31 17.330000
31 5.670000
31 8.210000
31 1.760000
31 1.960000
31 26.510000
31 5.660000
31 1.550000
31 6.190000
31 1.910000
31 8.530000
31 15.510000
31 31.100000
31 7.780000
31 1.120000
31 2.590000
31 15.120000
31 12.720000
31 5.110000
31 7.230000
31 16.320000
31 9.050000
31 3.540000
31 5.740000
31 1.300000
31 2.900000
31 16.650000
31 6.760000
31 5.060000
31 6.930000
31 34.780000
31 7.240000
31 2.220000
31 19.110000
31 1.460000
31 10.090000
31 6.650000
31 3.710000
31 13.470000
31 6.720000
31 17.130000
31 8.200000
31 3.870000
31 5.870000
31 24.770000
31 13.440000
31 4.330000
31 10.550000
31 5.570000
31 30.090000
31 8.050000
31 19.290000
31 2.070000
31 8.130000
31 3.320000
31 11.750000
31 7.460000
31 11.700000
31 12.960000
31 15.100000
31 7.320000
31 4.690000
31 4.090000
31 16.790000
31 31.760000
31 14.070000
31 2.820000
31 16.130000
31 25.970000
31 2.050000
31 19.270000
31 4.020000
31 7.540000
31 6.980000
31 6.190000
31 1.570000
31 7.030000
31 7.310000
31 7.780000
31 2.760000
31 2.020000
31 10.030000
31 16.320000
31 4.240000
31 7.930000
31 5.140000
31 14.410000
31 9.400000
31 5.590000
31 10.160000
31 7.430000
31 12.990000
31 35.170000
31 4.360000
31 3.160000
31 9.230000
31 1.780000
31 3.840000
32 3.840000
32 13.100000
32 12.090000
32 19.480000
32 4.980000
32 3.890000
32 14.930000
32 53.070000
32 13.290000
32 14.330000
32 4.130000
32 1.870000
32 2.780000
32 37.390000
32 13.620000
32 19.130000
32 56.220000
32 3.710000
32 20.440000
32 15.490000
32 8.220000
32 7.850000
32 16.920000
32 4.370000
32 10.460000
32 11.710000
32 0.620000
32 7.610000
32 6.710000
32 10.290000
32 12.160000
32 2.570000
32 1.670000
32 13.320000
32 2.940000
32 6.730000
32 5.330000
32 2.310000
32 2.480000
32 10.090000
32 25.100000
32 37.930000
32 4.200000
32 26.190000
32 6.050000
32 11.740000
32 6.010000
32 10.990000
32 16.830000
32 7.230000
32 44.860000
32 5.160000
32 19.270000
32 2.650000
32 5.530000
32 9.500000
32 4.270000
32 38.580000
32 0.790000
32 8.610000
32 7.110000
32 33.990000
32 2.540000
32 21.210000
32 3.760000
32 8.570000
32 12.310000
32 6.850000
32 12.840000
32 38.020000
32 7.220000
32 12.570000
32 23.330000
32 5.950000
32 27.720000
32 22.800000
32 17.320000
32 3.960000
32 4.520000
32 14.090000
32 8.970000
32 8.710000
32 6.140000
32 27.630000
32 1.170000
32 4.120000
32 7.200000
32 16.780000
32 4.950000
32 8.940000
32 16.670000
32 6.140000
32 13.800000
32 6.190000
32 12.930000
32 14.010000
32 4.390000
32 27.600000
32 2.540000
32 21.410000
32 6.400000
32 5.990000
32 15.490000
32 2.100000
32 12.950000
32 5.160000
32 6.250000
32 14.220000
32 8.130000
32 2.990000
32 39.100000
32 14.240000
32 8.590000
32 2.780000
32 11.010000
32 9.200000
32 5.010000
32 18.410000
32 46.780000
32 22.060000
32 11.220000
32 6.210000
32 4.630000
32 10.430000
32 6.240000
32 14.380000
32 1.240000
32 14.830000
32 6.040000
32 14.510000
32 16.430000
32 5.860000
32 3.860000
32 1.770000
32 21.140000
32 6.840000
32 2.990000
32 4.050000
32 10.900000
32 7.800000
32 14.320000
32 32.740000
32 8.230000
32 10.390000
32 3.980000
32 29.620000
32 27.590000
32 2.500000
32 6.220000
32 7.680000
32 10.130000
32 11.040000
32 6.160000
32 18.750000
32 8.140000
32 2.410000
32 44.910000
32 5.860000
32 9.280000
32 6.780000
32 1.360000
32 5.560000
32 12.750000
32 28.440000
32 2.640000
32 1.750000
32 6.100000
32 5.780000
32 13.840000
32 8.500000
32 2.270000
32 3.950000
32 7.460000
32 25.270000
32 4.970000
32 5.800000
32 3.360000
32 5.420000
32 10.890000
32 10.230000
32 1.760000
32 13.440000
32 0.900000
32 16.590000
32 22.660000
32 4.660000
32 8.240000
32 5.350000
32 1.450000
32 14.520000
32 28.600000
32 6.240000
32 2.280000
32 5.910000
32 23.570000
32 26.640000
32 13.330000
32 45.010000
32 6.980000
32 24.290000
32 2.770000
32 8.080000
32 6.540000
32 1.410000
32 9.840000
32 11.010000
32 8.470000
32 6.540000
32 28.790000
32 3.940000
32 14.000000
32 7.530000
32 2.030000
32 10.740000
32 5.560000
32 9.930000
32 13.280000
32 15.880000
32 3.330000
32 6.320000
32 5.620000
32 12.600000
32 11.620000
32 2.730000
32 8.900000
32 2.030000
32 44.770000
32 12.170000
32 7.620000
32 27.050000
32 14.640000
32 13.190000
32 3.920000
32 5.460000
32 1.330000
32 19.630000
32 21.270000
32 5.280000
32 2.320000
32 11.160000
32 4.570000
32 4.340000
32 15.310000
32 18.010000
32 50.400000
32 1.610000
32 6.920000
32 9.870000
32 48.370000
32 4.160000
32 9.320000
32 17.410000
32 3.550000
32 8.270000
32 5.240000
32 24.930000
32 6.910000
32 1.670000
32 7.270000
32 5.370000
32 12.870000
32 21.520000
32 10.930000
32 3.460000
32 4.270000
32 12.700000
32 8.660000
32 11.750000
32 6.840000
32 4.540000
32 21.400000
32 1.630000
32 9.380000
32 16.140000
32 9.410000
32 5.610000
32 2.380000
32 5.880000
32 7.520000
32 8.640000
32 2.730000
32 15.800000
32 44.920000
32 11.250000
32 14.350000
32 5.970000
32 13.430000
32 7.780000
32 2.580000
32 12.130000
32 5.450000
32 7.240000
32 10.330000
32 21.570000
32 2.660000
32 15.120000
32 2.200000
32 6.350000
32 5.330000
32 27.340000
32 3.720000
32 1.990000
32 8.330000
32 4.930000
32 14.230000
32 18.600000
32 13.180000
32 12.650000
32 7.010000
32 3.820000
32 5.470000
32 2.340000
32 51.540000
32 15.400000
32 6.320000
32 16.700000
32 7.830000
32 4.620000
32 4.010000
32 6.320000
32 6.870000
32 3.680000
32 5.070000
32 11.150000
32 5.270000
32 15.070000
32 27.270000
32 5.160000
32 16.220000
32 10.180000
32 17.240000
32 1.990000
32 9.510000
32 3.540000
32 9.270000
32 13.360000
32 13.660000
32 9.670000
32 20.500000
32 4.430000
32 2.480000
32 6.520000
32 9.770000
32 11.080000
32 4.810000
32 17.560000
32 52.360000
32 13.570000
32 8.330000
32 14.830000
32 9.980000
32 4.530000
32 9.960000
32 9.360000
32 0.950000
32 6.990000
32 9.920000
32 21.470000
32 3.780000
32 13.070000
32 14.750000
32 11.690000
32 14.760000
32 7.420000
32 4.220000
32 1.600000
32 3.210000
32 21.900000
32 19.130000
32 22.000000
32 4.150000
32 12.840000
32 7.470000
32 5.380000
32 8.200000
32 1.880000
32 0.770000
32 6.320000
32 12.150000
32 4.910000
32 7.470000
32 3.960000
32 45.840000
32 8.090000
32 12.360000
32 25.900000
32 6.040000
32 6.570000
32 6.330000
32 1.940000
32 8.900000
32 11.170000
32 2.150000
32 9.920000
32 19.170000
32 38.080000
32 7.010000
32 14.180000
32 25.620000
32 1.250000
32 26.960000
32 4.780000
32 11.710000
32 11.820000
32 5.600000
32 6.050000
32 9.030000
32 22.980000
32 8.980000
32 25.750000
32 19.440000
32 11.680000
32 4.670000
32 9.060000
32 7.020000
32 5.990000
32 1.960000
32 3.830000
32 2.110000
32 3.930000
32 11.850000
32 14.830000
32 14.920000
33 6.550000
33 11.220000
33 1.760000
33 4.580000
33 4.850000
33 8.690000
33 6.520000
33 4.390000
33 1.650000
33 4.540000
33 3.750000
33 29.470000
33 10.830000
33 11.880000
33 2.230000
33 10.660000
33 3.840000
33 13.150000
33 8.590000
33 9.640000
33 1.150000
33 30.610000
33 4.260000
33 22.630000
33 6.970000
33 5.170000
33 1.900000
33 0.800000
33 3.780000
33 30.200000
33 14.220000
33 30.440000
33 3.590000
33 7.550000
33 28.640000
33 2.700000
33 1.920000
33 4.130000
33 12.470000
33 2.730000
33 23.140000
33 11.720000
33 20.830000
33 9.850000
33 66.170000
33 8.300000
33 7.190000
33 8.720000
33 25.710000
33 3.890000
33 20.300000
33 14.000000
33 16.210000
33 78.470000
33 11.470000
33 5.610000
33 48.770000
33 2.840000
33 58.980000
33 8.700000
33 13.980000
33 0.570000
33 1.280000
33 45.860000
33 11.040000
33 46.990000
33 1.500000
33 27.570000
33 14.690000
33 35.320000
33 5.370000
33 2.190000
33 3.330000
33 4.460000
33 11.960000
33 10.160000
33 19.520000
33 13.840000
33 17.400000
33 27.040000
33 29.620000
33 149.140000
33 18.840000
33 14.960000
33 18.000000
33 19.270000
33 13.830000
33 6.350000
33 10.260000
33 16.000000
33 6.390000
33 10.570000
33 52.560000
33 12.030000
33 12.760000
33 1.250000
33 11.360000
33 8.170000
33 11.800000
33 20.530000
33 6.150000
33 10.270000
33 18.330000
33 14.320000
33 23.520000
33 6.700000
33 17.930000
33 3.870000
33 3.030000
33 6.900000
33 4.040000
33 23.100000
33 36.770000
33 22.560000
33 28.950000
33 15.240000
33 22.820000
33 11.170000
33 6.550000
33 9.210000
33 12.950000
33 9.460000
33 27.680000
33 7.320000
33 5.110000
33 28.420000
33 1.570000
33 25.590000
33 25.710000
33 6.850000
33 9.010000
33 6.480000
33 11.260000
33 0.750000
33 9.800000
33 8.920000
33 13.830000
33 6.750000
33 11.360000
33 44.360000
33 10.870000
33 3.260000
33 19.820000
33 10.410000
33 12.700000
33 6.990000
33 84.890000
33 8.200000
33 3.120000
33 15.420000
33 3.570000
33 14.080000
33 18.840000
33 44.230000
33 21.950000
33 9.920000
33 5.080000
33 0.820000
33 19.150000
33 6.150000
33 23.090000
33 24.940000
33 13.790000
33 8.170000
33 17.360000
33 9.100000
33 23.570000
33 5.480000
33 30.540000
33 40.930000
33 5.320000
33 2.300000
33 38.460000
33 15.910000
33 12.660000
33 8.300000
33 4.570000
33 36.270000
33 19.100000
33 2.870000
33 56.880000
33 6.010000
33 14.010000
33 10.710000
33 7.410000
33 8.030000
33 14.230000
33 26.160000
33 4.750000
33 19.430000
33 8.500000
33 4.760000
33 13.350000
33 17.960000
33 13.650000
33 27.480000
33 8.510000
33 30.180000
33 10.770000
33 5.860000
33 7.840000
33 1.220000
33 6.410000
33 2.310000
33 4.270000
33 3.880000
33 3.930000
33 7.390000
33 33.230000
33 4.880000
33 4.250000
33 22.720000
33 6.820000
33 11.270000
33 5.940000
33 1.270000
33 3.400000
33 5.450000
33 40.120000
33 11.050000
33 6.590000
33 3.570000
33 7.570000
33 7.730000
33 8.110000
33 18.420000
33 21.440000
33 1.320000
33 20.850000
33 1.440000
33 7.840000
33 8.150000
33 1.720000
33 8.690000
33 17.520000
33 11.120000
33 10.640000
33 15.890000
33 2.420000
33 4.740000
33 10.170000
33 8.730000
33 11.040000
33 26.390000
33 1.800000
33 7.860000
33 16.290000
33 15.030000
33 25.610000
33 14.620000
33 2.160000
33 21.090000
33 10.610000
33 10.970000
33 15.960000
33 14.490000
33 6.170000
33 15.080000
33 20.180000
33 7.990000
33 10.010000
33 29.180000
33 22.700000
33 27.650000
33 3.060000
33 29.020000
33 6.960000
33 32.820000
33 1.630000
33 19.230000
33 2.030000
33 7.210000
33 9.790000
33 1.210000
33 17.160000
33 29.050000
33 6.450000
33 51.280000
33 11.660000
33 3.890000
33 1.260000
33 31.770000
33 8.080000
33 19.410000
33 3.850000
33 4.780000
33 11.360000
33 24.020000
33 5.610000
33 7.390000
33 19.300000
33 3.660000
33 5.460000
33 13.600000
33 42.140000
33 28.760000
33 0.740000
33 3.720000
33 1.820000
33 7.440000
33 4.980000
33 9.920000
33 6.530000
33 3.370000
33 3.990000
33 9.050000
33 43.940000
33 11.530000
33 1.780000
33 8.570000
33 24.410000
33 6.070000
33 9.600000
33 6.300000
33 100.240000
33 2.870000
33 2.980000
33 24.770000
33 3.100000
33 14.550000
33 13.830000
33 17.310000
33 27.700000
33 35.980000
33 3.550000
33 23.410000
33 6.440000
33 12.250000
33 8.730000
33 10.250000
33 21.330000
33 3.090000
33 3.050000
33 14.010000
33 2.710000
33 7.460000
33 31.150000
33 14.180000
33 4.980000
33 14.760000
33 14.780000
33 63.630000
33 8.140000
33 8.850000
33 8.240000
33 8.380000
33 18.870000
33 18.140000
33 55.720000
33 3.720000
33 19.100000
33 7.410000
33 4.290000
33 6.380000
33 10.900000
33 14.320000
33 4.100000
33 12.250000
33 59.200000
33 7.910000
33 8.710000
33 35.540000
33 22.070000
33 21.130000
33 16.530000
33 10.410000
33 13.250000
33 15.700000
33 9.510000
33 1.700000
33 13.270000
33 5.670000
33 1.180000
33 1.900000
33 7.440000
33 14.720000
33 8.210000
33 7.010000
33 8.020000
33 2.630000
33 9.400000
33 5.040000
33 24.750000
33 9.230000
33 14.040000
33 22.210000
33 5.540000
33 9.250000
33 107.450000
33 7.530000
33 4.590000
33 7.450000
33 2.830000
33 20.270000
33 11.520000
33 31.330000
33 31.660000
33 24.020000
33 22.460000
33 4.240000
33 6.470000
33 22.180000
33 20.790000
33 3.360000
33 8.500000
33 10.790000
33 17.970000
33 7.990000
33 5.550000
33 29.510000
33 41.410000
33 23.570000
33 4.160000
33 14.770000
33 7.470000
33 2.350000
33 77.930000
33 2.060000
33 4.360000
33 22.920000
33 6.800000
33 3.750000
33 18.910000
33 8.360000
33 33.170000
33 8.990000
33 3.270000
33 11.680000
33 10.470000
33 12.320000
33 16.360000
33 5.990000
33 20.310000
33 11.340000
33 16.650000
33 10.060000
33 23.320000
33 9.340000
33 9.770000
33 139.230000
33 19.100000
33 6.510000
33 19.500000
33 1.330000
33 6.730000
33 7.390000
33 12.280000
33 2.390000
33 5.310000
33 2.270000
33 8.040000
33 17.010000
33 2.990000
33 25.330000
33 5.530000
33 18.170000
33 14.310000
33 4.750000
33 8.100000
33 19.870000
33 2.130000
33 9.880000
33 10.290000
33 3.210000
33 2.440000
33 17.260000
33 7.010000
33 49.510000
33 20.430000
33 35.760000
33 29.150000
33 58.560000
33 20.170000
33 4.040000
33 16.710000
33 6.970000
33 12.810000
33 16.460000
33 11.990000
33 24.450000
33 19.690000
33 16.470000
33 13.650000
33 5.450000
33 6.970000
33 1.880000
33 29.990000
33 18.610000
33 2.680000
33 2.290000
33 10.570000
33 21.520000
33 2.230000
33 9.250000
33 14.630000
33 75.860000
33 4.560000
33 19.710000
33 1.060000
33 14.340000
33 10.740000
33 25.750000
33 27.030000
33 8.400000
33 8.100000
33 8.800000
33 12.450000
33 19.000000
33 42.910000
33 6.610000
33 5.330000
33 9.040000
33 16.220000
33 14.060000
33 2.880000
33 8.800000
33 1.340000
33 5.050000
33 1.380000
33 22.670000
33 0.610000
33 13.720000
33 1.690000
33 11.920000
33 20.050000
33 7.780000
33 14.670000
33 11.440000
