#n running-time
15 0.600000
16 4.560000
16 2.250000
16 1.190000
16 0.850000
16 0.950000
16 1.470000
16 1.600000
16 0.800000
16 2.170000
16 2.850000
16 1.150000
16 1.390000
16 0.550000
17 0.730000
17 6.040000
17 1.940000
17 6.140000
17 3.230000
17 3.060000
17 4.850000
17 2.270000
17 3.630000
17 11.030000
17 2.500000
17 2.300000
17 1.490000
17 2.270000
17 1.390000
17 3.950000
17 2.450000
17 1.250000
17 5.870000
17 3.500000
17 2.000000
17 1.310000
17 1.860000
17 2.500000
17 1.140000
17 2.030000
17 2.430000
17 2.730000
18 2.230000
18 1.810000
18 1.980000
18 2.480000
18 3.760000
18 1.580000
18 2.800000
18 3.900000
18 4.740000
18 11.380000
18 9.320000
18 2.630000
18 3.210000
18 2.540000
18 3.180000
18 7.610000
18 1.020000
18 1.650000
18 4.050000
18 1.680000
18 5.980000
18 2.390000
18 4.210000
18 5.320000
18 5.000000
18 2.300000
18 0.640000
18 1.430000
18 0.790000
18 4.580000
18 2.880000
18 7.540000
18 3.180000
18 5.510000
18 1.540000
18 0.520000
18 3.060000
18 4.290000
18 26.400000
18 3.260000
18 3.630000
18 6.120000
18 2.480000
18 2.080000
18 2.860000
18 5.360000
18 1.890000
18 1.540000
18 6.250000
18 4.820000
18 1.780000
18 5.300000
18 3.010000
18 2.210000
18 1.330000
18 1.640000
18 4.870000
18 6.960000
18 0.610000
18 3.820000
18 2.670000
18 9.530000
18 1.830000
18 5.400000
18 13.880000
18 2.680000
18 3.330000
18 5.910000
18 7.440000
18 2.760000
18 3.640000
18 2.060000
18 2.950000
18 1.970000
18 1.610000
18 1.840000
18 3.360000
18 3.950000
18 3.430000
18 4.480000
18 3.380000
18 5.760000
18 9.860000
18 0.920000
18 5.790000
18 2.810000
18 4.110000
18 3.560000
18 5.470000
18 1.680000
18 10.210000
18 3.380000
18 5.040000
18 4.840000
18 2.180000
18 1.190000
18 2.460000
18 6.430000
18 5.670000
18 5.890000
18 2.760000
18 2.920000
18 8.880000
18 1.900000
18 4.040000
18 2.690000
18 2.370000
19 3.110000
19 1.940000
19 3.670000
19 3.530000
19 4.410000
19 2.520000
19 7.760000
19 3.160000
19 3.580000
19 9.660000
19 1.410000
19 3.060000
19 8.010000
19 1.760000
19 12.450000
19 3.550000
19 7.060000
19 2.430000
19 3.560000
19 2.580000
19 1.980000
19 0.910000
19 4.190000
19 3.840000
19 5.940000
19 4.700000
19 1.180000
19 1.630000
19 3.100000
19 2.280000
19 6.560000
19 8.450000
19 4.980000
19 4.500000
19 0.970000
19 2.800000
19 10.030000
19 6.050000
19 5.160000
19 1.380000
19 2.490000
19 3.650000
19 4.320000
19 7.890000
19 2.250000
19 3.010000
19 6.400000
19 5.190000
19 7.140000
19 9.360000
19 5.930000
19 4.640000
19 6.640000
19 11.010000
19 3.910000
19 2.090000
19 1.320000
19 3.740000
19 3.680000
19 5.000000
19 5.320000
19 1.790000
19 6.500000
19 8.280000
19 2.780000
19 2.740000
19 8.920000
19 7.490000
19 1.970000
19 13.620000
19 8.830000
19 7.030000
19 4.850000
19 3.040000
19 2.020000
19 5.600000
19 1.460000
19 5.740000
19 5.980000
19 7.570000
19 3.770000
19 6.110000
19 1.490000
19 3.630000
19 1.080000
19 6.300000
19 4.390000
19 4.840000
19 1.550000
19 1.440000
19 5.630000
19 3.080000
19 18.260000
19 4.450000
19 8.360000
19 3.180000
19 3.900000
19 8.350000
19 3.340000
19 1.930000
19 3.810000
19 1.840000
19 2.900000
19 1.410000
19 2.460000
19 2.450000
19 5.120000
19 9.210000
19 3.940000
19 11.790000
19 10.660000
19 3.970000
19 5.410000
19 3.580000
19 16.760000
19 3.530000
19 1.780000
19 2.470000
19 2.770000
19 6.170000
19 6.860000
19 3.140000
19 9.250000
19 4.610000
19 10.650000
19 6.450000
19 2.530000
19 5.050000
19 1.980000
19 11.220000
19 2.960000
19 3.080000
19 2.370000
19 0.990000
19 3.360000
19 1.580000
19 3.460000
19 3.950000
19 9.010000
19 4.560000
19 1.380000
19 12.050000
19 1.810000
19 9.910000
19 2.620000
19 6.480000
19 5.050000
19 8.130000
19 9.360000
19 3.010000
19 5.110000
19 5.810000
19 1.630000
19 1.150000
19 2.960000
19 4.270000
19 1.680000
19 2.340000
19 1.450000
19 3.300000
19 4.690000
19 2.100000
19 6.120000
19 1.450000
19 4.150000
19 4.110000
19 1.520000
19 10.340000
19 1.490000
19 5.410000
19 8.750000
19 5.240000
19 1.590000
19 4.390000
19 7.750000
19 3.650000
19 3.800000
19 1.220000
19 6.050000
19 8.560000
19 5.950000
19 4.860000
19 11.080000
19 5.920000
19 3.520000
19 5.960000
19 4.010000
19 5.170000
19 4.700000
19 3.840000
19 3.380000
19 5.750000
19 4.470000
19 9.290000
19 2.610000
19 3.010000
19 1.490000
19 4.890000
19 7.810000
20 2.610000
20 6.540000
20 3.340000
20 13.230000
20 6.090000
20 13.520000
20 3.290000
20 5.630000
20 7.290000
20 11.950000
20 2.390000
20 6.570000
20 12.670000
20 4.260000
20 8.790000
20 5.050000
20 8.210000
20 12.150000
20 3.860000
20 9.680000
20 6.490000
20 2.810000
20 1.050000
20 7.370000
20 8.670000
20 24.860000
20 3.560000
20 11.220000
20 1.340000
20 8.590000
20 6.900000
20 5.310000
20 14.660000
20 2.280000
20 8.080000
20 6.740000
20 4.090000
20 9.550000
20 8.930000
20 20.890000
20 7.540000
20 14.870000
20 5.890000
20 6.470000
20 1.650000
20 2.270000
20 6.690000
20 7.360000
20 2.550000
20 8.690000
20 4.860000
20 5.440000
20 14.750000
20 7.410000
20 40.370000
20 1.390000
20 5.430000
20 5.760000
20 15.780000
20 13.570000
20 3.590000
20 12.570000
20 6.290000
20 2.270000
20 16.620000
20 3.370000
20 4.970000
20 1.960000
20 4.140000
20 7.870000
20 8.380000
20 7.560000
20 8.720000
20 12.160000
20 2.890000
20 11.790000
20 3.560000
20 2.510000
20 3.230000
20 4.960000
20 4.360000
20 5.160000
20 7.810000
20 9.320000
20 17.060000
20 2.870000
20 7.550000
20 3.010000
20 21.790000
20 4.550000
20 6.550000
20 5.850000
20 5.530000
20 10.580000
20 2.340000
20 15.590000
20 12.780000
20 5.510000
20 23.320000
20 8.800000
20 5.140000
20 8.720000
20 5.500000
20 5.250000
20 4.970000
20 1.740000
20 3.230000
20 1.810000
20 4.860000
20 3.050000
20 9.850000
20 5.700000
20 9.060000
20 5.340000
20 4.590000
20 4.460000
20 3.720000
20 10.330000
20 6.700000
20 11.150000
20 7.380000
20 2.850000
20 5.960000
20 6.330000
20 5.530000
20 10.520000
20 3.030000
20 4.750000
20 8.290000
20 5.330000
20 6.920000
20 15.640000
20 5.090000
20 3.130000
20 4.450000
20 5.720000
20 10.850000
20 17.020000
20 6.050000
20 5.560000
20 3.560000
20 1.530000
20 9.630000
20 2.170000
20 5.940000
20 4.570000
20 25.050000
20 9.980000
20 3.180000
20 2.400000
20 5.840000
20 11.060000
20 5.490000
20 13.150000
20 5.990000
20 13.480000
20 6.750000
20 3.450000
20 3.560000
20 9.900000
20 8.340000
20 5.130000
20 7.070000
20 5.370000
20 5.190000
20 3.670000
20 1.620000
20 9.710000
20 20.060000
20 5.310000
20 2.620000
20 2.230000
20 9.660000
20 2.390000
20 17.650000
20 4.290000
20 3.990000
20 2.340000
20 10.930000
20 5.250000
20 8.090000
20 5.930000
20 10.470000
20 4.280000
20 8.560000
20 9.350000
20 8.090000
20 12.140000
20 2.870000
20 11.340000
20 9.380000
20 5.030000
20 13.570000
20 2.410000
20 5.150000
20 7.180000
20 10.450000
20 5.110000
20 4.520000
20 3.200000
20 8.150000
20 3.550000
20 8.180000
20 12.900000
20 5.750000
20 3.440000
20 6.790000
20 3.320000
20 3.500000
20 9.400000
20 5.580000
20 1.730000
20 4.580000
20 3.730000
20 8.460000
20 13.500000
20 6.190000
20 3.660000
20 26.690000
20 2.920000
20 5.050000
20 2.610000
20 5.290000
20 4.830000
20 2.660000
20 8.990000
20 4.650000
20 7.210000
20 5.040000
20 8.530000
20 4.290000
20 3.600000
20 9.590000
20 17.450000
20 4.580000
20 9.920000
20 10.580000
20 4.770000
20 5.410000
20 2.700000
20 6.850000
20 21.040000
20 2.240000
20 11.050000
20 6.390000
20 2.640000
20 6.220000
20 5.750000
20 7.070000
20 5.840000
20 3.110000
20 0.800000
20 8.930000
20 6.360000
20 21.900000
20 9.990000
20 2.520000
20 4.590000
20 7.290000
20 5.320000
20 10.360000
20 12.970000
20 13.260000
20 10.590000
20 7.060000
20 10.490000
20 3.990000
20 9.370000
20 7.150000
20 9.110000
20 13.230000
20 14.910000
20 3.230000
20 3.910000
21 4.340000
21 10.540000
21 7.060000
21 30.540000
21 45.440000
21 4.150000
21 7.720000
21 5.520000
21 8.480000
21 26.450000
21 5.380000
21 12.780000
21 16.530000
21 8.760000
21 10.800000
21 21.820000
21 5.070000
21 12.280000
21 5.060000
21 8.500000
21 10.970000
21 4.910000
21 13.550000
21 24.920000
21 4.520000
21 10.630000
21 7.140000
21 15.000000
21 2.950000
21 17.640000
21 8.550000
21 23.220000
21 20.020000
21 6.670000
21 6.690000
21 19.410000
21 4.230000
21 3.830000
21 12.090000
21 3.390000
21 13.810000
21 14.460000
21 4.270000
21 6.090000
21 3.890000
21 8.540000
21 9.630000
21 23.730000
21 11.560000
21 5.860000
21 6.190000
21 8.610000
21 15.390000
21 18.790000
21 12.030000
21 23.000000
21 23.590000
21 4.530000
21 31.780000
21 10.800000
21 11.430000
21 7.610000
21 2.540000
21 8.400000
21 14.830000
21 9.230000
21 5.610000
21 6.070000
21 24.510000
21 32.720000
21 7.040000
21 8.320000
21 3.350000
21 4.600000
21 10.730000
21 4.630000
21 23.250000
21 11.110000
21 12.230000
21 4.250000
21 5.400000
21 3.350000
21 8.110000
21 3.440000
21 5.100000
21 16.500000
21 6.140000
21 9.930000
21 5.270000
21 10.890000
21 15.620000
21 8.680000
21 12.620000
21 4.260000
21 15.660000
21 6.540000
21 21.350000
21 14.840000
21 4.600000
21 13.850000
21 10.420000
21 6.730000
21 9.520000
21 3.010000
21 12.210000
21 4.390000
21 22.380000
21 15.490000
21 18.820000
21 2.880000
21 2.770000
21 11.500000
21 7.980000
21 10.880000
21 8.400000
21 5.810000
21 9.280000
21 5.550000
21 8.090000
21 14.910000
21 2.670000
21 7.680000
21 16.120000
21 4.190000
21 5.230000
21 6.220000
21 22.270000
21 5.020000
21 4.360000
21 4.110000
21 9.500000
21 10.880000
21 18.170000
21 9.810000
21 9.720000
21 4.610000
21 13.020000
21 12.900000
21 21.050000
21 8.060000
21 10.040000
21 7.580000
21 11.080000
21 3.430000
21 15.620000
21 12.410000
21 7.170000
21 21.260000
21 2.710000
21 12.060000
21 12.710000
21 7.230000
21 9.880000
21 13.390000
21 25.590000
21 6.590000
21 8.400000
21 12.540000
21 5.740000
21 6.170000
21 9.070000
21 13.220000
21 19.960000
21 24.720000
21 46.080000
21 7.240000
21 5.090000
21 8.010000
21 11.820000
21 6.110000
21 5.150000
21 3.730000
21 3.260000
21 15.620000
21 7.030000
21 12.710000
21 9.750000
21 8.250000
21 10.830000
21 34.030000
21 9.070000
21 8.370000
21 5.670000
21 22.080000
21 17.600000
21 10.440000
21 13.370000
21 12.170000
21 8.370000
21 8.250000
21 23.260000
21 14.000000
21 7.110000
21 20.470000
21 6.230000
21 7.740000
21 15.990000
21 12.100000
21 9.730000
21 11.430000
21 6.300000
21 7.530000
21 5.570000
21 7.620000
21 6.060000
21 4.530000
21 13.270000
21 10.980000
21 7.330000
21 2.630000
21 7.610000
21 10.010000
21 6.020000
21 5.890000
21 8.530000
21 5.470000
21 20.930000
21 1.940000
21 26.650000
21 5.560000
21 5.010000
21 12.330000
21 36.020000
21 17.230000
21 4.520000
21 5.360000
21 17.680000
21 7.140000
21 8.520000
21 8.120000
21 3.300000
21 2.910000
21 15.080000
21 6.140000
21 6.170000
21 17.040000
21 7.430000
21 7.280000
21 32.780000
21 8.950000
21 10.430000
21 8.110000
21 9.780000
21 11.430000
21 10.350000
21 19.300000
21 6.690000
21 5.730000
21 15.400000
21 4.360000
21 6.660000
21 10.580000
21 1.410000
21 9.250000
21 3.330000
21 7.070000
21 12.110000
21 18.160000
21 4.610000
21 6.520000
21 11.030000
21 10.600000
21 13.430000
21 13.080000
21 7.780000
21 9.610000
21 12.070000
21 5.930000
21 7.350000
21 16.650000
21 7.470000
21 3.450000
21 8.780000
21 7.060000
21 10.590000
21 5.210000
21 19.450000
21 3.410000
21 2.700000
21 7.360000
21 8.490000
21 16.500000
21 9.450000
21 8.380000
21 14.570000
21 9.380000
21 7.880000
21 18.380000
21 8.220000
21 6.810000
21 10.110000
21 4.710000
21 6.290000
21 17.260000
21 11.850000
21 13.510000
21 6.110000
21 6.020000
21 9.420000
21 5.180000
21 2.230000
21 34.680000
21 13.560000
21 12.320000
21 3.430000
21 3.010000
21 7.520000
21 12.240000
21 3.660000
21 24.240000
21 10.660000
21 10.090000
21 6.780000
21 3.790000
21 11.470000
21 10.060000
21 15.210000
21 5.990000
21 20.480000
21 12.140000
21 6.950000
21 5.530000
21 19.760000
21 53.450000
21 4.810000
21 11.150000
21 5.890000
21 11.410000
21 9.380000
21 12.140000
21 6.900000
21 2.420000
21 15.990000
21 11.810000
21 7.990000
21 21.640000
21 1.980000
21 6.450000
21 18.250000
21 18.420000
21 4.470000
21 14.570000
21 3.130000
21 3.160000
21 10.230000
21 7.650000
21 3.200000
21 8.640000
21 18.170000
21 4.820000
21 9.630000
21 12.600000
21 23.480000
21 6.060000
21 8.210000
21 15.510000
21 14.180000
21 4.160000
21 5.350000
21 6.260000
21 23.950000
21 7.490000
21 5.360000
21 7.160000
21 4.080000
21 11.970000
21 4.020000
21 16.810000
21 9.890000
21 22.190000
21 7.750000
21 30.460000
21 40.270000
21 12.840000
21 4.180000
21 7.360000
21 6.550000
21 3.690000
21 15.910000
21 7.190000
21 5.860000
21 7.950000
21 2.870000
21 8.390000
21 15.190000
21 6.020000
21 9.930000
21 2.910000
21 6.940000
21 13.830000
21 13.910000
21 12.070000
21 13.280000
21 3.060000
21 4.230000
21 2.970000
22 15.880000
22 9.240000
22 9.850000
22 26.110000
22 2.280000
22 32.180000
22 18.980000
22 36.350000
22 30.440000
22 24.630000
22 4.450000
22 28.290000
22 11.290000
22 8.640000
22 5.270000
22 19.790000
22 10.710000
22 11.770000
22 13.510000
22 27.230000
22 4.140000
22 20.830000
22 19.670000
22 8.140000
22 10.970000
22 15.750000
22 24.960000
22 13.740000
22 8.760000
22 15.860000
22 17.790000
22 13.090000
22 12.930000
22 36.970000
22 19.430000
22 24.720000
22 15.510000
22 12.060000
22 5.710000
22 19.500000
22 14.910000
22 10.550000
22 22.330000
22 30.380000
22 12.360000
22 4.690000
22 6.350000
22 11.090000
22 8.330000
22 5.470000
22 10.600000
22 6.280000
22 10.430000
22 4.920000
22 8.020000
22 75.920000
22 21.470000
22 4.920000
22 10.690000
22 22.380000
22 17.910000
22 26.890000
22 15.470000
22 21.380000
22 12.620000
22 7.750000
22 10.400000
22 12.740000
22 6.010000
22 9.750000
22 15.180000
22 8.190000
22 8.640000
22 16.240000
22 3.950000
22 27.340000
22 10.670000
22 22.360000
22 11.100000
22 14.360000
22 5.870000
22 10.530000
22 7.270000
22 11.400000
22 27.130000
22 4.710000
22 7.110000
22 17.890000
22 36.690000
22 12.210000
22 6.120000
22 8.440000
22 42.250000
22 44.110000
22 7.510000
22 18.760000
22 12.360000
22 22.500000
22 4.980000
22 10.540000
22 4.200000
22 35.740000
22 23.910000
22 38.870000
22 4.020000
22 7.030000
22 2.890000
22 12.140000
22 30.160000
22 30.880000
22 5.710000
22 18.260000
22 16.720000
22 62.990000
22 7.550000
22 6.160000
22 14.150000
22 13.260000
22 18.740000
22 7.790000
22 13.240000
22 12.430000
22 55.120000
22 15.470000
22 36.740000
22 16.160000
22 25.480000
22 7.830000
22 8.270000
22 17.970000
22 14.610000
22 36.220000
22 18.790000
22 23.040000
22 7.060000
22 11.630000
22 17.310000
22 42.070000
22 13.330000
22 11.460000
22 2.940000
22 31.700000
22 7.940000
22 12.960000
22 19.050000
22 7.410000
22 12.640000
22 6.480000
22 14.680000
22 16.320000
22 24.490000
22 12.840000
22 21.620000
22 15.980000
22 7.790000
22 19.400000
22 14.630000
22 14.950000
22 25.420000
22 15.660000
22 28.840000
22 28.210000
22 9.780000
22 15.480000
22 12.880000
22 31.180000
22 13.020000
22 17.920000
22 3.500000
22 11.360000
22 3.740000
22 11.750000
22 4.000000
22 34.670000
22 17.440000
22 6.190000
22 22.810000
22 8.060000
22 28.600000
22 6.410000
22 6.260000
22 24.160000
22 17.530000
22 11.120000
22 16.460000
22 16.130000
22 22.900000
22 2.670000
22 11.740000
22 2.710000
22 8.190000
22 11.440000
22 5.620000
22 13.240000
22 7.960000
22 20.880000
22 12.390000
22 24.830000
22 5.650000
22 12.750000
22 32.020000
22 9.230000
22 36.670000
22 9.990000
22 3.850000
22 13.740000
22 4.750000
22 13.540000
22 8.440000
22 10.390000
22 20.510000
22 7.900000
22 13.750000
22 10.450000
22 32.790000
22 7.280000
22 16.060000
22 7.190000
22 24.000000
22 19.620000
22 41.590000
22 10.520000
22 5.350000
22 5.030000
22 54.190000
22 29.460000
22 6.530000
22 10.910000
22 12.530000
22 15.810000
22 11.700000
22 14.490000
22 19.120000
22 4.590000
22 2.450000
22 10.250000
22 12.430000
22 13.530000
22 6.250000
22 44.000000
22 11.630000
22 10.490000
22 22.150000
22 17.870000
22 6.650000
22 7.040000
22 7.620000
22 33.990000
22 9.640000
22 19.210000
22 7.240000
22 29.860000
22 23.910000
22 9.910000
22 8.040000
22 21.910000
22 24.370000
22 18.140000
22 11.710000
22 13.270000
22 20.260000
22 26.500000
22 11.220000
22 21.150000
22 21.660000
22 7.400000
22 9.580000
22 12.050000
22 24.770000
22 23.130000
22 17.030000
22 19.680000
22 30.620000
22 12.320000
22 5.640000
22 30.310000
22 12.240000
22 20.530000
22 15.670000
22 10.100000
22 7.860000
22 5.950000
22 14.820000
22 15.460000
22 16.580000
22 21.290000
22 6.690000
22 14.200000
22 8.870000
22 42.380000
22 11.460000
22 15.240000
22 46.190000
22 9.570000
22 75.200000
22 19.700000
22 7.390000
22 8.240000
22 22.730000
22 10.510000
22 16.260000
22 9.020000
22 44.760000
22 21.670000
22 11.560000
22 30.220000
22 55.430000
22 7.930000
22 9.510000
22 8.250000
22 28.070000
22 20.800000
22 3.970000
22 18.970000
22 23.380000
22 9.970000
22 9.250000
22 7.820000
22 14.000000
22 14.970000
22 14.470000
22 15.720000
22 8.960000
22 24.800000
22 17.450000
22 6.900000
22 21.190000
22 17.550000
22 18.320000
22 15.650000
22 11.880000
22 11.530000
22 4.170000
22 5.680000
22 10.480000
22 18.190000
22 16.300000
22 4.320000
22 10.800000
22 17.230000
22 9.630000
22 30.780000
22 6.220000
22 12.830000
22 13.150000
22 10.440000
22 10.120000
22 7.490000
22 27.380000
22 22.130000
22 4.510000
22 9.300000
22 15.620000
22 25.600000
22 8.380000
22 28.040000
22 41.220000
22 53.470000
22 16.080000
22 7.640000
22 7.580000
22 14.850000
22 6.330000
22 6.510000
22 14.540000
22 20.370000
22 10.140000
22 13.370000
22 6.950000
22 13.110000
22 18.740000
22 33.340000
22 6.960000
22 16.320000
22 16.880000
22 15.410000
22 25.550000
22 13.310000
22 26.100000
22 11.670000
22 9.040000
22 14.290000
22 15.500000
22 10.060000
22 14.200000
22 33.930000
22 7.940000
22 9.930000
22 8.740000
22 9.060000
22 28.590000
22 3.460000
22 10.870000
22 5.250000
22 11.910000
22 15.180000
22 12.730000
22 7.770000
22 12.670000
22 9.710000
22 10.340000
22 21.070000
22 11.880000
22 18.590000
22 16.890000
22 25.380000
22 8.430000
22 5.710000
22 7.790000
22 21.190000
22 5.250000
22 9.130000
22 21.250000
22 19.730000
22 5.690000
22 51.260000
22 8.920000
22 28.570000
22 7.430000
22 7.320000
22 8.380000
22 19.790000
22 13.580000
22 27.940000
22 15.400000
22 10.670000
22 28.300000
22 29.660000
22 2.570000
22 9.550000
22 14.280000
22 12.080000
