#n running-time
27 2.690000
28 3.730000
28 6.430000
28 3.830000
28 1.230000
29 2.100000
29 5.290000
29 11.990000
29 1.790000
29 1.530000
29 2.140000
29 1.340000
29 1.560000
29 2.640000
29 0.790000
29 1.360000
29 4.350000
29 4.290000
29 4.620000
29 1.040000
29 3.640000
29 0.740000
29 9.630000
29 4.430000
29 2.710000
29 5.960000
30 2.640000
30 4.460000
30 3.310000
30 2.030000
30 2.330000
30 1.980000
30 10.240000
30 1.940000
30 2.310000
30 4.890000
30 2.960000
30 0.830000
30 6.020000
30 5.110000
30 1.790000
30 2.980000
30 4.650000
30 3.630000
30 5.030000
30 3.550000
30 6.840000
30 3.030000
30 6.240000
30 1.190000
30 2.390000
30 1.910000
30 6.160000
30 10.860000
30 6.660000
30 4.800000
30 2.410000
30 1.380000
30 1.700000
30 3.760000
30 1.480000
30 3.650000
30 0.770000
30 4.690000
30 3.720000
30 0.900000
30 1.420000
30 7.360000
30 4.300000
30 3.120000
30 1.260000
30 2.180000
30 1.870000
30 2.930000
30 2.600000
30 0.630000
30 2.700000
30 4.310000
30 1.860000
30 8.500000
30 7.050000
30 1.360000
30 14.670000
30 2.300000
30 3.820000
30 6.940000
31 8.380000
31 2.000000
31 5.070000
31 0.870000
31 5.010000
31 6.430000
31 11.110000
31 1.010000
31 7.170000
31 2.990000
31 3.290000
31 8.000000
31 7.420000
31 1.140000
31 0.950000
31 3.430000
31 8.950000
31 8.210000
31 5.340000
31 6.210000
31 1.350000
31 7.560000
31 3.580000
31 8.810000
31 9.200000
31 5.930000
31 20.150000
31 16.950000
31 4.630000
31 11.070000
31 2.590000
31 1.680000
31 3.480000
31 2.820000
31 6.090000
31 6.930000
31 1.960000
31 3.870000
31 15.040000
31 2.280000
31 10.420000
31 2.940000
31 2.360000
31 2.380000
31 5.410000
31 1.920000
31 2.920000
31 3.280000
31 6.730000
31 6.030000
31 3.000000
31 16.670000
31 19.700000
31 8.490000
31 2.230000
31 6.040000
31 1.900000
31 3.310000
31 2.870000
31 3.870000
31 6.300000
31 8.330000
31 7.230000
31 2.670000
31 6.060000
31 9.890000
31 7.130000
31 2.490000
31 12.780000
31 2.160000
31 1.090000
31 2.450000
31 15.570000
31 1.820000
31 1.090000
31 2.240000
31 16.340000
31 1.140000
31 8.310000
31 5.340000
31 4.360000
31 2.530000
31 7.050000
31 12.030000
31 2.050000
31 3.450000
31 2.150000
31 5.140000
31 2.470000
31 3.500000
31 1.660000
31 6.570000
31 3.810000
31 10.010000
31 17.740000
31 8.010000
31 9.820000
31 16.160000
31 4.390000
31 2.720000
31 1.850000
31 4.050000
31 22.050000
31 8.360000
31 6.310000
31 2.790000
31 9.600000
31 5.190000
31 3.560000
31 2.980000
31 4.160000
31 14.310000
31 1.510000
31 6.710000
31 2.930000
31 2.890000
31 9.290000
31 4.010000
31 2.760000
31 5.520000
31 6.290000
31 5.750000
31 4.460000
31 2.640000
31 15.910000
31 13.590000
31 1.150000
32 5.860000
32 3.170000
32 3.800000
32 3.900000
32 5.140000
32 2.280000
32 22.880000
32 6.190000
32 2.080000
32 0.920000
32 2.000000
32 5.470000
32 3.120000
32 9.070000
32 11.710000
32 6.240000
32 4.980000
32 5.640000
32 15.870000
32 13.550000
32 3.810000
32 3.130000
32 3.870000
32 10.910000
32 10.300000
32 15.870000
32 6.170000
32 21.590000
32 4.760000
32 8.490000
32 4.090000
32 4.230000
32 13.970000
32 55.300000
32 14.170000
32 15.410000
32 1.540000
32 10.470000
32 9.270000
32 10.940000
32 13.130000
32 6.740000
32 4.540000
32 4.230000
32 4.480000
32 7.020000
32 5.080000
32 7.870000
32 16.110000
32 15.290000
32 10.050000
32 5.620000
32 5.750000
32 6.090000
32 2.450000
32 6.780000
32 4.830000
32 2.280000
32 3.050000
32 17.620000
32 9.200000
32 6.310000
32 2.290000
32 16.780000
32 2.510000
32 11.800000
32 7.210000
32 15.110000
32 6.900000
32 16.870000
32 7.140000
32 1.130000
32 1.420000
32 2.250000
32 10.460000
32 10.370000
32 5.250000
32 4.670000
32 11.380000
32 9.660000
32 2.490000
32 7.840000
32 2.940000
32 1.550000
32 5.520000
32 5.000000
32 13.320000
32 4.730000
32 15.270000
32 10.970000
32 1.610000
32 5.590000
32 6.440000
32 16.400000
32 9.700000
32 3.950000
32 26.230000
32 2.830000
32 10.470000
32 7.950000
32 28.310000
32 11.870000
32 4.010000
32 5.210000
32 12.820000
32 4.620000
32 9.890000
32 18.810000
32 13.770000
32 4.890000
32 6.510000
32 8.240000
32 9.250000
32 5.620000
32 10.660000
32 17.590000
32 5.680000
32 3.080000
32 2.300000
32 9.820000
32 3.730000
32 14.430000
32 2.840000
32 10.680000
32 10.040000
32 13.460000
32 7.700000
32 19.740000
32 16.780000
32 3.000000
32 19.310000
32 3.340000
32 6.740000
32 14.160000
32 2.160000
32 1.730000
32 8.000000
32 4.090000
32 6.020000
32 9.230000
32 4.250000
32 2.100000
32 10.540000
32 14.380000
32 5.100000
32 0.650000
32 10.000000
32 4.820000
32 5.840000
32 10.400000
32 1.230000
32 24.110000
32 11.670000
32 10.530000
32 19.200000
32 9.310000
32 10.860000
32 6.900000
32 8.210000
32 4.300000
32 14.180000
32 7.120000
32 6.210000
32 2.620000
32 6.460000
32 8.260000
32 12.310000
32 38.970000
32 22.510000
32 12.900000
32 12.300000
32 18.860000
32 10.990000
32 4.880000
32 25.620000
32 8.510000
32 6.500000
32 1.510000
32 6.070000
32 15.870000
32 10.550000
32 6.840000
32 4.330000
32 3.260000
32 2.000000
32 4.100000
32 9.740000
32 9.210000
32 3.530000
32 6.970000
32 3.170000
32 0.700000
32 8.600000
32 13.890000
32 9.210000
32 4.300000
32 9.260000
32 6.720000
32 8.990000
32 11.730000
32 7.890000
32 8.060000
32 1.340000
32 19.040000
32 4.840000
32 4.000000
32 10.480000
32 17.960000
32 11.410000
32 4.460000
32 4.310000
32 2.530000
32 7.820000
32 1.380000
32 4.790000
32 6.030000
32 6.750000
32 4.500000
32 25.340000
32 3.840000
32 3.590000
32 4.950000
32 10.000000
32 22.860000
32 18.270000
32 9.590000
32 9.510000
32 6.850000
32 25.100000
32 3.550000
32 6.200000
32 7.660000
32 8.450000
32 5.190000
32 4.900000
32 9.870000
32 7.680000
32 13.840000
32 5.690000
32 3.650000
32 6.270000
32 82.010000
32 4.590000
32 3.380000
32 32.990000
32 5.510000
32 12.660000
32 7.540000
32 0.910000
32 6.870000
32 1.440000
33 2.610000
33 21.130000
33 9.700000
33 10.380000
33 23.640000
33 18.110000
33 6.920000
33 13.600000
33 8.580000
33 4.520000
33 5.560000
33 12.960000
33 6.030000
33 13.390000
33 19.270000
33 26.030000
33 1.250000
33 9.900000
33 1.720000
33 18.920000
33 3.150000
33 7.890000
33 6.760000
33 14.530000
33 8.890000
33 3.780000
33 7.960000
33 50.190000
33 10.970000
33 1.300000
33 15.080000
33 1.890000
33 5.800000
33 12.190000
33 12.880000
33 16.640000
33 8.290000
33 10.060000
33 14.490000
33 16.030000
33 9.350000
33 16.130000
33 5.400000
33 13.580000
33 8.490000
33 10.830000
33 20.400000
33 18.010000
33 27.400000
33 35.720000
33 12.420000
33 7.190000
33 11.190000
33 1.980000
33 5.470000
33 134.320000
33 2.540000
33 2.260000
33 6.080000
33 7.120000
33 35.950000
33 1.300000
33 5.630000
33 15.060000
33 12.500000
33 1.420000
33 3.700000
33 1.330000
33 7.400000
33 5.330000
33 16.780000
33 6.600000
33 1.180000
33 17.890000
33 7.490000
33 34.300000
33 42.480000
33 14.300000
33 24.520000
33 2.850000
33 16.490000
33 9.250000
33 16.940000
33 17.670000
33 40.550000
33 15.240000
33 15.870000
33 8.230000
33 23.300000
33 2.580000
33 1.810000
33 4.190000
33 5.130000
33 5.870000
33 6.460000
33 5.400000
33 5.270000
33 4.110000
33 5.510000
33 2.330000
33 9.070000
33 14.230000
33 13.300000
33 28.080000
33 44.650000
33 19.750000
33 1.770000
33 7.120000
33 4.480000
33 20.030000
33 9.990000
33 5.520000
33 7.000000
33 16.240000
33 22.060000
33 19.320000
33 14.670000
33 2.650000
33 11.360000
33 5.970000
33 21.900000
33 18.340000
33 7.130000
33 0.720000
33 8.020000
33 8.640000
33 9.550000
33 5.850000
33 35.310000
33 5.790000
33 1.680000
33 8.570000
33 4.330000
33 26.150000
33 16.560000
33 8.130000
33 7.050000
33 50.460000
33 5.330000
33 23.200000
33 12.340000
33 7.390000
33 29.270000
33 2.740000
33 20.030000
33 18.350000
33 6.890000
33 63.360000
33 4.730000
33 7.300000
33 10.280000
33 3.040000
33 7.150000
33 8.340000
33 4.020000
33 5.500000
33 18.700000
33 2.930000
33 8.990000
33 14.880000
33 16.040000
33 10.570000
33 6.690000
33 4.370000
33 9.080000
33 6.000000
33 9.980000
33 4.710000
33 13.260000
33 26.700000
33 4.660000
33 3.940000
33 10.320000
33 15.510000
33 6.040000
33 8.360000
33 6.390000
33 9.060000
33 13.120000
33 8.650000
33 9.790000
33 22.990000
33 5.120000
33 14.170000
33 6.160000
33 2.070000
33 3.550000
33 10.430000
33 3.310000
33 3.090000
33 2.420000
33 10.470000
33 33.100000
33 7.880000
33 6.340000
33 5.090000
33 6.120000
33 10.330000
33 11.950000
33 23.100000
33 4.010000
33 9.070000
33 23.920000
33 12.260000
33 10.700000
33 7.970000
33 26.380000
33 3.740000
33 2.950000
33 8.550000
33 1.050000
33 11.150000
33 16.040000
33 8.480000
33 7.760000
33 31.950000
33 26.370000
33 2.640000
33 36.680000
33 5.190000
33 9.220000
33 3.630000
33 1.890000
33 20.880000
33 23.250000
33 5.080000
33 4.240000
33 3.340000
33 12.380000
33 13.780000
33 7.510000
33 10.940000
33 12.260000
33 7.360000
33 2.430000
33 33.820000
33 13.000000
33 31.930000
33 10.830000
33 27.610000
33 8.450000
33 2.950000
33 6.420000
33 3.360000
33 6.330000
33 12.510000
33 29.750000
33 7.110000
33 21.630000
33 9.460000
33 5.120000
33 5.220000
33 6.330000
33 9.020000
33 3.100000
33 18.470000
33 6.920000
33 45.220000
33 4.490000
33 13.550000
33 31.850000
33 26.220000
33 34.170000
33 1.850000
33 17.340000
33 2.470000
33 7.920000
33 2.520000
33 3.720000
33 10.220000
33 12.180000
33 6.550000
33 2.090000
33 31.230000
33 13.380000
33 27.660000
33 2.000000
33 14.380000
33 2.350000
33 12.440000
33 4.500000
33 5.110000
33 3.520000
33 4.910000
33 13.260000
33 5.220000
33 4.600000
33 4.540000
33 5.890000
33 10.620000
33 16.440000
33 3.900000
33 22.110000
33 4.410000
33 3.640000
33 5.680000
33 5.680000
33 8.370000
33 19.000000
33 20.260000
33 9.120000
33 6.940000
33 10.690000
33 5.400000
33 8.740000
33 23.070000
33 4.160000
33 11.770000
33 22.950000
33 9.480000
33 4.390000
33 16.220000
33 18.200000
33 12.330000
33 10.290000
33 2.440000
33 6.980000
33 4.410000
33 2.600000
33 15.540000
33 5.460000
33 9.460000
33 5.270000
33 5.660000
33 13.980000
33 9.500000
33 5.060000
33 6.340000
33 2.870000
33 4.150000
33 11.110000
33 13.580000
33 7.660000
33 38.170000
33 11.840000
33 6.370000
33 2.330000
33 17.250000
34 11.240000
34 11.970000
34 5.100000
34 7.160000
34 5.310000
34 3.470000
34 12.010000
34 8.960000
34 26.650000
34 16.940000
34 4.150000
34 8.020000
34 5.390000
34 29.160000
34 6.210000
34 8.700000
34 15.850000
34 12.800000
34 20.000000
34 6.930000
34 2.630000
34 5.360000
34 18.620000
34 20.760000
34 32.320000
34 13.480000
34 4.460000
34 77.070000
34 11.580000
34 11.120000
34 1.690000
34 14.490000
34 29.200000
34 21.360000
34 16.260000
34 6.580000
34 5.470000
34 6.080000
34 51.210000
34 5.010000
34 31.260000
34 22.240000
34 12.900000
34 22.000000
34 5.040000
34 15.270000
34 21.490000
34 14.460000
34 11.250000
34 41.090000
34 8.790000
34 11.720000
34 7.970000
34 12.150000
34 31.280000
34 10.830000
34 18.810000
34 8.750000
34 8.730000
34 10.250000
34 14.990000
34 19.030000
34 13.300000
34 31.020000
34 35.230000
34 6.970000
34 30.370000
34 28.430000
34 4.510000
34 6.170000
34 62.170000
34 8.450000
34 6.450000
34 41.600000
34 12.360000
34 11.570000
34 17.060000
34 11.600000
34 18.130000
34 11.480000
34 5.230000
34 10.480000
34 6.160000
34 18.820000
34 7.480000
34 18.990000
34 7.860000
34 10.200000
34 24.170000
34 7.100000
34 4.040000
34 18.210000
34 8.610000
34 3.630000
34 4.860000
34 8.560000
34 14.080000
34 11.680000
34 6.020000
34 1.200000
34 21.770000
34 23.400000
34 13.980000
34 6.530000
34 21.000000
34 16.050000
34 8.770000
34 9.750000
34 15.730000
34 6.250000
34 51.950000
34 5.470000
34 10.040000
34 39.900000
34 4.500000
34 15.870000
34 12.260000
34 3.320000
34 6.870000
34 66.650000
34 6.380000
34 11.000000
34 11.380000
34 24.360000
34 14.930000
34 12.670000
34 9.250000
34 7.010000
34 6.340000
34 18.250000
34 9.090000
34 25.180000
34 24.510000
34 8.820000
34 5.310000
34 11.340000
34 11.180000
34 20.160000
34 9.320000
34 4.370000
34 5.410000
34 7.370000
34 31.880000
34 22.400000
34 9.780000
34 5.000000
34 12.790000
34 5.260000
34 10.800000
34 8.980000
34 28.460000
34 40.940000
34 12.610000
34 15.740000
34 11.680000
34 19.150000
34 29.470000
34 4.860000
34 14.670000
34 49.450000
34 19.500000
34 4.570000
34 16.950000
34 31.510000
34 11.960000
34 8.630000
34 18.150000
34 18.250000
34 8.040000
34 10.110000
34 10.630000
34 17.000000
34 8.880000
34 11.050000
34 66.890000
34 11.640000
34 26.140000
34 23.770000
34 31.360000
34 7.010000
34 9.080000
34 17.560000
34 7.060000
34 21.120000
34 58.900000
34 17.620000
34 5.750000
34 13.090000
34 10.170000
34 22.790000
34 8.140000
34 13.720000
34 4.340000
34 26.870000
34 20.520000
34 14.020000
34 5.770000
34 7.270000
34 16.850000
34 8.360000
34 5.410000
34 24.790000
34 8.980000
34 3.390000
34 22.060000
34 97.370000
34 2.940000
34 10.590000
34 44.110000
34 42.650000
34 5.600000
34 16.170000
34 2.710000
34 11.010000
34 17.090000
34 15.580000
34 8.400000
34 16.900000
34 44.470000
34 1.850000
34 15.300000
34 41.270000
34 15.210000
34 14.350000
34 28.850000
34 12.230000
34 4.680000
34 2.950000
34 34.800000
34 15.320000
34 14.440000
34 5.630000
34 35.850000
34 11.160000
34 40.500000
34 14.530000
34 56.230000
34 5.340000
34 16.100000
34 50.100000
34 2.470000
34 12.270000
34 6.280000
34 6.590000
34 5.410000
34 6.900000
34 8.990000
34 5.860000
34 7.360000
34 19.150000
34 14.100000
34 8.870000
34 25.210000
34 61.890000
34 3.050000
34 9.980000
34 25.320000
34 18.380000
34 4.210000
34 10.820000
34 6.220000
34 4.470000
34 7.650000
34 28.580000
34 11.880000
34 8.000000
34 4.880000
34 7.030000
34 40.280000
34 5.670000
34 21.540000
34 3.650000
34 13.660000
34 4.110000
34 9.200000
34 4.460000
34 6.690000
34 9.460000
34 16.830000
34 14.280000
34 3.720000
34 6.880000
34 8.510000
34 13.850000
34 1.160000
34 11.390000
34 46.050000
34 19.300000
34 17.290000
34 32.200000
34 3.990000
34 25.350000
34 8.560000
34 16.670000
34 48.910000
34 11.690000
34 8.150000
34 53.770000
34 7.710000
34 5.260000
34 5.310000
34 15.290000
34 25.540000
34 13.300000
34 6.720000
34 47.170000
34 3.990000
34 2.910000
34 22.630000
34 8.290000
34 53.130000
34 7.910000
34 13.420000
34 8.490000
34 44.010000
34 6.440000
34 11.520000
34 32.020000
34 4.210000
34 12.620000
34 26.710000
34 9.400000
34 16.930000
34 11.390000
34 32.220000
34 10.350000
34 20.660000
34 7.570000
34 6.820000
34 37.640000
34 17.940000
34 9.500000
34 51.580000
34 20.720000
34 12.780000
34 27.110000
34 16.660000
34 4.210000
34 8.890000
34 3.960000
34 23.730000
34 9.710000
34 10.850000
34 28.110000
34 6.860000
34 11.910000
34 16.180000
34 12.560000
34 4.100000
34 23.760000
34 17.020000
34 20.110000
34 11.670000
34 7.220000
34 29.150000
34 10.490000
34 8.060000
34 11.540000
34 10.630000
34 37.650000
34 12.240000
34 11.210000
34 5.240000
34 9.950000
34 4.420000
34 51.780000
34 23.340000
34 4.580000
34 13.670000
34 9.010000
34 14.850000
34 22.790000
34 7.800000
34 3.880000
34 15.980000
34 7.900000
34 34.970000
34 4.550000
34 11.970000
34 2.260000
34 38.750000
34 18.090000
34 9.880000
34 48.480000
34 12.850000
34 5.870000
34 8.120000
34 9.780000
34 59.320000
34 7.060000
34 16.550000
34 23.350000
34 11.700000
34 6.830000
34 63.620000
34 59.350000
34 6.970000
34 1.720000
34 14.590000
34 11.370000
34 7.600000
34 6.700000
34 7.030000
34 14.030000
34 3.500000
34 14.270000
34 9.000000
34 5.870000
34 5.710000
34 34.330000
34 31.340000
34 10.020000
34 10.940000
34 6.500000
34 7.020000
34 38.250000
34 14.420000
34 9.320000
34 19.770000
34 7.510000
34 45.010000
34 53.070000
34 49.020000
34 7.580000
34 7.290000
34 5.160000
34 7.870000
34 6.120000
34 25.550000
34 43.570000
34 5.370000
34 8.800000
34 6.270000
34 6.090000
34 13.250000
34 10.520000
34 1.620000
34 3.900000
34 12.350000
34 3.170000
34 32.190000
34 9.790000
34 19.710000
34 2.840000
34 10.240000
34 13.850000
34 12.240000
34 4.810000
34 14.920000
34 7.580000
34 6.190000
34 26.430000
34 9.910000
34 32.560000
34 5.680000
34 6.530000
34 54.490000
34 86.300000
35 9.290000
35 12.350000
35 26.530000
35 21.560000
35 12.320000
35 25.680000
35 31.180000
35 5.490000
35 15.880000
35 14.720000
35 2.420000
35 18.250000
35 16.770000
35 6.340000
35 31.220000
35 29.330000
35 45.550000
35 14.730000
35 12.800000
35 18.790000
35 65.510000
35 24.530000
35 30.610000
35 12.240000
35 25.290000
35 84.130000
35 13.490000
35 16.000000
35 42.140000
35 13.470000
35 31.310000
35 12.930000
35 5.340000
35 46.340000
35 17.630000
35 17.070000
35 7.130000
35 6.900000
35 7.290000
35 19.680000
35 8.850000
35 32.090000
35 21.350000
35 17.020000
35 11.800000
35 17.120000
35 27.100000
35 20.740000
35 6.740000
35 15.140000
35 43.450000
35 15.060000
35 5.520000
35 89.820000
35 18.560000
35 16.140000
35 19.310000
35 6.020000
35 94.350000
35 12.230000
35 41.360000
35 9.400000
35 8.850000
35 10.250000
35 32.090000
35 24.480000
35 6.280000
35 22.780000
35 33.650000
35 83.990000
35 19.580000
35 19.220000
35 116.940000
35 8.790000
35 100.840000
35 29.910000
35 6.100000
35 8.220000
35 4.280000
35 30.290000
35 28.430000
35 12.690000
35 23.010000
35 15.100000
35 12.060000
35 21.470000
35 106.390000
35 13.270000
35 6.800000
35 29.840000
35 13.560000
35 14.310000
35 24.920000
35 16.930000
35 22.500000
35 10.310000
35 12.030000
35 9.760000
35 17.460000
35 4.080000
35 6.860000
35 11.650000
35 21.320000
35 11.300000
35 8.350000
35 38.900000
35 12.020000
35 28.790000
35 4.740000
35 31.610000
35 7.990000
35 15.190000
35 27.730000
35 7.860000
35 5.710000
35 9.840000
35 3.550000
35 2.510000
35 4.860000
35 7.650000
35 12.610000
35 26.390000
35 34.660000
35 24.020000
35 5.660000
35 19.340000
35 15.160000
35 9.470000
35 55.760000
35 10.320000
35 19.990000
35 6.300000
35 27.120000
35 37.600000
35 58.270000
35 20.470000
35 21.160000
35 31.690000
35 24.360000
35 21.020000
35 14.940000
35 14.160000
35 6.380000
35 42.080000
35 8.970000
35 29.410000
35 11.680000
35 8.340000
35 6.290000
35 13.020000
35 24.370000
35 12.120000
35 10.570000
35 25.470000
35 10.890000
35 8.130000
35 10.140000
35 4.630000
35 11.870000
35 12.870000
35 27.870000
35 24.720000
35 15.870000
35 5.420000
35 28.930000
35 11.800000
35 17.820000
35 25.640000
35 10.870000
35 13.290000
35 74.980000
35 26.800000
35 17.370000
35 11.270000
35 37.040000
35 23.910000
35 15.710000
35 9.760000
35 59.090000
35 43.640000
35 7.100000
35 8.820000
35 16.200000
35 5.350000
35 8.450000
35 5.610000
35 15.260000
35 59.110000
35 14.310000
35 52.010000
35 35.770000
35 26.900000
35 18.020000
35 1.210000
35 10.700000
35 5.750000
35 12.230000
35 5.590000
35 26.450000
35 54.340000
35 3.810000
35 13.710000
35 50.330000
35 37.620000
35 11.940000
35 5.340000
35 52.390000
35 19.560000
35 29.480000
35 20.460000
35 5.690000
35 13.500000
35 10.600000
35 22.850000
35 5.980000
35 40.300000
35 14.810000
35 23.460000
35 18.340000
35 24.720000
35 4.620000
35 20.570000
35 13.660000
35 30.290000
35 35.440000
35 11.470000
35 18.170000
35 12.160000
35 21.220000
35 24.520000
35 61.550000
35 15.480000
35 62.120000
35 32.960000
35 47.730000
35 16.250000
35 28.660000
35 7.390000
35 1.970000
35 7.740000
35 87.900000
35 2.550000
35 16.540000
35 34.870000
35 3.800000
35 21.580000
35 40.090000
35 5.450000
35 29.700000
35 7.610000
35 30.050000
35 8.690000
35 43.470000
35 17.840000
35 21.840000
35 51.730000
35 16.710000
35 22.500000
35 3.050000
35 39.960000
35 17.330000
35 12.650000
35 21.510000
35 12.270000
35 34.540000
35 37.930000
35 51.460000
35 9.600000
35 63.670000
35 14.760000
35 20.340000
35 31.430000
35 15.260000
35 14.690000
35 13.960000
35 15.490000
35 12.820000
35 5.020000
35 20.270000
35 24.360000
35 51.240000
35 6.520000
35 25.560000
35 38.710000
35 18.060000
35 46.010000
35 29.440000
35 12.220000
35 8.060000
35 11.140000
35 33.710000
35 35.310000
35 13.630000
35 6.410000
35 25.750000
35 8.560000
35 25.780000
35 24.330000
35 14.270000
35 26.880000
35 26.530000
35 20.090000
35 52.870000
35 7.170000
35 43.100000
35 15.670000
35 13.930000
35 31.120000
35 27.030000
35 5.360000
35 14.610000
35 19.310000
35 8.590000
35 16.680000
35 55.210000
35 14.510000
35 12.690000
35 13.330000
35 91.880000
35 20.430000
35 9.800000
35 34.750000
35 14.900000
35 41.690000
35 77.050000
35 13.830000
35 4.570000
35 4.940000
35 6.930000
35 80.540000
35 9.400000
35 10.600000
35 9.480000
35 50.220000
35 6.850000
35 9.010000
35 33.300000
35 11.780000
35 13.520000
35 9.650000
35 15.090000
35 7.400000
35 12.580000
35 6.210000
35 29.000000
35 29.180000
35 4.490000
35 13.500000
35 18.570000
35 23.990000
35 46.780000
35 10.090000
35 20.550000
35 20.240000
35 19.430000
35 14.820000
35 17.860000
35 31.670000
35 26.030000
35 11.470000
35 5.100000
35 45.750000
35 12.530000
35 23.200000
35 7.440000
35 21.120000
35 18.900000
35 20.750000
35 30.540000
35 17.310000
35 17.660000
35 11.910000
35 18.550000
35 8.980000
35 78.930000
35 12.300000
35 10.980000
35 8.220000
35 7.020000
35 5.700000
35 16.240000
35 23.010000
35 24.600000
35 13.230000
35 13.450000
35 12.280000
35 14.340000
35 27.260000
35 54.930000
35 7.740000
35 14.120000
35 2.190000
35 2.120000
35 79.040000
35 4.510000
35 23.090000
35 14.120000
35 12.070000
35 15.000000
35 4.510000
35 14.920000
35 7.320000
35 23.540000
35 8.040000
35 45.970000
35 61.230000
35 60.780000
35 11.540000
35 8.930000
35 13.290000
35 10.960000
35 12.680000
35 20.970000
35 31.110000
35 15.970000
35 44.420000
35 9.930000
35 11.140000
35 23.410000
35 22.470000
35 35.730000
35 33.170000
35 8.490000
35 21.590000
35 12.450000
35 40.500000
35 14.820000
35 7.240000
35 24.090000
35 37.880000
35 16.190000
35 10.260000
35 35.830000
35 52.830000
35 70.340000
35 18.040000
35 21.030000
35 21.510000
35 22.210000
35 16.360000
35 35.790000
35 20.850000
35 46.980000
35 8.560000
35 15.720000
35 10.740000
35 36.900000
35 4.770000
35 10.630000
35 27.730000
35 30.610000
35 5.180000
35 22.520000
35 2.430000
35 19.050000
35 20.600000
35 13.020000
35 15.060000
35 6.510000
35 25.720000
35 22.770000
35 0.930000
35 22.390000
35 54.680000
35 29.390000
35 16.890000
35 6.750000
35 13.850000
35 13.790000
35 8.110000
35 11.940000
35 32.000000
35 22.110000
35 4.130000
35 7.950000
35 29.270000
35 10.880000
35 15.720000
35 65.490000
35 16.350000
35 42.820000
35 4.780000
35 29.390000
35 34.550000
35 16.820000
35 63.670000
35 9.800000
35 18.520000
35 12.670000
35 21.220000
35 9.230000
35 12.960000
35 6.570000
35 59.720000
