#n running-time
27 0.760000
28 0.280000
28 0.500000
28 0.580000
28 0.370000
29 4.090000
29 1.620000
29 0.360000
29 7.640000
29 4.250000
29 0.430000
29 0.600000
29 3.420000
29 1.000000
29 1.640000
29 1.640000
29 0.440000
29 0.740000
29 0.510000
29 0.830000
29 0.930000
29 0.310000
29 1.490000
29 0.690000
29 0.500000
29 2.150000
30 0.380000
30 0.940000
30 0.960000
30 0.290000
30 1.530000
30 0.900000
30 1.350000
30 0.940000
30 0.760000
30 3.040000
30 0.720000
30 0.500000
30 3.770000
30 0.340000
30 0.650000
30 0.330000
30 1.610000
30 2.280000
30 0.260000
30 0.890000
30 0.150000
30 1.290000
30 0.840000
30 0.390000
30 0.310000
30 0.460000
30 3.880000
30 0.120000
30 0.180000
30 0.380000
30 0.230000
30 1.630000
30 2.860000
30 0.630000
30 1.240000
30 0.830000
30 0.770000
30 0.210000
30 0.560000
30 1.060000
30 3.120000
30 10.870000
30 0.320000
30 1.550000
30 1.240000
30 1.030000
30 0.310000
30 1.550000
30 0.760000
30 2.660000
30 0.270000
30 1.840000
30 1.730000
30 5.840000
30 2.330000
30 0.600000
30 0.890000
30 1.970000
30 0.620000
30 4.180000
31 12.980000
31 1.960000
31 0.430000
31 8.870000
31 1.180000
31 0.980000
31 3.520000
31 0.510000
31 0.470000
31 0.760000
31 5.000000
31 0.540000
31 4.860000
31 4.730000
31 3.420000
31 1.690000
31 2.300000
31 3.760000
31 2.640000
31 1.870000
31 2.520000
31 1.000000
31 1.080000
31 2.150000
31 1.680000
31 0.960000
31 2.690000
31 1.460000
31 2.270000
31 2.230000
31 2.630000
31 3.300000
31 1.600000
31 0.900000
31 1.390000
31 2.320000
31 0.580000
31 1.970000
31 0.990000
31 1.390000
31 1.200000
31 1.930000
31 4.520000
31 1.800000
31 0.640000
31 0.350000
31 0.660000
31 3.280000
31 0.790000
31 1.730000
31 1.540000
31 1.920000
31 0.850000
31 0.710000
31 1.090000
31 0.510000
31 3.810000
31 2.380000
31 0.830000
31 1.220000
31 4.330000
31 1.050000
31 0.650000
31 1.630000
31 1.560000
31 0.680000
31 0.350000
31 0.580000
31 0.760000
31 1.060000
31 0.540000
31 0.190000
31 3.030000
31 0.830000
31 1.230000
31 1.200000
31 4.900000
31 1.630000
31 1.770000
31 5.000000
31 2.370000
31 4.890000
31 0.360000
31 0.160000
31 1.370000
31 0.770000
31 0.710000
31 2.240000
31 3.060000
31 2.420000
31 0.610000
31 1.270000
31 0.360000
31 2.040000
31 1.080000
31 0.630000
31 0.830000
31 0.920000
31 0.340000
31 1.680000
31 1.660000
31 2.420000
31 0.280000
31 0.450000
31 0.410000
31 0.670000
31 3.490000
31 1.340000
31 0.400000
31 0.460000
31 2.580000
31 1.870000
31 0.520000
31 1.360000
31 1.990000
31 0.670000
31 1.110000
31 2.720000
31 1.110000
31 3.480000
31 0.990000
31 0.350000
31 0.720000
31 0.350000
31 0.130000
31 1.080000
31 0.330000
32 0.950000
32 2.210000
32 4.260000
32 11.730000
32 3.340000
32 0.970000
32 3.950000
32 1.870000
32 0.550000
32 0.420000
32 1.550000
32 1.650000
32 1.300000
32 0.410000
32 0.190000
32 2.330000
32 0.230000
32 0.930000
32 4.140000
32 1.830000
32 1.000000
32 1.970000
32 2.970000
32 6.620000
32 5.010000
32 0.500000
32 1.700000
32 2.260000
32 1.600000
32 1.360000
32 2.400000
32 0.850000
32 0.500000
32 1.750000
32 0.540000
32 2.060000
32 0.800000
32 2.110000
32 2.500000
32 3.550000
32 0.460000
32 0.710000
32 2.160000
32 0.870000
32 0.190000
32 0.300000
32 6.450000
32 1.650000
32 2.750000
32 0.360000
32 2.370000
32 6.540000
32 3.530000
32 0.640000
32 0.430000
32 1.630000
32 2.780000
32 2.180000
32 1.030000
32 0.380000
32 0.860000
32 6.540000
32 6.650000
32 0.830000
32 4.280000
32 3.830000
32 3.330000
32 3.990000
32 0.650000
32 0.620000
32 4.190000
32 2.070000
32 0.170000
32 2.650000
32 0.380000
32 0.430000
32 0.640000
32 3.330000
32 0.480000
32 0.670000
32 0.700000
32 3.240000
32 4.230000
32 0.800000
32 2.270000
32 14.110000
32 0.570000
32 5.360000
32 0.550000
32 0.440000
32 2.150000
32 1.290000
32 1.610000
32 3.780000
32 0.760000
32 5.940000
32 5.660000
32 9.180000
32 3.730000
32 0.820000
32 0.720000
32 12.210000
32 0.100000
32 0.840000
32 5.610000
32 0.350000
32 2.810000
32 1.630000
32 0.600000
32 0.490000
32 3.080000
32 1.430000
32 1.420000
32 1.150000
32 2.350000
32 0.990000
32 0.730000
32 1.200000
32 1.810000
32 7.380000
32 5.640000
32 0.660000
32 1.350000
32 0.730000
32 6.030000
32 0.250000
32 7.060000
32 1.990000
32 0.820000
32 2.050000
32 0.820000
32 1.890000
32 1.430000
32 10.820000
32 3.720000
32 0.270000
32 4.650000
32 3.440000
32 4.810000
32 0.130000
32 8.760000
32 3.770000
32 0.720000
32 5.640000
32 3.230000
32 4.100000
32 0.280000
32 6.320000
32 0.520000
32 0.670000
32 1.440000
32 2.130000
32 0.880000
32 0.180000
32 1.700000
32 4.800000
32 2.100000
32 1.180000
32 0.910000
32 1.100000
32 2.510000
32 1.860000
32 1.080000
32 0.680000
32 1.610000
32 3.140000
32 2.270000
32 0.260000
32 15.140000
32 1.500000
32 6.060000
32 1.460000
32 1.640000
32 2.430000
32 0.730000
32 2.030000
32 1.800000
32 0.510000
32 1.210000
32 0.560000
32 15.720000
32 4.280000
32 0.440000
32 2.540000
32 1.880000
32 2.090000
32 0.670000
32 1.060000
32 0.900000
32 1.440000
32 4.090000
32 1.970000
32 7.330000
32 0.750000
32 0.990000
32 0.880000
32 1.600000
32 6.130000
32 5.310000
32 0.640000
32 2.940000
32 2.280000
32 0.730000
32 1.370000
32 3.380000
32 7.460000
32 6.420000
32 3.610000
32 1.070000
32 1.970000
32 7.300000
32 12.090000
32 2.900000
32 2.850000
32 5.960000
32 1.570000
32 2.030000
32 1.440000
32 2.890000
32 2.920000
32 1.190000
32 0.570000
32 0.510000
32 1.390000
32 1.830000
32 1.270000
32 0.380000
32 0.490000
32 1.620000
32 0.360000
32 5.690000
32 0.940000
32 4.870000
32 0.930000
32 1.480000
32 3.990000
32 0.840000
32 1.120000
32 0.810000
32 0.390000
32 0.670000
32 4.290000
32 0.300000
32 0.750000
32 7.880000
32 0.380000
32 1.610000
32 2.570000
32 0.430000
32 3.130000
32 6.180000
33 2.360000
33 0.290000
33 8.040000
33 1.080000
33 2.210000
33 0.270000
33 1.570000
33 1.870000
33 5.340000
33 0.850000
33 4.340000
33 0.950000
33 1.380000
33 1.010000
33 8.820000
33 1.710000
33 7.560000
33 1.140000
33 3.200000
33 1.360000
33 4.790000
33 1.230000
33 1.600000
33 0.470000
33 0.480000
33 2.990000
33 0.880000
33 0.920000
33 2.090000
33 0.760000
33 8.640000
33 1.460000
33 2.000000
33 4.430000
33 0.300000
33 6.030000
33 4.350000
33 2.300000
33 0.590000
33 2.000000
33 0.810000
33 6.800000
33 1.040000
33 1.940000
33 0.230000
33 0.830000
33 6.050000
33 2.530000
33 0.790000
33 5.090000
33 3.520000
33 1.240000
33 1.250000
33 1.140000
33 3.480000
33 1.100000
33 5.380000
33 7.090000
33 4.500000
33 4.420000
33 0.930000
33 1.770000
33 2.510000
33 3.590000
33 1.190000
33 0.660000
33 1.020000
33 1.040000
33 0.490000
33 0.920000
33 3.500000
33 1.940000
33 0.950000
33 6.920000
33 0.870000
33 0.610000
33 0.540000
33 1.700000
33 2.890000
33 5.020000
33 0.620000
33 3.330000
33 1.350000
33 0.520000
33 0.600000
33 7.450000
33 0.620000
33 3.860000
33 5.510000
33 4.230000
33 1.280000
33 0.810000
33 1.080000
33 0.720000
33 0.600000
33 2.750000
33 1.420000
33 10.850000
33 16.480000
33 7.750000
33 1.270000
33 14.150000
33 2.680000
33 0.620000
33 3.350000
33 6.300000
33 2.390000
33 1.190000
33 3.680000
33 0.120000
33 4.000000
33 3.090000
33 12.410000
33 5.200000
33 0.390000
33 2.520000
33 17.300000
33 0.430000
33 2.150000
33 0.260000
33 4.890000
33 0.300000
33 2.750000
33 1.130000
33 3.030000
33 1.510000
33 3.810000
33 3.620000
33 5.050000
33 2.230000
33 0.940000
33 0.380000
33 10.720000
33 5.150000
33 0.520000
33 2.790000
33 1.180000
33 0.570000
33 2.300000
33 0.700000
33 4.400000
33 7.750000
33 0.680000
33 0.620000
33 0.690000
33 5.280000
33 1.230000
33 4.320000
33 0.190000
33 3.410000
33 2.080000
33 4.260000
33 3.370000
33 2.180000
33 0.580000
33 6.410000
33 0.210000
33 0.560000
33 3.580000
33 0.290000
33 0.650000
33 3.330000
33 0.870000
33 1.220000
33 0.890000
33 1.460000
33 4.140000
33 9.860000
33 0.440000
33 2.530000
33 0.440000
33 1.360000
33 0.500000
33 0.760000
33 0.810000
33 1.710000
33 0.670000
33 4.760000
33 3.350000
33 1.620000
33 1.090000
33 7.050000
33 1.520000
33 1.150000
33 6.780000
33 0.870000
33 0.660000
33 3.420000
33 4.150000
33 2.440000
33 3.320000
33 11.050000
33 1.760000
33 3.030000
33 1.310000
33 0.950000
33 1.210000
33 2.310000
33 3.830000
33 4.170000
33 2.660000
33 2.600000
33 2.100000
33 3.080000
33 2.440000
33 5.130000
33 2.630000
33 4.560000
33 0.280000
33 1.060000
33 2.610000
33 1.530000
33 1.960000
33 2.120000
33 3.240000
33 1.160000
33 5.770000
33 24.150000
33 4.060000
33 0.430000
33 2.220000
33 0.250000
33 1.170000
33 3.030000
33 0.590000
33 0.870000
33 15.190000
33 4.100000
33 1.400000
33 2.360000
33 1.650000
33 11.530000
33 0.770000
33 6.640000
33 4.200000
33 0.510000
33 0.270000
33 2.310000
33 6.130000
33 0.880000
33 0.850000
33 1.040000
33 0.680000
33 3.150000
33 0.830000
33 3.130000
33 0.650000
33 5.350000
33 0.970000
33 6.270000
33 1.950000
33 4.140000
33 0.660000
33 0.580000
33 1.270000
33 4.550000
33 4.500000
33 3.700000
33 1.230000
33 3.060000
33 1.830000
33 4.910000
33 0.280000
33 4.530000
33 0.930000
33 0.420000
33 10.470000
33 0.270000
33 1.280000
33 2.800000
33 0.650000
33 1.160000
33 0.680000
33 1.780000
33 5.960000
33 4.990000
33 0.690000
33 2.580000
33 0.670000
33 4.890000
33 9.270000
33 0.690000
33 1.170000
33 4.140000
33 0.960000
33 0.490000
33 1.060000
33 0.460000
33 10.850000
33 1.950000
33 0.340000
33 0.590000
33 6.960000
33 3.820000
33 3.200000
33 7.860000
33 2.080000
33 2.200000
33 4.930000
33 1.280000
33 0.630000
33 0.840000
33 3.300000
33 0.860000
33 1.990000
33 3.360000
33 4.970000
33 0.970000
33 3.980000
33 3.700000
33 1.340000
33 3.830000
33 5.700000
33 2.610000
33 2.800000
33 1.240000
33 4.740000
33 0.430000
33 1.510000
33 2.830000
33 0.340000
33 9.460000
33 4.510000
33 1.450000
33 2.830000
33 3.780000
33 2.070000
33 1.100000
33 1.460000
33 8.110000
33 4.140000
33 1.590000
33 0.200000
33 1.480000
33 1.350000
33 0.810000
33 5.710000
33 7.310000
34 7.020000
34 0.360000
34 1.610000
34 1.110000
34 2.630000
34 2.080000
34 2.940000
34 1.420000
34 1.260000
34 5.190000
34 0.310000
34 1.860000
34 0.300000
34 2.270000
34 1.440000
34 0.250000
34 2.070000
34 7.020000
34 1.110000
34 1.050000
34 3.030000
34 2.190000
34 1.690000
34 1.130000
34 1.950000
34 2.850000
34 0.930000
34 0.560000
34 10.140000
34 1.380000
34 3.130000
34 1.360000
34 1.000000
34 1.730000
34 1.990000
34 0.840000
34 4.300000
34 0.640000
34 0.420000
34 10.620000
34 0.740000
34 8.880000
34 1.800000
34 9.940000
34 3.670000
34 2.760000
34 10.370000
34 1.370000
34 1.080000
34 2.030000
34 3.370000
34 1.020000
34 0.800000
34 2.180000
34 1.680000
34 5.870000
34 2.590000
34 1.090000
34 1.740000
34 1.380000
34 7.450000
34 6.170000
34 0.620000
34 4.790000
34 1.410000
34 0.540000
34 0.880000
34 14.890000
34 11.700000
34 0.870000
34 3.250000
34 1.570000
34 2.360000
34 15.530000
34 1.470000
34 2.210000
34 2.630000
34 2.400000
34 0.540000
34 1.460000
34 3.180000
34 1.440000
34 6.600000
34 1.940000
34 1.320000
34 1.570000
34 0.390000
34 5.050000
34 1.710000
34 3.070000
34 4.630000
34 7.970000
34 1.020000
34 0.520000
34 5.670000
34 3.410000
34 5.630000
34 3.420000
34 3.500000
34 0.640000
34 8.470000
34 0.750000
34 2.160000
34 6.000000
34 1.560000
34 5.570000
34 1.410000
34 3.970000
34 0.990000
34 2.320000
34 0.560000
34 19.470000
34 0.630000
34 0.480000
34 6.290000
34 0.640000
34 0.680000
34 3.460000
34 0.970000
34 3.010000
34 3.320000
34 7.230000
34 11.440000
34 1.930000
34 2.290000
34 9.570000
34 7.390000
34 2.790000
34 5.300000
34 2.750000
34 3.520000
34 4.400000
34 0.810000
34 3.270000
34 2.760000
34 0.840000
34 0.790000
34 2.420000
34 2.870000
34 6.730000
34 21.830000
34 0.840000
34 0.680000
34 2.350000
34 2.140000
34 1.420000
34 6.690000
34 11.330000
34 1.780000
34 0.910000
34 0.280000
34 0.670000
34 1.820000
34 1.040000
34 0.650000
34 2.540000
34 2.140000
34 5.140000
34 1.730000
34 2.480000
34 16.240000
34 1.830000
34 5.710000
34 1.510000
34 3.690000
34 4.560000
34 1.370000
34 2.140000
34 0.360000
34 9.790000
34 3.200000
34 6.040000
34 2.990000
34 9.470000
34 10.020000
34 7.790000
34 2.840000
34 4.920000
34 4.000000
34 4.070000
34 1.770000
34 1.750000
34 5.310000
34 6.510000
34 4.720000
34 0.290000
34 1.870000
34 0.860000
34 0.760000
34 9.280000
34 8.040000
34 6.480000
34 5.510000
34 1.850000
34 0.770000
34 3.810000
34 0.640000
34 2.800000
34 4.500000
34 1.630000
34 4.200000
34 13.260000
34 7.440000
34 11.910000
34 6.830000
34 3.290000
34 0.820000
34 1.330000
34 4.210000
34 2.200000
34 7.130000
34 1.080000
34 6.670000
34 0.740000
34 3.000000
34 0.660000
34 1.510000
34 6.030000
34 4.590000
34 3.970000
34 5.190000
34 3.580000
34 0.870000
34 1.640000
34 0.840000
34 1.480000
34 9.130000
34 4.540000
34 0.320000
34 5.490000
34 0.760000
34 3.340000
34 7.370000
34 1.620000
34 0.960000
34 1.550000
34 1.140000
34 0.460000
34 0.480000
34 8.200000
34 1.510000
34 1.590000
34 1.910000
34 7.150000
34 0.800000
34 1.370000
34 0.890000
34 22.980000
34 1.170000
34 5.340000
34 1.120000
34 10.210000
34 4.680000
34 5.440000
34 1.090000
34 4.720000
34 5.180000
34 11.800000
34 14.710000
34 4.470000
34 3.950000
34 0.370000
34 2.490000
34 2.040000
34 33.410000
34 5.310000
34 3.140000
34 4.160000
34 3.480000
34 4.250000
34 1.250000
34 3.390000
34 2.840000
34 3.320000
34 1.220000
34 1.200000
34 3.490000
34 1.660000
34 10.940000
34 0.350000
34 2.150000
34 2.330000
34 2.560000
34 1.350000
34 7.300000
34 0.460000
34 8.620000
34 2.330000
34 4.000000
34 1.300000
34 0.740000
34 0.600000
34 1.960000
34 1.290000
34 1.870000
34 5.400000
34 1.230000
34 0.350000
34 3.680000
34 1.690000
34 2.210000
34 0.870000
34 0.800000
34 0.670000
34 0.830000
34 6.870000
34 1.550000
34 1.540000
34 2.150000
34 2.420000
34 1.160000
34 16.550000
34 3.380000
34 6.350000
34 2.150000
34 11.420000
34 3.730000
34 2.020000
34 1.650000
34 3.140000
34 1.660000
34 0.730000
34 4.520000
34 1.660000
34 9.240000
34 2.240000
34 0.950000
34 4.340000
34 3.120000
34 1.190000
34 0.710000
34 3.590000
34 1.570000
34 2.980000
34 1.530000
34 3.610000
34 2.340000
34 26.620000
34 15.700000
34 1.580000
34 3.300000
34 2.070000
34 9.530000
34 1.930000
34 4.580000
34 1.200000
34 10.860000
34 1.010000
34 2.260000
34 0.420000
34 7.600000
34 0.440000
34 4.560000
34 0.670000
34 0.650000
34 8.650000
34 2.160000
34 15.220000
34 0.220000
34 14.150000
34 1.280000
34 1.380000
34 2.000000
34 0.450000
34 2.070000
34 0.830000
34 1.400000
34 1.810000
34 2.690000
34 1.350000
34 2.140000
34 7.500000
34 2.040000
34 3.260000
34 6.670000
34 3.560000
34 0.470000
34 3.200000
34 3.550000
34 7.690000
34 3.330000
34 0.330000
34 2.550000
34 13.900000
34 1.040000
34 3.260000
34 2.380000
34 8.560000
34 1.870000
34 1.860000
34 2.820000
34 1.050000
34 1.080000
34 1.300000
34 0.900000
34 5.410000
34 6.130000
34 2.390000
34 1.260000
34 8.830000
34 1.910000
34 2.240000
34 2.010000
34 1.780000
34 5.120000
34 1.780000
34 3.430000
34 0.700000
34 1.410000
34 1.940000
34 3.130000
34 3.340000
34 3.980000
34 1.320000
34 5.100000
34 0.590000
34 1.930000
34 7.310000
34 3.460000
34 2.140000
34 5.530000
34 2.630000
34 1.020000
34 3.840000
34 4.180000
34 0.860000
34 3.360000
34 5.930000
34 4.510000
34 2.080000
34 3.990000
34 2.880000
34 0.340000
34 1.750000
34 1.850000
34 0.350000
34 0.500000
34 3.450000
34 3.180000
34 4.640000
34 2.020000
34 5.280000
34 1.230000
34 13.060000
34 4.410000
34 2.120000
34 6.900000
34 6.870000
34 16.920000
34 3.320000
34 1.640000
34 6.230000
34 1.470000
34 1.290000
34 3.340000
34 0.410000
34 1.070000
34 10.110000
35 2.120000
35 1.730000
35 1.390000
35 2.290000
35 1.250000
35 1.210000
35 0.940000
35 2.050000
35 13.930000
35 3.380000
35 5.090000
35 4.570000
35 8.230000
35 8.570000
35 4.570000
35 0.990000
35 5.300000
35 3.280000
35 1.400000
35 3.730000
35 4.350000
35 1.270000
35 1.970000
35 2.510000
35 4.850000
35 0.410000
35 1.330000
35 5.460000
35 1.110000
35 3.920000
35 1.180000
35 7.460000
35 5.060000
35 5.000000
35 0.550000
35 2.230000
35 16.550000
35 2.520000
35 4.220000
35 8.410000
35 2.440000
35 4.780000
35 1.520000
35 2.130000
35 5.910000
35 4.300000
35 4.720000
35 3.840000
35 6.740000
35 7.510000
35 3.490000
35 2.640000
35 1.100000
35 1.280000
35 1.010000
35 2.850000
35 5.400000
35 4.780000
35 11.180000
35 4.270000
35 1.010000
35 5.590000
35 0.910000
35 8.800000
35 0.760000
35 1.050000
35 1.650000
35 1.240000
35 9.910000
35 10.030000
35 10.080000
35 2.700000
35 1.700000
35 1.220000
35 14.610000
35 4.060000
35 6.770000
35 4.080000
35 1.760000
35 1.720000
35 0.240000
35 2.480000
35 3.280000
35 2.870000
35 0.590000
35 4.560000
35 5.970000
35 12.080000
35 3.620000
35 4.880000
35 1.130000
35 3.250000
35 3.450000
35 6.810000
35 4.540000
35 5.610000
35 0.880000
35 1.150000
35 4.080000
35 6.650000
35 9.860000
35 3.340000
35 3.360000
35 1.160000
35 1.540000
35 12.510000
35 3.370000
35 16.460000
35 9.460000
35 2.250000
35 0.890000
35 0.550000
35 0.950000
35 5.150000
35 10.800000
35 6.020000
35 0.530000
35 4.590000
35 2.730000
35 4.160000
35 2.770000
35 16.890000
35 2.000000
35 0.680000
35 1.800000
35 2.630000
35 0.510000
35 1.700000
35 1.640000
35 2.270000
35 5.260000
35 0.650000
35 9.080000
35 1.660000
35 1.690000
35 2.220000
35 8.700000
35 3.190000
35 3.080000
35 3.520000
35 2.390000
35 4.330000
35 11.710000
35 4.940000
35 14.120000
35 5.050000
35 8.580000
35 13.380000
35 2.470000
35 1.740000
35 3.250000
35 1.690000
35 10.000000
35 3.350000
35 8.040000
35 15.310000
35 1.640000
35 2.720000
35 10.580000
35 3.240000
35 2.500000
35 4.950000
35 1.700000
35 2.010000
35 1.500000
35 5.720000
35 22.090000
35 1.160000
35 5.400000
35 2.540000
35 0.630000
35 6.870000
35 1.090000
35 0.730000
35 5.290000
35 8.230000
35 2.260000
35 2.570000
35 2.250000
35 1.450000
35 3.880000
35 5.850000
35 13.200000
35 2.500000
35 23.780000
35 4.600000
35 6.100000
35 1.420000
35 8.870000
35 3.630000
35 2.130000
35 4.150000
35 1.190000
35 2.110000
35 0.930000
35 5.440000
35 6.080000
35 12.720000
35 1.420000
35 6.070000
35 4.280000
35 7.310000
35 3.250000
35 1.530000
35 2.250000
35 0.510000
35 0.410000
35 6.890000
35 0.670000
35 1.900000
35 3.140000
35 2.210000
35 6.160000
35 0.480000
35 4.210000
35 2.360000
35 2.580000
35 11.100000
35 9.920000
35 1.840000
35 5.000000
35 5.200000
35 1.320000
35 7.590000
35 1.790000
35 3.100000
35 3.700000
35 2.720000
35 0.360000
35 1.190000
35 2.490000
35 9.550000
35 1.740000
35 6.800000
35 5.610000
35 35.230000
35 3.600000
35 1.630000
35 4.050000
35 3.840000
35 1.830000
35 2.440000
35 9.100000
35 6.520000
35 0.800000
35 2.480000
35 0.900000
35 0.510000
35 0.780000
35 5.480000
35 3.450000
35 3.430000
35 7.040000
35 1.810000
35 10.210000
35 1.070000
35 1.330000
35 10.940000
35 3.860000
35 0.230000
35 2.600000
35 3.260000
35 5.700000
35 1.230000
35 1.940000
35 0.440000
35 1.720000
35 0.630000
35 11.000000
35 7.060000
35 1.200000
35 0.400000
35 2.170000
35 0.400000
35 2.590000
35 6.150000
35 12.150000
35 6.760000
35 1.010000
35 3.020000
35 5.370000
35 2.160000
35 5.120000
35 1.270000
35 5.560000
35 1.260000
35 2.190000
35 5.020000
35 0.980000
35 2.560000
35 14.070000
35 2.520000
35 1.280000
35 13.200000
35 9.930000
35 2.090000
35 2.010000
35 1.360000
35 2.770000
35 1.910000
35 7.620000
35 7.950000
35 1.830000
35 1.020000
35 2.070000
35 3.190000
35 0.200000
35 0.530000
35 7.450000
35 0.600000
35 1.150000
35 5.500000
35 1.720000
35 3.760000
35 8.890000
35 0.610000
35 5.550000
35 7.010000
35 3.460000
35 3.950000
35 0.670000
35 2.880000
35 0.760000
35 0.780000
35 7.300000
35 5.800000
35 0.520000
35 4.550000
35 4.630000
35 5.000000
35 2.480000
35 6.980000
35 3.260000
35 4.330000
35 5.740000
35 2.040000
35 12.310000
35 2.440000
35 7.610000
35 6.350000
35 1.950000
35 0.730000
35 7.670000
35 21.210000
35 8.930000
35 2.080000
35 0.630000
35 0.960000
35 2.710000
35 0.790000
35 0.620000
35 3.330000
35 3.130000
35 0.570000
35 3.560000
35 5.470000
35 7.360000
35 5.490000
35 2.580000
35 3.970000
35 12.140000
35 1.010000
35 4.070000
35 3.800000
35 0.840000
35 1.510000
35 0.570000
35 2.210000
35 1.420000
35 1.140000
35 0.880000
35 2.430000
35 5.700000
35 15.540000
35 3.720000
35 2.890000
35 8.290000
35 4.010000
35 8.280000
35 0.770000
35 1.170000
35 14.680000
35 0.980000
35 18.830000
35 0.710000
35 1.740000
35 0.500000
35 0.190000
35 0.490000
35 1.020000
35 1.010000
35 2.440000
35 2.930000
35 3.720000
35 7.640000
35 6.150000
35 3.370000
35 6.110000
35 2.530000
35 4.210000
35 7.540000
35 8.490000
35 2.510000
35 2.970000
35 8.340000
35 5.870000
35 1.240000
35 1.730000
35 5.420000
35 1.180000
35 0.390000
35 3.840000
35 1.980000
35 5.540000
35 30.810000
35 7.700000
35 7.160000
35 5.100000
35 2.960000
35 10.500000
35 1.770000
35 0.500000
35 9.840000
35 8.750000
35 6.960000
35 8.260000
35 2.710000
35 3.590000
35 3.420000
35 3.730000
35 6.500000
35 1.270000
35 3.060000
35 2.010000
35 1.380000
35 4.070000
35 1.500000
35 2.610000
35 0.420000
35 2.010000
35 0.210000
35 2.020000
35 1.610000
35 2.540000
35 6.950000
35 16.040000
35 3.160000
35 6.160000
35 8.640000
35 1.360000
35 6.880000
35 3.380000
35 2.960000
35 0.900000
35 2.350000
35 1.150000
35 0.670000
35 9.520000
35 5.670000
35 1.940000
35 4.970000
35 4.210000
35 2.470000
35 1.660000
35 2.270000
35 1.140000
35 2.920000
35 9.860000
35 5.330000
35 8.260000
35 12.420000
35 0.900000
35 1.300000
35 5.770000
35 3.410000
35 2.770000
35 13.030000
35 1.690000
35 1.160000
35 10.190000
35 2.140000
35 2.570000
35 1.320000
35 4.830000
35 4.200000
35 1.920000
35 3.380000
35 1.310000
35 3.870000
35 1.300000
35 17.320000
35 3.900000
35 2.850000
35 6.080000
