#n running-time
30 0.490000
30 0.490000
30 0.480000
31 0.490000
31 0.490000
31 0.570000
31 0.500000
31 0.530000
31 0.460000
31 0.570000
31 0.590000
31 0.480000
31 0.430000
31 1.190000
31 0.780000
31 0.500000
31 0.640000
31 0.730000
31 0.550000
32 0.550000
32 0.560000
32 0.480000
32 0.510000
32 0.470000
32 0.500000
32 0.550000
32 0.600000
32 0.490000
32 0.770000
32 0.520000
32 0.600000
32 0.530000
32 0.480000
32 0.530000
32 0.760000
32 0.510000
32 0.510000
32 0.480000
32 0.580000
32 0.580000
32 0.510000
32 0.520000
32 0.500000
32 0.470000
32 0.490000
32 0.720000
32 0.600000
32 0.490000
32 0.530000
32 0.500000
32 0.510000
32 0.520000
32 0.440000
32 0.510000
32 0.500000
32 0.450000
32 0.500000
32 0.560000
32 0.550000
32 0.500000
32 0.490000
32 0.490000
32 0.530000
32 0.590000
32 0.500000
32 0.500000
32 0.550000
32 0.560000
32 0.740000
32 0.540000
32 0.880000
32 0.680000
32 0.470000
32 0.500000
32 0.500000
32 0.500000
32 0.510000
33 0.550000
33 0.500000
33 0.450000
33 0.530000
33 0.810000
33 0.580000
33 0.460000
33 0.780000
33 0.500000
33 0.490000
33 0.600000
33 0.500000
33 0.500000
33 0.480000
33 0.500000
33 0.540000
33 0.490000
33 0.570000
33 0.440000
33 0.550000
33 0.560000
33 0.530000
33 0.610000
33 0.580000
33 0.660000
33 0.760000
33 0.710000
33 0.540000
33 0.610000
33 1.000000
33 0.500000
33 1.110000
33 0.520000
33 0.640000
33 0.800000
33 0.710000
33 0.550000
33 0.550000
33 0.660000
33 0.530000
33 0.900000
33 0.450000
33 0.510000
33 0.760000
33 0.470000
33 0.530000
33 0.630000
33 0.480000
33 0.580000
33 0.470000
33 0.630000
33 0.520000
33 0.810000
33 0.540000
33 0.840000
33 0.530000
33 0.460000
33 0.510000
33 0.540000
33 0.660000
33 0.620000
33 0.620000
33 0.460000
33 0.650000
33 0.510000
33 0.540000
33 0.450000
33 0.570000
33 0.510000
33 0.930000
33 0.520000
33 0.540000
33 0.480000
33 0.860000
33 0.570000
33 0.540000
33 0.500000
33 0.490000
33 0.900000
33 0.690000
33 0.510000
33 0.600000
33 0.600000
33 0.480000
33 0.520000
33 0.760000
33 0.550000
33 0.590000
33 0.660000
33 0.460000
33 0.610000
33 0.560000
33 1.430000
33 0.500000
33 0.720000
33 0.630000
33 0.560000
33 0.510000
33 0.940000
33 0.550000
33 0.550000
33 0.670000
33 0.570000
33 0.570000
33 0.530000
33 0.440000
33 0.600000
33 0.600000
33 0.530000
33 0.530000
33 0.550000
33 0.590000
33 0.550000
33 0.480000
33 0.560000
33 0.610000
33 0.550000
33 0.720000
33 0.610000
33 0.630000
33 0.530000
33 0.600000
33 0.540000
33 0.480000
33 0.650000
33 0.570000
33 0.910000
34 0.450000
34 0.450000
34 0.740000
34 0.520000
34 0.580000
34 0.560000
34 0.570000
34 0.640000
34 0.720000
34 0.820000
34 0.660000
34 0.480000
34 0.620000
34 0.750000
34 0.660000
34 0.510000
34 0.630000
34 0.510000
34 0.560000
34 0.850000
34 0.650000
34 0.490000
34 0.510000
34 2.910000
34 0.880000
34 0.560000
34 0.510000
34 0.560000
34 0.520000
34 0.580000
34 0.530000
34 0.530000
34 0.450000
34 0.480000
34 0.580000
34 0.570000
34 0.510000
34 0.590000
34 0.980000
34 0.510000
34 0.920000
34 0.510000
34 0.660000
34 0.760000
34 0.700000
34 0.540000
34 0.480000
34 0.900000
34 0.570000
34 0.970000
34 1.460000
34 0.660000
34 0.530000
34 0.520000
34 0.510000
34 0.490000
34 0.470000
34 0.490000
34 0.480000
34 0.470000
34 0.550000
34 0.530000
34 0.540000
34 0.670000
34 0.520000
34 0.490000
34 0.500000
34 1.130000
34 0.730000
34 0.620000
34 0.530000
34 0.540000
34 0.550000
34 0.560000
34 0.530000
34 0.550000
34 0.560000
34 0.990000
34 0.460000
34 0.480000
34 1.280000
34 0.600000
34 0.580000
34 0.620000
34 0.710000
34 0.520000
34 1.140000
34 0.640000
34 0.510000
34 0.560000
34 0.540000
34 0.850000
34 0.500000
34 0.600000
34 0.930000
34 0.640000
34 0.870000
34 1.060000
34 0.540000
34 0.690000
34 0.520000
34 0.680000
34 0.730000
34 0.550000
34 0.500000
34 0.630000
34 0.460000
34 0.510000
34 0.450000
34 0.490000
34 0.580000
34 0.500000
34 0.550000
34 0.530000
34 0.870000
34 0.700000
34 0.620000
34 0.500000
34 0.480000
34 0.530000
34 0.500000
34 0.500000
34 0.470000
34 0.450000
34 0.450000
34 0.500000
34 0.730000
34 0.560000
34 0.560000
34 0.520000
34 1.060000
34 0.750000
34 0.590000
34 0.500000
34 0.600000
34 0.630000
34 0.540000
34 0.580000
34 0.500000
34 0.690000
34 0.520000
34 0.660000
34 0.490000
34 0.570000
34 0.530000
34 0.510000
34 0.600000
34 0.590000
34 0.500000
34 0.890000
34 0.560000
34 1.260000
34 0.440000
34 0.470000
34 1.020000
34 0.640000
34 0.710000
34 0.700000
34 0.580000
34 0.440000
34 0.560000
34 0.720000
34 0.570000
34 0.760000
34 0.540000
34 1.250000
34 0.570000
34 0.920000
34 0.680000
34 0.720000
34 0.680000
34 0.610000
34 1.680000
34 0.580000
34 0.580000
34 0.510000
34 0.640000
34 0.510000
34 1.480000
34 0.500000
34 0.790000
34 0.590000
34 0.800000
34 0.900000
34 0.660000
34 0.570000
34 0.510000
34 0.470000
34 0.530000
34 0.590000
34 0.650000
34 0.760000
34 0.490000
34 0.470000
34 0.550000
34 0.580000
34 0.570000
34 0.550000
34 0.540000
34 0.630000
34 0.680000
34 0.560000
34 0.490000
34 0.530000
34 0.450000
34 0.960000
35 0.440000
35 0.490000
35 0.600000
35 1.020000
35 0.840000
35 0.710000
35 0.480000
35 0.510000
35 0.750000
35 0.510000
35 0.780000
35 0.560000
35 1.070000
35 0.800000
35 0.630000
35 0.470000
35 0.610000
35 0.570000
35 0.790000
35 0.460000
35 0.470000
35 1.340000
35 0.470000
35 0.520000
35 0.750000
35 0.970000
35 0.580000
35 0.510000
35 0.610000
35 0.550000
35 0.510000
35 0.520000
35 0.570000
35 1.150000
35 0.810000
35 0.490000
35 0.750000
35 0.780000
35 1.310000
35 0.690000
35 0.760000
35 0.530000
35 0.580000
35 0.450000
35 0.510000
35 0.730000
35 0.520000
35 0.530000
35 0.580000
35 0.600000
35 0.480000
35 0.640000
35 0.510000
35 0.560000
35 0.930000
35 0.820000
35 0.670000
35 0.480000
35 0.570000
35 0.600000
35 0.720000
35 0.570000
35 0.900000
35 0.520000
35 0.540000
35 0.530000
35 0.520000
35 0.640000
35 1.840000
35 0.510000
35 0.450000
35 1.210000
35 0.470000
35 0.680000
35 0.610000
35 0.560000
35 0.500000
35 0.640000
35 0.660000
35 0.770000
35 1.530000
35 0.550000
35 0.570000
35 0.480000
35 0.670000
35 0.970000
35 0.490000
35 0.540000
35 0.640000
35 0.510000
35 0.510000
35 0.510000
35 0.530000
35 0.570000
35 0.590000
35 0.570000
35 0.640000
35 0.590000
35 0.600000
35 0.710000
35 0.530000
35 2.100000
35 0.590000
35 0.540000
35 0.570000
35 0.530000
35 1.130000
35 0.600000
35 0.640000
35 1.000000
35 1.050000
35 0.510000
35 0.480000
35 0.570000
35 0.580000
35 0.560000
35 0.550000
35 0.920000
35 0.510000
35 0.600000
35 0.550000
35 0.590000
35 0.540000
35 0.860000
35 0.560000
35 0.480000
35 0.670000
35 0.890000
35 0.490000
35 0.870000
35 0.510000
35 0.780000
35 0.800000
35 0.470000
35 0.660000
35 0.590000
35 0.660000
35 0.530000
35 1.000000
35 0.970000
35 0.640000
35 0.730000
35 0.490000
35 0.570000
35 0.560000
35 0.530000
35 0.690000
35 0.630000
35 0.490000
35 0.540000
35 0.460000
35 0.720000
35 0.610000
35 0.580000
35 0.600000
35 0.800000
35 0.590000
35 0.690000
35 0.950000
35 0.540000
35 0.810000
35 1.550000
35 0.570000
35 0.500000
35 0.780000
35 0.580000
35 0.600000
35 0.520000
35 1.140000
35 1.040000
35 0.730000
35 0.810000
35 0.560000
35 0.650000
35 0.580000
35 0.760000
35 0.750000
35 0.490000
35 0.560000
35 0.710000
35 0.750000
35 0.490000
35 0.830000
35 0.640000
35 0.500000
35 0.440000
35 0.510000
35 0.580000
35 1.140000
35 0.500000
35 0.670000
35 0.950000
35 0.520000
35 0.540000
35 0.650000
35 0.590000
35 0.550000
35 0.560000
35 0.750000
35 0.510000
35 1.120000
35 0.550000
35 1.010000
35 0.560000
35 0.620000
35 0.570000
35 0.630000
35 0.530000
35 1.270000
35 0.580000
35 0.620000
35 0.470000
35 0.770000
35 0.460000
35 0.980000
35 0.680000
35 0.530000
35 0.620000
35 0.560000
35 0.570000
35 0.530000
35 0.740000
35 0.510000
35 0.890000
35 0.610000
35 0.850000
35 0.560000
35 0.570000
35 0.600000
35 0.510000
35 0.550000
35 0.590000
35 0.570000
35 0.700000
35 0.600000
35 0.510000
35 0.720000
35 0.570000
35 0.540000
35 0.520000
35 0.510000
35 0.640000
35 0.640000
35 0.550000
35 0.550000
35 0.570000
35 0.430000
35 1.420000
35 0.720000
35 1.240000
35 0.600000
35 1.140000
35 0.530000
35 0.480000
35 0.600000
35 0.510000
35 0.710000
35 0.580000
35 0.510000
35 0.520000
35 0.690000
35 0.550000
35 0.790000
35 0.880000
35 0.460000
35 0.620000
35 0.460000
35 0.610000
35 0.570000
35 0.500000
35 0.630000
35 0.550000
35 0.750000
35 1.060000
35 0.540000
35 0.530000
35 0.610000
35 0.520000
35 0.820000
35 0.670000
35 0.610000
35 0.560000
35 0.490000
35 0.490000
35 0.500000
35 0.620000
35 0.470000
35 0.540000
35 0.520000
35 0.460000
35 0.710000
35 0.530000
35 0.640000
35 0.490000
35 0.720000
35 0.520000
35 0.560000
35 0.620000
35 0.640000
35 0.510000
35 0.550000
35 0.720000
35 0.630000
35 0.550000
35 0.650000
35 0.480000
35 0.540000
35 0.500000
35 1.240000
35 0.740000
35 0.670000
35 0.900000
35 0.540000
35 0.630000
35 1.360000
35 0.520000
35 0.720000
35 0.720000
35 0.690000
35 0.710000
35 0.740000
35 0.570000
35 0.490000
35 0.670000
35 0.900000
35 0.480000
35 0.720000
35 0.510000
35 0.740000
35 0.600000
35 0.750000
35 0.630000
35 0.550000
35 0.640000
35 0.540000
35 0.590000
35 0.790000
35 0.850000
35 0.580000
35 0.620000
35 0.600000
35 0.640000
35 0.530000
35 0.540000
36 0.530000
36 0.810000
36 1.170000
36 0.480000
36 0.540000
36 0.520000
36 0.670000
36 0.860000
36 0.560000
36 0.650000
36 0.580000
36 0.540000
36 0.460000
36 0.520000
36 0.510000
36 0.740000
36 0.520000
36 0.740000
36 1.230000
36 0.490000
36 0.960000
36 0.830000
36 0.570000
36 0.590000
36 0.840000
36 0.560000
36 0.510000
36 0.620000
36 0.730000
36 0.630000
36 0.810000
36 0.620000
36 0.740000
36 0.590000
36 0.520000
36 0.540000
36 0.500000
36 0.450000
36 0.710000
36 0.480000
36 0.640000
36 0.640000
36 0.770000
36 0.640000
36 0.690000
36 0.470000
36 0.870000
36 0.760000
36 0.810000
36 0.780000
36 0.520000
36 0.680000
36 0.700000
36 0.720000
36 1.720000
36 1.100000
36 0.480000
36 0.680000
36 0.500000
36 0.750000
36 1.270000
36 0.600000
36 0.600000
36 0.550000
36 0.550000
36 0.850000
36 0.960000
36 0.760000
36 0.620000
36 0.930000
36 0.530000
36 0.620000
36 0.520000
36 0.470000
36 0.540000
36 0.580000
36 0.620000
36 1.880000
36 0.490000
36 4.000000
36 0.660000
36 0.740000
36 0.560000
36 0.550000
36 0.870000
36 0.610000
36 0.570000
36 0.780000
36 0.440000
36 0.670000
36 0.710000
36 0.720000
36 0.610000
36 0.520000
36 0.590000
36 0.590000
36 0.680000
36 0.740000
36 0.760000
36 0.450000
36 0.500000
36 0.460000
36 1.140000
36 0.860000
36 0.970000
36 1.010000
36 0.480000
36 0.620000
36 0.730000
36 0.560000
36 0.560000
36 0.520000
36 0.810000
36 0.690000
36 0.750000
36 0.940000
36 0.870000
36 0.520000
36 1.110000
36 0.610000
36 1.040000
36 0.500000
36 0.510000
36 0.470000
36 0.720000
36 0.490000
36 0.640000
36 0.640000
36 0.640000
36 0.470000
36 0.540000
36 1.080000
36 0.560000
36 1.850000
36 0.800000
36 0.500000
36 0.880000
36 0.480000
36 0.730000
36 0.510000
36 1.120000
36 0.510000
36 1.880000
36 0.450000
36 1.370000
36 1.260000
36 0.450000
36 0.620000
36 0.480000
36 0.690000
36 0.620000
36 0.520000
36 0.500000
36 0.800000
36 0.650000
36 0.550000
36 0.520000
36 0.790000
36 3.820000
36 1.830000
36 0.560000
36 0.690000
36 0.650000
36 0.680000
36 0.630000
36 0.530000
36 1.020000
36 0.570000
36 1.130000
36 0.560000
36 0.660000
36 0.550000
36 0.990000
36 0.540000
36 0.670000
36 0.830000
36 2.030000
36 0.980000
36 0.980000
36 0.650000
36 0.710000
36 0.680000
36 0.790000
36 0.710000
36 0.490000
36 0.570000
36 0.680000
36 0.610000
36 0.530000
36 0.660000
36 0.570000
36 0.480000
36 0.870000
36 1.020000
36 0.990000
36 0.450000
36 0.450000
36 1.010000
36 0.480000
36 0.720000
36 0.550000
36 1.190000
36 0.690000
36 0.570000
36 0.740000
36 1.140000
36 0.800000
36 1.110000
36 0.680000
36 0.730000
36 0.740000
36 0.520000
36 0.580000
36 0.650000
36 0.510000
36 0.480000
36 0.840000
36 0.940000
36 0.770000
36 0.490000
36 0.480000
36 0.590000
36 0.830000
36 0.530000
36 0.540000
36 1.460000
36 1.660000
36 0.760000
36 0.600000
36 0.450000
36 0.790000
36 0.500000
36 0.670000
36 0.980000
36 0.510000
36 0.640000
36 0.530000
36 0.480000
36 0.580000
36 0.560000
36 0.560000
36 0.480000
36 0.660000
36 1.230000
36 1.310000
36 0.840000
36 1.430000
36 0.640000
36 0.480000
36 0.640000
36 0.540000
36 0.530000
36 0.640000
36 0.610000
36 0.560000
36 1.160000
36 1.160000
36 0.540000
36 0.770000
36 0.970000
36 0.560000
36 0.640000
36 0.770000
36 0.570000
36 0.560000
36 1.010000
36 0.520000
36 0.600000
36 0.620000
36 0.870000
36 0.560000
36 0.450000
36 0.560000
36 0.680000
36 0.550000
36 0.690000
36 0.520000
36 0.670000
36 0.710000
36 1.060000
36 0.570000
36 0.600000
36 0.730000
36 0.690000
36 0.610000
36 0.640000
36 0.570000
36 0.530000
36 0.630000
36 0.720000
36 1.050000
36 0.630000
36 0.700000
36 0.860000
36 0.810000
36 0.500000
36 0.520000
36 0.620000
36 0.620000
36 0.550000
36 0.920000
36 0.580000
36 0.480000
36 0.520000
36 0.550000
36 0.610000
36 0.580000
36 0.540000
36 0.540000
36 0.530000
36 0.810000
36 0.520000
36 0.560000
36 0.500000
36 0.600000
36 0.700000
36 0.550000
36 0.530000
36 0.600000
36 0.600000
36 0.500000
36 0.740000
36 0.720000
36 0.780000
36 0.610000
36 1.030000
36 0.950000
36 0.820000
36 0.660000
36 0.890000
36 0.600000
36 0.560000
36 0.460000
36 0.520000
36 1.200000
36 0.850000
36 0.620000
36 0.480000
36 0.560000
36 0.570000
36 0.570000
36 0.650000
36 0.670000
36 0.830000
36 0.640000
36 0.530000
36 0.630000
36 0.730000
36 0.480000
36 0.500000
36 0.770000
36 0.510000
36 0.630000
36 0.720000
36 0.630000
36 0.520000
36 0.610000
36 0.740000
36 0.560000
36 0.650000
36 0.930000
36 0.520000
36 0.680000
36 0.710000
36 0.710000
36 1.000000
36 2.370000
36 0.490000
36 0.740000
36 0.510000
36 0.620000
36 0.710000
36 0.540000
36 0.660000
36 0.590000
36 0.580000
36 0.540000
36 0.510000
36 0.940000
36 0.760000
36 0.560000
36 0.750000
36 0.800000
36 0.580000
36 0.660000
36 0.750000
36 0.700000
36 1.060000
36 0.490000
36 0.660000
36 0.520000
36 1.080000
36 1.360000
36 0.630000
36 0.690000
36 0.540000
36 0.510000
36 0.560000
36 0.490000
36 0.730000
36 0.520000
36 0.860000
36 0.650000
36 0.570000
36 0.700000
36 0.690000
36 0.550000
36 0.590000
36 0.800000
36 0.530000
36 0.570000
36 0.790000
36 0.640000
36 0.940000
36 0.520000
36 0.850000
36 0.590000
36 0.990000
36 0.590000
37 0.700000
37 0.510000
37 0.580000
37 0.500000
37 0.530000
37 0.650000
37 0.580000
37 0.520000
37 0.490000
37 0.730000
37 1.280000
37 0.800000
37 0.510000
37 0.620000
37 0.510000
37 0.800000
37 0.790000
37 0.520000
37 0.590000
37 0.940000
37 0.910000
37 0.570000
37 0.850000
37 0.560000
37 0.660000
37 0.730000
37 0.740000
37 0.690000
37 0.640000
37 0.550000
37 0.870000
37 0.570000
37 0.750000
37 0.760000
37 0.600000
37 0.700000
37 0.800000
37 0.530000
37 0.540000
37 0.860000
37 0.660000
37 0.790000
37 0.820000
37 0.470000
37 0.850000
37 0.850000
37 8.170000
37 0.460000
37 0.950000
37 0.810000
37 0.580000
37 0.550000
37 0.550000
37 0.760000
37 0.600000
37 0.600000
37 0.740000
37 0.500000
37 0.620000
37 1.050000
37 0.640000
37 0.570000
37 0.530000
37 0.470000
37 0.490000
37 0.510000
37 0.630000
37 0.880000
37 1.360000
37 0.600000
37 0.700000
37 1.180000
37 0.460000
37 0.880000
37 0.550000
37 1.060000
37 2.030000
37 0.920000
37 0.510000
37 0.850000
37 0.640000
37 1.110000
37 0.640000
37 0.530000
37 0.540000
37 0.530000
37 0.540000
37 0.850000
37 0.750000
37 1.400000
37 0.600000
37 1.160000
37 0.490000
37 0.540000
37 0.560000
37 0.730000
37 2.490000
37 0.730000
37 0.790000
37 0.590000
37 1.030000
37 0.490000
37 1.340000
37 0.550000
37 0.980000
37 0.790000
37 0.870000
37 0.700000
37 0.580000
37 0.520000
37 0.590000
37 0.510000
37 0.580000
37 0.630000
37 0.910000
37 0.740000
37 0.640000
37 0.460000
37 0.510000
37 0.670000
37 1.330000
37 0.940000
37 0.440000
37 0.450000
37 0.640000
37 0.660000
37 0.500000
37 0.560000
37 2.150000
37 0.530000
37 0.540000
37 1.030000
37 1.020000
37 1.240000
37 0.580000
37 0.540000
37 1.400000
37 0.840000
37 0.630000
37 0.630000
37 0.480000
37 0.580000
37 0.830000
37 1.990000
37 0.550000
37 0.850000
37 0.650000
37 0.870000
37 1.010000
37 1.050000
37 0.610000
37 0.770000
37 1.050000
37 0.580000
37 0.580000
37 0.680000
37 0.590000
37 0.770000
37 0.890000
37 0.650000
37 0.810000
37 0.500000
37 0.830000
37 0.710000
37 1.860000
37 0.540000
37 0.650000
37 0.780000
37 0.690000
37 0.580000
37 0.500000
37 0.490000
37 0.540000
37 0.530000
37 0.670000
37 0.610000
37 0.710000
37 1.090000
37 0.600000
37 0.690000
37 0.620000
37 1.050000
37 2.230000
37 0.720000
37 0.930000
37 0.710000
37 1.290000
37 0.470000
37 0.880000
37 0.580000
37 0.460000
37 1.010000
37 1.280000
37 0.810000
37 0.750000
37 0.590000
37 0.820000
37 0.530000
37 1.440000
37 0.560000
37 1.140000
37 0.590000
37 1.200000
37 0.550000
37 0.520000
37 0.820000
37 0.880000
37 1.240000
37 0.570000
37 0.560000
37 0.730000
37 0.530000
37 0.690000
37 0.460000
37 0.560000
37 0.760000
37 0.560000
37 0.760000
37 0.640000
37 0.570000
37 0.580000
37 0.690000
37 0.760000
37 0.640000
37 0.680000
37 0.570000
37 0.620000
37 0.520000
37 0.990000
37 0.650000
37 0.720000
37 0.530000
37 0.770000
37 0.570000
37 0.790000
37 1.590000
37 0.590000
37 0.730000
37 0.570000
37 0.570000
37 0.510000
37 1.180000
37 0.630000
37 0.930000
37 1.900000
37 0.590000
37 1.140000
37 0.820000
37 0.660000
37 0.570000
37 0.720000
37 0.680000
37 0.980000
37 0.610000
37 0.650000
37 0.590000
37 0.460000
37 0.460000
37 0.700000
37 1.560000
37 0.840000
37 0.580000
37 0.730000
37 0.580000
37 0.550000
37 0.760000
37 0.590000
37 0.610000
37 0.510000
37 0.670000
37 0.620000
37 0.710000
37 0.730000
37 0.660000
37 0.460000
37 1.030000
37 0.640000
37 0.530000
37 0.610000
37 0.740000
37 1.290000
37 0.690000
37 0.550000
37 0.570000
37 0.600000
37 0.680000
37 0.500000
37 0.520000
37 1.240000
37 0.870000
37 0.770000
37 1.800000
37 0.810000
37 0.670000
37 0.550000
37 0.600000
37 0.680000
37 0.680000
37 0.530000
37 0.550000
37 0.630000
37 0.520000
37 0.510000
37 0.500000
37 0.520000
37 1.250000
37 0.810000
37 0.510000
37 1.030000
37 0.720000
37 0.920000
37 0.800000
37 1.780000
37 0.740000
37 0.790000
37 0.720000
37 0.760000
37 1.350000
37 0.540000
37 0.890000
37 0.750000
37 0.530000
37 1.120000
37 0.520000
37 0.510000
37 0.650000
37 0.610000
37 0.750000
37 0.750000
37 2.590000
37 0.840000
37 0.530000
37 0.490000
37 0.770000
37 0.660000
37 0.990000
37 1.110000
37 0.660000
37 0.650000
37 0.550000
37 0.530000
37 1.220000
37 0.620000
37 1.370000
37 0.800000
37 0.560000
37 0.660000
37 0.670000
37 0.470000
37 0.520000
37 0.650000
37 0.600000
37 0.640000
37 0.930000
37 0.860000
37 0.600000
37 0.550000
37 0.620000
37 0.630000
37 0.610000
37 0.630000
37 0.780000
37 0.560000
37 0.840000
37 0.520000
37 1.150000
37 0.780000
37 0.850000
37 0.540000
37 0.510000
37 0.670000
37 0.500000
37 0.530000
37 1.050000
37 0.850000
37 0.640000
37 0.920000
37 0.690000
37 0.580000
37 1.770000
37 0.640000
37 0.580000
37 1.540000
37 1.220000
37 0.640000
37 0.720000
37 0.470000
37 0.770000
37 1.820000
37 0.570000
37 0.640000
37 1.550000
37 0.910000
37 0.460000
37 0.700000
37 0.530000
37 0.660000
37 0.570000
37 0.610000
37 1.450000
37 0.730000
37 0.580000
37 2.820000
37 0.680000
37 1.010000
37 0.840000
37 0.540000
37 0.520000
37 1.560000
37 0.810000
37 1.940000
37 0.770000
37 0.500000
37 0.510000
37 0.530000
37 0.700000
37 0.590000
37 0.940000
37 0.480000
37 0.700000
37 0.780000
37 0.930000
37 0.580000
37 0.770000
37 1.410000
37 0.620000
37 1.990000
37 0.710000
37 0.660000
37 0.830000
37 0.870000
37 0.590000
37 0.670000
37 0.590000
37 0.460000
37 0.560000
37 0.640000
37 0.600000
37 0.530000
37 0.710000
37 0.910000
37 0.890000
37 0.680000
37 0.650000
37 0.710000
37 1.380000
37 0.920000
37 0.750000
37 0.580000
37 0.610000
37 0.590000
37 0.720000
37 1.260000
37 0.690000
37 0.600000
37 2.260000
37 0.610000
37 0.800000
37 0.540000
37 0.650000
37 0.530000
37 0.800000
37 0.570000
37 0.570000
37 1.060000
37 0.500000
37 0.480000
37 0.610000
37 0.880000
37 0.580000
37 0.660000
37 1.880000
37 0.720000
37 0.560000
37 0.550000
37 0.530000
37 0.690000
37 1.120000
37 1.900000
37 1.740000
37 0.590000
37 0.540000
37 0.670000
37 1.240000
37 0.800000
37 0.580000
