#n running-time
32 0.020000
32 0.020000
33 0.080000
33 0.010000
33 0.060000
33 0.070000
33 0.850000
33 0.020000
33 0.010000
33 0.010000
33 0.020000
33 0.020000
34 0.030000
34 0.020000
34 0.020000
34 0.020000
34 0.030000
34 0.020000
34 0.020000
34 0.020000
34 0.020000
34 0.020000
34 0.020000
34 0.020000
34 0.060000
34 0.020000
34 0.040000
34 0.020000
34 0.040000
34 0.040000
34 0.030000
34 0.020000
34 0.040000
34 0.020000
34 0.030000
34 0.060000
34 0.040000
34 0.030000
34 0.030000
34 0.020000
34 0.010000
34 0.020000
34 0.030000
34 0.040000
34 0.020000
34 0.020000
34 0.060000
34 0.030000
34 0.040000
34 0.070000
35 0.050000
35 0.020000
35 0.030000
35 0.020000
35 0.050000
35 0.020000
35 0.060000
35 0.020000
35 0.040000
35 0.030000
35 0.020000
35 0.020000
35 0.020000
35 0.010000
35 0.020000
35 0.020000
35 0.020000
35 0.020000
35 0.020000
35 0.030000
35 0.020000
35 0.030000
35 0.020000
35 0.030000
35 0.060000
35 0.030000
35 0.020000
35 0.030000
35 0.040000
35 0.030000
35 0.050000
35 0.020000
35 0.020000
35 0.050000
35 0.020000
35 0.030000
35 0.060000
35 0.020000
35 0.020000
35 0.020000
35 0.020000
35 0.020000
35 0.020000
35 0.030000
35 0.020000
35 0.020000
35 0.040000
35 0.020000
35 0.020000
35 0.020000
35 0.020000
35 0.030000
35 0.020000
35 0.020000
35 0.020000
35 0.050000
35 0.070000
35 0.020000
35 0.020000
35 0.020000
35 0.030000
35 0.020000
35 0.020000
35 0.080000
35 0.020000
35 0.020000
35 0.020000
35 0.030000
35 0.030000
35 0.020000
35 0.040000
35 0.020000
35 0.050000
35 0.010000
35 0.030000
35 0.020000
35 0.040000
35 0.160000
35 0.030000
35 0.020000
35 0.020000
35 0.020000
35 0.090000
35 0.030000
35 0.060000
35 0.020000
35 0.060000
35 0.050000
35 0.020000
35 0.020000
35 0.020000
35 0.040000
35 0.060000
35 0.040000
35 0.030000
35 0.020000
35 0.020000
35 0.060000
35 0.030000
35 0.020000
35 0.020000
35 0.020000
35 0.020000
35 0.020000
35 0.020000
35 0.020000
35 0.050000
35 0.030000
36 0.070000
36 0.040000
36 0.020000
36 0.020000
36 0.040000
36 0.020000
36 0.010000
36 0.020000
36 0.040000
36 0.020000
36 0.030000
36 0.020000
36 0.030000
36 0.020000
36 0.040000
36 0.080000
36 0.070000
36 0.020000
36 0.060000
36 0.030000
36 0.040000
36 0.020000
36 0.050000
36 0.030000
36 0.020000
36 0.020000
36 0.010000
36 0.020000
36 0.020000
36 0.020000
36 0.010000
36 0.030000
36 0.010000
36 0.020000
36 0.020000
36 0.020000
36 0.040000
36 0.020000
36 0.020000
36 0.150000
36 0.030000
36 0.030000
36 0.030000
36 0.020000
36 0.040000
36 0.020000
36 0.040000
36 0.020000
36 0.020000
36 0.030000
36 0.040000
36 0.030000
36 0.040000
36 0.010000
36 0.020000
36 0.020000
36 0.020000
36 0.020000
36 0.020000
36 0.020000
36 0.090000
36 0.040000
36 0.010000
36 0.020000
36 0.020000
36 0.020000
36 0.040000
36 0.020000
36 0.020000
36 0.020000
36 0.040000
36 0.020000
36 0.020000
36 0.030000
36 0.030000
36 0.080000
36 0.020000
36 0.030000
36 0.040000
36 0.010000
36 0.020000
36 0.020000
36 0.020000
36 0.040000
36 0.030000
36 0.010000
36 0.040000
36 0.030000
36 0.050000
36 0.020000
36 0.010000
36 0.040000
36 0.030000
36 0.020000
36 0.020000
36 0.030000
36 0.030000
36 0.030000
36 0.020000
36 0.050000
36 0.050000
36 0.020000
36 0.020000
36 0.040000
36 0.060000
36 0.020000
36 0.050000
36 0.020000
36 0.040000
36 0.060000
36 0.020000
36 0.050000
36 0.020000
36 0.020000
36 0.020000
36 0.030000
36 0.020000
36 0.040000
36 0.030000
36 0.050000
36 0.030000
36 0.030000
36 0.020000
36 0.040000
36 0.070000
36 0.040000
36 0.090000
36 0.020000
36 0.020000
36 0.020000
36 0.030000
36 0.130000
36 0.020000
36 0.020000
36 0.020000
36 0.090000
36 0.030000
36 0.030000
36 0.020000
36 0.040000
36 0.020000
36 0.020000
36 0.030000
36 0.080000
36 0.020000
36 0.020000
36 0.080000
36 0.020000
36 0.030000
36 0.070000
36 0.020000
36 0.010000
36 0.020000
36 0.040000
36 0.070000
36 0.070000
36 0.050000
36 0.020000
36 0.030000
36 0.030000
36 0.030000
36 0.120000
36 0.020000
36 0.040000
36 0.030000
36 0.030000
36 0.040000
36 0.040000
36 0.040000
36 0.050000
36 0.020000
36 0.010000
36 0.070000
36 0.040000
36 0.030000
36 0.060000
36 0.020000
36 0.040000
36 0.030000
36 0.020000
36 0.040000
36 0.030000
36 0.030000
36 0.020000
36 0.050000
36 0.040000
36 0.040000
36 0.020000
36 0.060000
36 0.030000
36 0.050000
36 0.050000
36 0.020000
36 0.020000
36 0.060000
36 0.070000
36 0.030000
36 0.020000
36 0.060000
36 0.030000
36 0.020000
36 0.050000
36 0.140000
36 0.050000
36 0.040000
36 0.060000
36 0.020000
36 0.020000
36 0.050000
36 0.020000
36 0.030000
36 0.020000
36 0.020000
36 0.020000
36 0.040000
36 0.030000
36 0.020000
36 0.030000
36 0.060000
36 0.040000
36 0.020000
36 0.050000
36 0.030000
36 0.020000
36 0.030000
36 0.030000
36 0.020000
36 0.030000
36 0.050000
36 0.020000
36 0.030000
36 0.030000
36 0.050000
36 0.030000
36 0.030000
36 0.020000
36 0.020000
36 0.050000
36 0.020000
36 0.040000
36 0.020000
36 0.050000
37 0.020000
37 0.040000
37 0.120000
37 0.040000
37 0.110000
37 0.050000
37 0.080000
37 0.020000
37 0.030000
37 0.060000
37 0.040000
37 0.060000
37 0.150000
37 0.030000
37 0.020000
37 0.060000
37 0.050000
37 0.040000
37 0.030000
37 0.020000
37 0.130000
37 0.020000
37 0.040000
37 0.110000
37 0.040000
37 0.080000
37 0.030000
37 0.040000
37 0.020000
37 0.030000
37 0.020000
37 0.020000
37 0.020000
37 0.040000
37 0.050000
37 0.030000
37 0.030000
37 0.040000
37 0.020000
37 0.100000
37 0.020000
37 0.050000
37 0.010000
37 0.190000
37 0.020000
37 0.020000
37 0.020000
37 0.030000
37 0.030000
37 0.020000
37 0.030000
37 0.030000
37 0.020000
37 0.060000
37 0.130000
37 0.020000
37 0.040000
37 0.020000
37 0.060000
37 0.070000
37 0.020000
37 0.080000
37 0.050000
37 0.040000
37 0.020000
37 0.040000
37 0.020000
37 0.070000
37 0.040000
37 0.070000
37 0.090000
37 0.060000
37 0.020000
37 0.030000
37 0.090000
37 0.050000
37 0.020000
37 0.040000
37 0.020000
37 0.020000
37 0.030000
37 0.020000
37 0.050000
37 0.030000
37 0.030000
37 0.020000
37 0.030000
37 0.050000
37 0.040000
37 0.020000
37 0.030000
37 0.030000
37 0.040000
37 0.020000
37 0.030000
37 0.020000
37 0.010000
37 0.040000
37 0.040000
37 0.020000
37 0.040000
37 0.010000
37 0.040000
37 0.040000
37 0.030000
37 0.020000
37 0.050000
37 0.030000
37 0.080000
37 0.020000
37 0.110000
37 0.040000
37 0.060000
37 0.030000
37 0.030000
37 0.060000
37 0.050000
37 0.020000
37 0.030000
37 0.030000
37 0.050000
37 0.030000
37 0.040000
37 0.060000
37 0.060000
37 0.110000
37 0.120000
37 0.060000
37 0.030000
37 0.020000
37 0.050000
37 0.020000
37 0.020000
37 0.020000
37 0.020000
37 0.020000
37 0.020000
37 0.020000
37 0.020000
37 0.020000
37 0.040000
37 0.050000
37 0.020000
37 0.030000
37 0.020000
37 0.050000
37 0.030000
37 0.020000
37 0.020000
37 0.050000
37 0.050000
37 0.020000
37 0.020000
37 0.100000
37 0.020000
37 0.050000
37 0.020000
37 0.020000
37 0.020000
37 0.020000
37 0.070000
37 0.040000
37 0.050000
37 0.020000
37 0.030000
37 0.270000
37 0.110000
37 0.030000
37 0.020000
37 0.070000
37 0.050000
37 0.050000
37 0.030000
37 0.030000
37 0.030000
37 0.020000
37 0.080000
37 0.040000
37 0.020000
37 0.030000
37 0.020000
37 0.040000
37 0.030000
37 0.020000
37 0.030000
37 0.040000
37 0.060000
37 0.020000
37 0.020000
37 0.030000
37 0.020000
37 0.020000
37 0.030000
37 0.110000
37 0.020000
37 0.020000
37 0.020000
37 0.080000
37 0.020000
37 0.020000
37 0.020000
37 0.020000
37 0.040000
37 0.020000
37 0.020000
37 0.110000
37 0.040000
37 0.020000
37 0.050000
37 0.030000
37 0.020000
37 0.050000
37 0.020000
37 0.050000
37 0.020000
37 0.050000
37 0.030000
37 0.030000
37 0.020000
37 0.030000
37 0.050000
37 0.050000
37 0.060000
37 0.050000
37 0.030000
37 0.030000
37 0.020000
37 0.020000
37 0.030000
37 0.030000
37 0.180000
37 0.050000
37 0.050000
37 0.030000
37 0.020000
37 0.040000
37 0.020000
37 0.020000
37 0.030000
37 0.060000
37 0.030000
37 0.020000
37 0.030000
37 0.070000
37 0.030000
37 0.020000
37 0.120000
37 0.110000
37 0.020000
37 0.020000
37 0.050000
37 0.020000
37 0.040000
37 0.020000
37 0.110000
37 0.030000
37 0.030000
37 0.030000
37 0.020000
37 0.020000
37 0.050000
37 0.040000
37 0.020000
37 0.020000
37 0.020000
37 0.030000
37 0.040000
37 0.020000
37 0.060000
37 0.040000
37 0.040000
37 0.020000
37 0.030000
37 0.010000
37 0.020000
37 0.040000
37 0.040000
37 0.030000
37 0.020000
37 0.040000
37 0.040000
37 0.020000
37 0.020000
37 0.020000
37 0.020000
37 0.090000
37 0.020000
37 0.030000
37 0.020000
37 0.030000
37 0.080000
37 0.020000
37 0.050000
37 0.030000
37 0.020000
37 0.060000
37 0.030000
37 0.020000
37 0.080000
37 0.020000
37 0.030000
37 0.030000
37 0.070000
37 0.060000
37 0.030000
37 0.020000
37 0.030000
37 0.020000
37 0.020000
37 0.020000
37 0.020000
37 0.010000
37 0.050000
37 0.040000
37 0.030000
37 0.090000
37 0.020000
37 0.020000
37 0.120000
37 0.050000
37 0.030000
37 0.020000
37 0.060000
37 0.020000
37 0.030000
37 0.040000
37 0.020000
37 0.070000
37 0.040000
37 0.020000
37 0.030000
37 0.010000
37 0.020000
37 0.040000
37 0.040000
37 0.020000
37 0.020000
37 0.020000
37 0.030000
37 0.040000
37 0.020000
37 0.020000
37 0.020000
37 0.050000
37 0.020000
37 0.040000
37 0.010000
37 0.020000
37 0.060000
37 0.070000
37 0.030000
37 0.030000
37 0.020000
37 0.020000
37 0.030000
37 0.030000
37 0.050000
37 0.020000
37 0.010000
37 0.030000
37 0.020000
37 0.020000
37 0.030000
37 0.020000
38 0.090000
38 0.050000
38 0.030000
38 0.070000
38 0.020000
38 0.110000
38 0.040000
38 0.240000
38 0.070000
38 0.040000
38 0.010000
38 0.340000
38 0.030000
38 0.050000
38 0.030000
38 0.080000
38 0.020000
38 0.050000
38 0.020000
38 0.060000
38 0.070000
38 0.080000
38 0.170000
38 0.120000
38 0.020000
38 0.040000
38 0.020000
38 0.010000
38 0.050000
38 0.130000
38 0.040000
38 0.090000
38 0.040000
38 0.060000
38 0.030000
38 0.020000
38 0.030000
38 0.040000
38 0.030000
38 0.050000
38 0.030000
38 0.050000
38 0.040000
38 0.020000
38 0.050000
38 0.020000
38 0.020000
38 0.040000
38 0.020000
38 0.020000
38 0.100000
38 0.040000
38 0.020000
38 0.030000
38 0.040000
38 0.060000
38 0.020000
38 0.070000
38 0.070000
38 0.020000
38 0.050000
38 0.050000
38 0.040000
38 0.030000
38 0.020000
38 0.040000
38 0.040000
38 0.020000
38 0.030000
38 0.080000
38 0.030000
38 0.170000
38 0.020000
38 0.020000
38 0.020000
38 0.020000
38 0.020000
38 0.030000
38 0.040000
38 0.020000
38 0.040000
38 0.040000
38 0.020000
38 0.030000
38 0.020000
38 0.040000
38 0.020000
38 0.040000
38 0.070000
38 0.030000
38 0.040000
38 0.040000
38 0.070000
38 0.040000
38 0.070000
38 0.020000
38 0.020000
38 0.130000
38 0.030000
38 0.030000
38 0.010000
38 0.080000
38 0.020000
38 0.030000
38 0.050000
38 0.380000
38 0.140000
38 0.020000
38 0.070000
38 0.030000
38 0.070000
38 0.010000
38 0.040000
38 0.070000
38 0.050000
38 0.050000
38 0.030000
38 0.050000
38 0.020000
38 0.030000
38 0.030000
38 0.040000
38 0.020000
38 0.090000
38 0.040000
38 0.030000
38 0.060000
38 0.030000
38 0.100000
38 0.010000
38 0.080000
38 0.060000
38 0.060000
38 0.030000
38 0.020000
38 0.080000
38 0.030000
38 0.060000
38 0.040000
38 0.050000
38 0.070000
38 0.040000
38 0.040000
38 0.020000
38 0.030000
38 0.070000
38 0.040000
38 0.070000
38 0.050000
38 0.100000
38 0.030000
38 0.030000
38 0.020000
38 0.030000
38 0.040000
38 0.020000
38 0.050000
38 0.070000
38 0.020000
38 0.030000
38 0.030000
38 0.070000
38 0.270000
38 0.230000
38 0.040000
38 0.020000
38 0.040000
38 0.030000
38 0.020000
38 0.030000
38 0.060000
38 0.020000
38 0.050000
38 0.020000
38 0.030000
38 0.030000
38 0.030000
38 0.040000
38 0.020000
38 0.020000
38 0.020000
38 0.050000
38 0.020000
38 0.020000
38 0.020000
38 0.030000
38 0.040000
38 0.090000
38 0.060000
38 0.090000
38 0.020000
38 0.030000
38 0.020000
38 0.020000
38 0.090000
38 0.030000
38 0.060000
38 0.030000
38 0.030000
38 0.020000
38 0.050000
38 0.020000
38 0.050000
38 0.040000
38 0.050000
38 0.050000
38 0.040000
38 0.030000
38 0.060000
38 0.010000
38 0.080000
38 0.040000
38 0.020000
38 0.020000
38 0.050000
38 0.010000
38 0.020000
38 0.030000
38 0.020000
38 0.040000
38 0.020000
38 0.010000
38 0.020000
38 0.020000
38 0.030000
38 0.030000
38 0.030000
38 0.020000
38 0.020000
38 0.110000
38 0.030000
38 0.030000
38 0.030000
38 0.020000
38 0.020000
38 0.020000
38 0.040000
38 0.030000
38 0.030000
38 0.050000
38 0.040000
38 0.030000
38 0.030000
38 0.050000
38 0.060000
38 0.050000
38 0.040000
38 0.080000
38 0.020000
38 0.020000
38 0.020000
38 0.030000
38 0.080000
38 0.020000
38 0.020000
38 0.030000
38 0.070000
38 0.130000
38 0.050000
38 0.020000
38 0.020000
38 0.020000
38 0.020000
38 0.050000
38 0.050000
38 0.050000
38 0.030000
38 0.040000
38 0.020000
38 0.030000
38 0.060000
38 0.020000
38 0.270000
38 0.090000
38 0.030000
38 0.030000
38 0.080000
38 0.030000
38 0.020000
38 0.020000
38 0.040000
38 0.040000
38 0.040000
38 0.030000
38 0.090000
38 0.020000
38 0.030000
38 0.040000
38 0.080000
38 0.020000
38 0.050000
38 0.050000
38 0.110000
38 0.030000
38 0.120000
38 0.030000
38 0.040000
38 0.050000
38 0.020000
38 0.060000
38 0.040000
38 0.020000
38 0.010000
38 0.020000
38 0.020000
38 0.030000
38 0.040000
38 0.060000
38 0.120000
38 0.050000
38 0.020000
38 0.020000
38 0.020000
38 0.020000
38 0.040000
38 0.030000
38 0.030000
38 0.040000
38 0.030000
38 0.020000
38 0.020000
38 0.040000
38 0.040000
38 0.060000
38 0.040000
38 0.070000
38 0.050000
38 0.040000
38 0.040000
38 0.080000
38 0.020000
38 0.020000
38 0.040000
38 0.020000
38 0.020000
38 0.020000
38 0.050000
38 0.110000
38 0.070000
38 0.030000
38 0.020000
38 0.030000
38 0.020000
38 0.130000
38 0.080000
38 0.070000
38 0.020000
38 0.030000
38 0.020000
38 0.020000
38 5.020000
38 0.040000
38 0.030000
38 0.030000
38 0.020000
38 0.010000
38 0.070000
38 0.050000
38 0.040000
38 0.050000
38 0.020000
38 0.030000
38 0.020000
38 0.050000
38 0.050000
38 0.140000
38 0.100000
38 0.100000
38 0.020000
38 0.070000
38 0.060000
38 0.080000
38 0.020000
38 0.030000
38 0.060000
38 0.040000
38 0.040000
38 0.020000
38 0.080000
38 0.100000
38 0.120000
38 0.030000
38 0.100000
38 0.040000
38 0.060000
38 0.020000
38 0.040000
38 0.040000
38 0.020000
38 0.030000
38 0.020000
38 0.040000
38 0.080000
38 0.020000
38 0.020000
38 0.020000
38 0.020000
38 0.020000
38 0.050000
38 0.020000
38 0.020000
38 0.170000
38 0.190000
38 0.030000
38 0.060000
38 0.040000
38 0.020000
38 0.030000
38 0.030000
38 0.020000
38 0.070000
38 0.110000
38 0.030000
38 0.020000
38 0.080000
38 0.020000
38 0.060000
38 0.020000
38 0.040000
38 0.020000
38 0.110000
38 0.050000
38 0.030000
38 0.030000
38 0.040000
38 0.050000
38 0.050000
38 0.020000
38 0.050000
38 0.030000
38 0.140000
38 0.030000
38 0.030000
38 0.040000
38 0.120000
38 0.160000
38 0.120000
38 0.200000
38 0.030000
38 0.100000
38 0.030000
38 0.040000
38 0.020000
38 0.020000
38 0.020000
38 0.090000
38 0.020000
38 0.020000
38 0.090000
38 0.020000
38 0.130000
38 0.020000
38 0.030000
38 0.020000
38 0.020000
38 0.050000
38 0.030000
38 0.020000
38 0.060000
38 0.020000
38 0.030000
38 0.020000
38 0.050000
38 0.020000
38 0.020000
38 0.060000
38 0.020000
38 0.030000
38 0.020000
38 0.140000
38 0.060000
38 0.060000
38 0.040000
38 0.030000
38 0.110000
38 0.050000
38 0.020000
38 0.020000
38 0.020000
38 0.040000
38 0.030000
38 0.040000
39 0.020000
39 0.030000
39 0.020000
39 0.060000
39 0.050000
39 0.090000
39 0.030000
39 0.030000
39 0.040000
39 0.070000
39 0.030000
39 0.020000
39 0.080000
39 0.010000
39 0.030000
39 0.060000
39 0.240000
39 0.030000
39 0.080000
39 0.020000
39 0.010000
39 0.020000
39 0.040000
39 0.060000
39 0.050000
39 0.020000
39 0.040000
39 0.060000
39 0.040000
39 0.100000
39 0.020000
39 0.040000
39 0.090000
39 0.070000
39 0.130000
39 0.030000
39 0.030000
39 0.050000
39 0.020000
39 0.080000
39 0.120000
39 0.030000
39 0.030000
39 0.050000
39 0.050000
39 0.020000
39 0.050000
39 0.020000
39 0.040000
39 0.050000
39 0.030000
39 0.070000
39 0.070000
39 0.020000
39 0.190000
39 0.020000
39 0.020000
39 0.020000
39 0.050000
39 0.050000
39 0.020000
39 0.160000
39 0.050000
39 0.020000
39 0.020000
39 0.020000
39 0.020000
39 0.070000
39 0.060000
39 0.080000
39 0.030000
39 0.020000
39 0.020000
39 0.020000
39 0.090000
39 0.170000
39 0.040000
39 0.100000
39 0.030000
39 0.150000
39 0.020000
39 0.060000
39 0.040000
39 0.160000
39 0.080000
39 0.050000
39 5.750000
39 0.040000
39 0.080000
39 0.020000
39 0.020000
39 0.070000
39 0.020000
39 0.020000
39 0.020000
39 0.050000
39 0.020000
39 0.030000
39 0.020000
39 0.030000
39 0.040000
39 0.020000
39 0.040000
39 0.040000
39 0.050000
39 0.020000
39 0.040000
39 0.070000
39 0.040000
39 0.030000
39 0.050000
39 0.020000
39 0.280000
39 0.020000
39 0.040000
39 0.120000
39 0.030000
39 0.040000
39 0.030000
39 0.030000
39 0.050000
39 0.020000
39 0.020000
39 0.100000
39 0.070000
39 0.050000
39 0.030000
39 0.020000
39 0.040000
39 0.100000
39 0.060000
39 0.050000
39 0.060000
39 0.060000
39 0.070000
39 0.070000
39 0.040000
39 0.040000
39 0.070000
39 0.070000
39 0.020000
39 0.030000
39 0.050000
39 0.030000
39 0.020000
39 0.030000
39 0.030000
39 0.040000
39 0.050000
39 0.070000
39 0.020000
39 0.030000
39 0.210000
39 0.040000
39 0.060000
39 0.020000
39 0.040000
39 0.030000
39 0.020000
39 0.020000
39 0.040000
39 0.050000
39 0.060000
39 0.020000
39 0.030000
39 0.040000
39 0.070000
39 0.020000
39 0.020000
39 0.050000
39 0.030000
39 0.030000
39 0.040000
39 0.020000
39 0.020000
39 0.030000
39 0.020000
39 0.020000
39 0.020000
39 0.030000
39 0.040000
39 0.030000
39 0.030000
39 0.040000
39 0.240000
39 1.160000
39 0.070000
39 0.040000
39 0.070000
39 0.020000
39 0.020000
39 0.020000
39 0.040000
39 0.030000
39 0.040000
39 0.030000
39 0.020000
39 0.060000
39 0.040000
39 0.020000
39 0.020000
39 0.010000
39 0.070000
39 0.090000
39 0.060000
39 0.020000
39 0.020000
39 0.020000
39 0.020000
39 0.030000
39 0.020000
39 0.020000
39 0.010000
39 0.040000
39 0.030000
39 0.030000
39 0.050000
39 0.140000
39 0.090000
39 0.040000
39 0.030000
39 0.020000
39 0.040000
39 0.020000
39 0.030000
39 0.040000
39 0.200000
39 0.030000
39 0.040000
39 0.020000
39 0.040000
39 0.040000
39 0.100000
39 0.050000
39 0.210000
39 0.030000
39 0.040000
39 0.020000
39 0.160000
39 0.050000
39 0.030000
39 0.030000
39 0.030000
39 0.030000
39 0.020000
39 0.040000
39 0.020000
39 0.040000
39 0.030000
39 0.050000
39 0.080000
39 0.040000
39 0.090000
39 0.070000
39 0.150000
39 0.120000
39 0.050000
39 0.030000
39 0.140000
39 0.040000
39 0.020000
39 0.020000
39 0.020000
39 0.030000
39 0.040000
39 0.020000
39 0.030000
39 0.320000
39 0.010000
39 0.140000
39 0.040000
39 0.040000
39 0.020000
39 0.030000
39 0.100000
39 0.030000
39 0.160000
39 0.050000
39 0.040000
39 0.040000
39 0.050000
39 0.030000
39 0.020000
39 0.030000
39 0.030000
39 0.030000
39 0.060000
39 0.030000
39 0.070000
39 0.030000
39 0.070000
39 0.040000
39 0.050000
39 0.030000
39 0.110000
39 0.030000
39 0.030000
39 0.050000
39 2.790000
39 0.060000
39 0.040000
39 0.020000
39 0.020000
39 0.040000
39 0.140000
39 0.120000
39 0.030000
39 0.130000
39 0.050000
39 0.020000
39 0.050000
39 0.020000
39 0.030000
39 0.050000
39 0.040000
39 0.040000
39 0.080000
39 0.020000
39 0.120000
39 0.050000
39 0.020000
39 0.020000
39 0.080000
39 0.080000
39 0.020000
39 0.020000
39 0.020000
39 0.240000
39 0.020000
39 0.020000
39 0.040000
39 0.020000
39 0.020000
39 0.030000
39 0.020000
39 0.020000
39 0.020000
39 0.040000
39 0.020000
39 0.020000
39 0.030000
39 0.190000
39 0.160000
39 0.040000
39 0.060000
39 0.040000
39 0.090000
39 0.020000
39 0.130000
39 0.020000
39 0.040000
39 0.130000
39 0.100000
39 0.030000
39 0.030000
39 0.190000
39 0.040000
39 0.070000
39 0.020000
39 0.030000
39 0.040000
39 0.020000
39 0.030000
39 0.360000
39 0.080000
39 0.050000
39 0.020000
39 0.030000
39 0.050000
39 0.020000
39 0.080000
39 0.090000
39 0.020000
39 0.040000
39 0.030000
39 0.050000
39 0.040000
39 0.060000
39 0.020000
39 0.050000
39 0.020000
39 0.030000
39 0.030000
39 0.060000
39 0.040000
39 0.030000
39 0.020000
39 0.020000
39 0.080000
39 0.030000
39 0.090000
39 0.040000
39 0.060000
39 0.020000
39 0.090000
39 0.020000
39 0.030000
39 0.030000
39 0.030000
39 0.030000
39 0.030000
39 0.030000
39 0.050000
39 0.030000
39 0.050000
39 0.020000
39 0.030000
39 0.020000
39 0.050000
39 0.070000
39 0.040000
39 0.070000
39 0.050000
39 0.030000
39 0.050000
39 0.030000
39 0.020000
39 0.200000
39 0.070000
39 0.060000
39 0.070000
39 0.020000
39 0.020000
39 0.060000
39 0.020000
39 0.020000
39 0.040000
39 0.020000
39 0.070000
39 0.050000
39 0.030000
39 0.020000
39 0.030000
39 0.060000
39 0.030000
39 0.140000
39 0.030000
39 0.020000
39 0.050000
39 0.050000
39 0.020000
39 0.130000
39 0.020000
39 0.170000
39 0.050000
39 0.040000
39 0.050000
39 0.020000
39 0.020000
39 0.040000
39 0.020000
39 0.010000
39 0.020000
39 0.030000
39 0.020000
39 0.050000
39 0.100000
39 0.030000
39 0.030000
39 0.180000
39 0.030000
39 0.020000
39 0.110000
39 0.020000
39 0.010000
39 0.020000
39 0.020000
39 0.050000
39 0.060000
39 0.050000
39 0.030000
39 0.040000
39 0.060000
39 0.020000
39 0.040000
39 0.060000
39 0.100000
39 0.030000
39 0.110000
39 0.050000
39 0.020000
39 0.050000
39 0.040000
39 0.100000
39 0.030000
39 0.230000
39 0.090000
39 0.020000
39 0.030000
39 0.020000
39 0.040000
39 0.020000
39 0.030000
39 0.020000
39 0.030000
39 0.020000
39 0.040000
