#n running-time
27 0.640000
28 0.550000
28 0.560000
28 0.580000
28 0.530000
29 1.470000
29 0.710000
29 1.400000
29 0.540000
29 0.540000
29 1.130000
29 0.600000
29 0.670000
29 0.680000
29 0.830000
29 0.520000
29 0.550000
29 0.620000
29 0.590000
29 0.580000
29 1.020000
29 0.830000
29 0.560000
29 0.650000
29 0.470000
29 0.510000
30 0.560000
30 0.440000
30 0.480000
30 0.820000
30 0.830000
30 1.080000
30 0.570000
30 1.220000
30 0.760000
30 0.600000
30 0.700000
30 0.600000
30 0.560000
30 0.530000
30 0.720000
30 0.810000
30 0.680000
30 0.630000
30 0.640000
30 0.480000
30 0.890000
30 0.760000
30 0.480000
30 0.990000
30 0.630000
30 0.530000
30 1.290000
30 0.660000
30 0.500000
30 0.530000
30 0.800000
30 0.800000
30 0.580000
30 0.580000
30 0.840000
30 0.640000
30 0.550000
30 0.550000
30 0.720000
30 0.660000
30 0.730000
30 1.110000
30 2.400000
30 0.600000
30 0.620000
30 0.500000
30 0.600000
30 0.690000
30 0.540000
30 0.520000
30 0.490000
30 1.000000
30 0.490000
30 1.270000
30 1.090000
30 0.540000
30 1.220000
30 0.650000
30 1.330000
30 0.670000
31 0.540000
31 0.560000
31 0.850000
31 0.910000
31 0.710000
31 0.610000
31 0.490000
31 0.790000
31 0.750000
31 0.580000
31 0.620000
31 0.850000
31 0.820000
31 0.570000
31 1.130000
31 1.070000
31 0.600000
31 0.930000
31 0.620000
31 0.400000
31 0.640000
31 0.970000
31 0.970000
31 0.920000
31 0.540000
31 0.550000
31 0.850000
31 0.690000
31 0.750000
31 0.850000
31 0.890000
31 1.140000
31 0.680000
31 0.570000
31 0.750000
31 0.550000
31 0.720000
31 0.810000
31 0.930000
31 0.810000
31 0.530000
31 0.800000
31 1.340000
31 1.490000
31 0.810000
31 0.930000
31 0.710000
31 1.550000
31 0.580000
31 0.750000
31 0.680000
31 0.470000
31 0.530000
31 0.650000
31 2.390000
31 0.880000
31 0.840000
31 0.770000
31 0.750000
31 0.630000
31 0.930000
31 0.540000
31 0.950000
31 1.120000
31 0.620000
31 1.110000
31 1.390000
31 1.000000
31 0.530000
31 1.290000
31 0.920000
31 0.630000
31 0.830000
31 0.700000
31 0.850000
31 0.540000
31 0.980000
31 0.740000
31 1.640000
31 0.610000
31 0.610000
31 0.590000
31 0.960000
31 0.670000
31 1.110000
31 0.790000
31 0.620000
31 0.880000
31 0.630000
31 0.550000
31 0.550000
31 0.650000
31 0.810000
31 0.450000
31 0.700000
31 0.570000
31 0.640000
31 0.870000
31 0.800000
31 0.880000
31 0.620000
31 0.670000
31 0.620000
31 1.170000
31 0.630000
31 0.710000
31 0.750000
31 0.700000
31 0.800000
31 0.790000
31 1.360000
31 0.630000
31 0.670000
31 0.830000
31 0.620000
31 0.600000
31 0.530000
31 0.970000
31 0.530000
31 0.740000
31 0.680000
31 0.540000
31 0.620000
31 0.600000
31 0.470000
31 0.880000
31 0.570000
32 0.560000
32 1.910000
32 1.020000
32 1.260000
32 0.560000
32 0.550000
32 0.590000
32 2.310000
32 2.370000
32 0.810000
32 0.430000
32 1.180000
32 0.830000
32 0.560000
32 0.650000
32 1.000000
32 0.800000
32 0.710000
32 0.790000
32 1.670000
32 0.810000
32 0.640000
32 0.950000
32 0.540000
32 0.810000
32 0.880000
32 0.510000
32 0.640000
32 0.730000
32 0.620000
32 0.600000
32 1.060000
32 0.740000
32 0.810000
32 0.660000
32 3.020000
32 0.930000
32 0.710000
32 0.980000
32 0.690000
32 1.330000
32 0.670000
32 1.180000
32 0.800000
32 0.930000
32 1.030000
32 0.840000
32 0.810000
32 0.590000
32 0.480000
32 0.810000
32 1.020000
32 0.550000
32 0.540000
32 0.910000
32 1.530000
32 0.710000
32 0.550000
32 1.680000
32 0.610000
32 0.710000
32 0.610000
32 0.640000
32 1.200000
32 0.690000
32 0.820000
32 1.340000
32 1.090000
32 1.040000
32 0.930000
32 0.800000
32 1.200000
32 0.530000
32 0.980000
32 0.900000
32 0.800000
32 0.500000
32 1.060000
32 1.520000
32 0.640000
32 0.890000
32 0.490000
32 1.800000
32 0.460000
32 0.800000
32 1.930000
32 0.870000
32 1.110000
32 1.090000
32 0.660000
32 0.660000
32 1.160000
32 0.980000
32 0.500000
32 0.880000
32 0.560000
32 0.610000
32 0.640000
32 0.690000
32 0.620000
32 0.790000
32 0.660000
32 0.550000
32 0.920000
32 0.770000
32 0.760000
32 0.510000
32 0.760000
32 0.660000
32 0.770000
32 1.290000
32 1.490000
32 0.820000
32 0.510000
32 0.970000
32 1.220000
32 0.700000
32 0.560000
32 0.730000
32 1.090000
32 1.380000
32 0.600000
32 0.670000
32 1.110000
32 0.820000
32 0.730000
32 1.450000
32 0.760000
32 0.680000
32 0.640000
32 0.770000
32 1.640000
32 0.530000
32 1.180000
32 1.430000
32 1.200000
32 0.870000
32 1.540000
32 0.590000
32 0.830000
32 2.930000
32 1.230000
32 1.420000
32 0.590000
32 0.640000
32 0.980000
32 0.650000
32 0.850000
32 1.030000
32 0.910000
32 0.670000
32 0.620000
32 2.390000
32 0.780000
32 1.050000
32 0.960000
32 0.540000
32 0.650000
32 1.160000
32 0.900000
32 1.430000
32 0.810000
32 0.730000
32 1.730000
32 2.070000
32 0.910000
32 1.230000
32 0.570000
32 1.530000
32 0.680000
32 1.710000
32 1.740000
32 0.550000
32 1.460000
32 0.660000
32 0.710000
32 0.450000
32 0.780000
32 0.610000
32 0.690000
32 0.520000
32 1.020000
32 0.500000
32 0.640000
32 1.230000
32 1.720000
32 0.560000
32 0.540000
32 0.410000
32 0.990000
32 0.930000
32 0.830000
32 0.960000
32 0.680000
32 1.570000
32 0.770000
32 0.630000
32 0.860000
32 1.040000
32 1.040000
32 0.460000
32 0.720000
32 0.610000
32 0.820000
32 2.430000
32 0.920000
32 0.800000
32 0.690000
32 0.550000
32 0.970000
32 0.830000
32 0.670000
32 0.620000
32 1.710000
32 0.860000
32 0.850000
32 1.080000
32 0.740000
32 0.980000
32 0.630000
32 0.690000
32 0.680000
32 0.870000
32 2.340000
32 0.750000
32 1.000000
32 0.530000
32 1.060000
32 0.510000
32 0.590000
32 1.010000
32 0.660000
32 0.590000
32 0.930000
32 1.350000
32 0.560000
32 1.750000
32 0.560000
32 1.150000
32 1.240000
32 0.520000
32 1.660000
32 0.730000
32 0.660000
32 0.510000
32 1.050000
32 0.670000
32 0.810000
32 0.510000
32 1.090000
32 0.990000
33 1.370000
33 0.830000
33 0.820000
33 0.580000
33 0.780000
33 0.610000
33 1.170000
33 0.660000
33 0.910000
33 0.690000
33 1.290000
33 0.980000
33 1.830000
33 1.000000
33 1.140000
33 0.540000
33 0.940000
33 0.810000
33 0.560000
33 1.520000
33 0.690000
33 0.800000
33 2.200000
33 0.570000
33 0.770000
33 0.690000
33 0.560000
33 1.120000
33 0.920000
33 0.550000
33 1.170000
33 0.950000
33 1.000000
33 0.510000
33 0.820000
33 1.130000
33 0.930000
33 1.540000
33 0.620000
33 0.850000
33 0.600000
33 1.530000
33 0.680000
33 1.640000
33 0.720000
33 2.830000
33 1.560000
33 0.640000
33 0.770000
33 0.690000
33 1.020000
33 0.680000
33 0.630000
33 0.610000
33 0.500000
33 0.870000
33 0.910000
33 1.260000
33 0.720000
33 0.770000
33 1.900000
33 0.630000
33 0.750000
33 0.550000
33 0.820000
33 0.660000
33 0.700000
33 0.740000
33 0.720000
33 1.180000
33 2.210000
33 0.840000
33 0.900000
33 0.660000
33 1.750000
33 0.660000
33 0.610000
33 0.500000
33 0.510000
33 0.590000
33 1.500000
33 0.720000
33 1.080000
33 0.490000
33 0.810000
33 0.490000
33 1.010000
33 0.630000
33 1.000000
33 1.620000
33 1.170000
33 0.720000
33 0.720000
33 0.810000
33 0.920000
33 0.820000
33 0.520000
33 0.780000
33 1.060000
33 0.810000
33 0.750000
33 2.750000
33 1.930000
33 0.810000
33 0.680000
33 0.860000
33 1.920000
33 1.890000
33 4.110000
33 1.180000
33 0.700000
33 0.780000
33 0.750000
33 1.040000
33 0.900000
33 0.610000
33 1.930000
33 1.580000
33 1.720000
33 1.380000
33 1.380000
33 1.050000
33 0.660000
33 1.440000
33 0.680000
33 0.730000
33 0.570000
33 1.530000
33 0.900000
33 0.750000
33 0.570000
33 0.940000
33 1.340000
33 0.630000
33 0.610000
33 0.640000
33 0.550000
33 0.640000
33 2.210000
33 0.700000
33 0.710000
33 0.980000
33 1.230000
33 0.660000
33 0.770000
33 0.940000
33 0.610000
33 0.530000
33 0.680000
33 0.700000
33 1.420000
33 0.790000
33 0.890000
33 0.730000
33 0.790000
33 0.850000
33 0.590000
33 0.860000
33 0.810000
33 1.290000
33 1.190000
33 1.970000
33 0.670000
33 0.690000
33 0.870000
33 1.210000
33 0.880000
33 1.090000
33 0.750000
33 0.840000
33 0.490000
33 0.530000
33 0.660000
33 1.470000
33 1.150000
33 0.740000
33 0.970000
33 1.110000
33 0.880000
33 0.860000
33 0.560000
33 1.310000
33 0.660000
33 0.630000
33 1.440000
33 0.810000
33 0.500000
33 1.600000
33 0.890000
33 0.960000
33 2.090000
33 0.770000
33 0.800000
33 0.830000
33 0.560000
33 1.280000
33 0.460000
33 1.490000
33 1.050000
33 0.900000
33 0.840000
33 0.980000
33 0.710000
33 1.820000
33 0.590000
33 0.760000
33 0.850000
33 1.060000
33 1.180000
33 0.860000
33 0.560000
33 0.760000
33 0.680000
33 0.550000
33 0.850000
33 0.890000
33 2.040000
33 0.870000
33 0.610000
33 0.540000
33 0.650000
33 1.860000
33 2.310000
33 0.570000
33 0.710000
33 0.610000
33 0.590000
33 0.820000
33 2.000000
33 0.780000
33 1.820000
33 0.870000
33 1.640000
33 1.030000
33 1.190000
33 1.090000
33 0.970000
33 1.810000
33 1.090000
33 1.190000
33 1.270000
33 1.850000
33 1.420000
33 0.990000
33 1.800000
33 1.410000
33 1.080000
33 1.530000
33 0.510000
33 0.800000
33 0.830000
33 0.820000
33 0.940000
33 1.410000
33 0.540000
33 0.550000
33 1.500000
33 0.600000
33 0.580000
33 0.740000
33 0.630000
33 1.390000
33 0.640000
33 0.900000
33 0.640000
33 1.300000
33 0.870000
33 0.670000
33 1.440000
33 0.680000
33 0.510000
33 0.860000
33 1.390000
33 0.780000
33 1.140000
33 1.520000
33 0.980000
33 1.590000
33 1.270000
33 0.640000
33 0.850000
33 0.870000
33 0.760000
33 1.560000
33 3.520000
33 0.580000
33 0.960000
33 0.660000
33 1.070000
33 0.960000
33 0.940000
33 1.120000
33 1.250000
33 0.760000
33 1.570000
33 1.380000
33 1.690000
33 0.660000
33 0.670000
33 1.140000
33 0.620000
33 0.750000
33 1.130000
33 0.640000
33 1.080000
33 2.530000
33 0.630000
33 0.660000
33 1.290000
33 1.530000
33 2.220000
33 0.660000
33 0.720000
33 1.340000
33 1.390000
33 0.640000
33 1.120000
33 0.550000
33 0.960000
33 0.680000
33 0.980000
33 0.690000
33 1.320000
33 0.950000
33 0.960000
33 2.480000
33 0.620000
33 0.630000
33 1.300000
33 0.660000
33 0.790000
33 1.000000
33 2.000000
33 1.130000
33 1.090000
33 0.990000
33 0.590000
33 0.540000
34 0.860000
34 0.890000
34 6.560000
34 1.040000
34 0.690000
34 0.980000
34 3.410000
34 0.940000
34 1.060000
34 1.030000
34 0.720000
34 1.220000
34 0.610000
34 0.890000
34 0.780000
34 0.960000
34 0.980000
34 0.970000
34 0.500000
34 1.090000
34 0.590000
34 1.100000
34 2.900000
34 2.280000
34 0.680000
34 2.650000
34 1.790000
34 0.990000
34 0.830000
34 0.900000
34 0.800000
34 0.530000
34 0.560000
34 1.370000
34 1.610000
34 1.760000
34 1.170000
34 0.930000
34 1.860000
34 0.860000
34 0.650000
34 0.840000
34 0.650000
34 0.830000
34 0.870000
34 1.550000
34 3.300000
34 1.280000
34 3.480000
34 0.690000
34 3.040000
34 0.650000
34 0.650000
34 0.760000
34 1.110000
34 1.370000
34 0.940000
34 1.630000
34 0.620000
34 0.710000
34 1.070000
34 1.730000
34 0.900000
34 0.880000
34 2.110000
34 2.040000
34 1.770000
34 2.960000
34 0.820000
34 0.980000
34 0.950000
34 0.750000
34 2.270000
34 0.960000
34 1.080000
34 1.380000
34 0.930000
34 0.920000
34 0.640000
34 0.870000
34 2.540000
34 0.610000
34 1.810000
34 1.180000
34 0.850000
34 4.030000
34 1.970000
34 0.960000
34 0.800000
34 0.630000
34 0.970000
34 0.850000
34 0.750000
34 1.290000
34 0.550000
34 2.790000
34 0.750000
34 1.270000
34 1.430000
34 0.880000
34 0.760000
34 0.540000
34 0.580000
34 2.680000
34 0.750000
34 1.100000
34 0.680000
34 1.520000
34 1.000000
34 0.880000
34 1.020000
34 0.870000
34 0.680000
34 0.610000
34 0.610000
34 0.740000
34 0.550000
34 0.600000
34 0.540000
34 1.550000
34 0.630000
34 1.020000
34 0.780000
34 0.940000
34 0.800000
34 0.960000
34 1.570000
34 0.570000
34 1.180000
34 0.620000
34 0.900000
34 0.950000
34 1.320000
34 1.520000
34 1.840000
34 1.250000
34 1.000000
34 1.000000
34 0.910000
34 0.840000
34 0.730000
34 1.100000
34 0.630000
34 0.540000
34 0.730000
34 0.660000
34 0.700000
34 0.870000
34 0.810000
34 0.880000
34 1.000000
34 0.770000
34 1.510000
34 0.980000
34 0.930000
34 0.710000
34 0.730000
34 0.770000
34 0.550000
34 0.600000
34 0.980000
34 1.160000
34 2.050000
34 1.330000
34 1.400000
34 0.790000
34 1.150000
34 1.330000
34 0.960000
34 0.850000
34 0.780000
34 1.180000
34 0.910000
34 0.730000
34 1.300000
34 1.440000
34 0.830000
34 0.950000
34 2.170000
34 0.760000
34 1.010000
34 1.370000
34 0.620000
34 0.630000
34 2.080000
34 0.840000
34 0.990000
34 0.980000
34 1.020000
34 0.780000
34 0.770000
34 0.650000
34 1.100000
34 0.920000
34 1.350000
34 0.910000
34 0.600000
34 0.990000
34 1.890000
34 0.800000
34 1.320000
34 2.640000
34 2.180000
34 1.770000
34 2.300000
34 0.560000
34 0.770000
34 0.890000
34 1.050000
34 1.730000
34 0.730000
34 0.600000
34 1.080000
34 1.060000
34 0.650000
34 1.180000
34 1.220000
34 1.120000
34 1.070000
34 1.140000
34 1.690000
34 1.550000
34 1.140000
34 0.830000
34 1.260000
34 0.780000
34 1.090000
34 0.710000
34 0.830000
34 2.570000
34 1.040000
34 0.670000
34 0.600000
34 0.670000
34 1.160000
34 0.620000
34 2.850000
34 0.750000
34 0.570000
34 1.370000
34 2.120000
34 0.880000
34 0.550000
34 0.730000
34 1.530000
34 0.790000
34 0.870000
34 0.900000
34 0.900000
34 0.740000
34 0.480000
34 1.010000
34 1.460000
34 1.000000
34 0.940000
34 1.630000
34 1.230000
34 1.170000
34 1.030000
34 1.830000
34 0.580000
34 0.700000
34 0.960000
34 0.810000
34 1.460000
34 0.980000
34 2.440000
34 1.390000
34 1.200000
34 0.780000
34 2.530000
34 0.830000
34 0.660000
34 0.540000
34 0.970000
34 0.800000
34 0.840000
34 0.570000
34 1.470000
34 1.030000
34 0.530000
34 1.730000
34 3.240000
34 1.050000
34 1.230000
34 2.840000
34 2.770000
34 0.680000
34 0.950000
34 0.670000
34 0.920000
34 0.620000
34 1.090000
34 2.250000
34 0.860000
34 0.610000
34 1.860000
34 0.540000
34 1.240000
34 0.850000
34 1.150000
34 0.510000
34 3.120000
34 0.790000
34 0.850000
34 1.630000
34 1.490000
34 1.620000
34 2.300000
34 1.310000
34 1.800000
34 1.900000
34 0.760000
34 2.000000
34 1.270000
34 1.090000
34 6.580000
34 2.360000
34 1.760000
34 0.660000
34 1.900000
34 1.430000
34 0.570000
34 1.150000
34 2.550000
34 0.630000
34 0.780000
34 0.790000
34 0.740000
34 0.880000
34 0.670000
34 2.430000
34 0.590000
34 1.130000
34 0.720000
34 1.310000
34 1.190000
34 0.920000
34 1.820000
34 0.690000
34 0.740000
34 0.560000
34 2.140000
34 0.910000
34 1.070000
34 1.290000
34 1.250000
34 0.840000
34 0.730000
34 0.870000
34 1.200000
34 0.800000
34 1.700000
34 0.860000
34 0.630000
34 0.740000
34 0.580000
34 1.000000
34 1.080000
34 1.340000
34 1.620000
34 2.080000
34 0.880000
34 0.610000
34 0.600000
34 0.700000
34 0.670000
34 2.140000
34 0.970000
34 1.920000
34 3.760000
34 2.060000
34 1.070000
34 0.930000
34 1.830000
34 2.050000
34 0.550000
34 2.570000
34 0.800000
34 0.880000
34 0.920000
34 0.950000
34 0.670000
34 1.150000
34 1.610000
34 0.590000
34 0.540000
34 2.000000
34 1.020000
34 1.120000
34 0.590000
34 0.650000
34 1.490000
34 0.820000
34 1.050000
34 1.210000
34 0.800000
34 0.540000
34 0.650000
34 1.330000
34 0.920000
34 1.580000
34 0.630000
34 1.100000
34 0.640000
34 0.680000
34 0.590000
34 0.670000
34 2.780000
34 0.760000
34 0.700000
34 2.260000
34 0.580000
34 1.000000
34 1.270000
34 1.860000
34 0.730000
34 1.000000
34 0.870000
34 1.330000
34 0.690000
34 1.670000
34 1.490000
34 0.680000
34 2.310000
34 1.000000
34 1.710000
34 0.750000
34 0.810000
34 0.960000
34 0.920000
34 3.340000
34 1.320000
34 0.520000
34 1.070000
34 1.430000
34 0.900000
34 0.690000
34 1.280000
34 0.520000
34 1.640000
34 1.540000
34 0.880000
34 1.740000
34 0.640000
34 2.010000
34 0.860000
34 0.830000
34 0.830000
34 0.670000
34 1.090000
34 0.560000
34 0.790000
34 1.700000
34 1.200000
34 1.150000
34 1.000000
34 1.060000
35 1.030000
35 0.700000
35 0.940000
35 1.880000
35 1.130000
35 1.560000
35 2.540000
35 0.630000
35 0.710000
35 1.210000
35 1.130000
35 0.970000
35 1.640000
35 2.530000
35 1.460000
35 1.140000
35 2.990000
35 1.820000
35 0.570000
35 1.820000
35 0.590000
35 0.780000
35 1.200000
35 1.050000
35 0.730000
35 2.010000
35 1.210000
35 2.230000
35 2.000000
35 1.520000
35 0.760000
35 0.700000
35 1.810000
35 0.880000
35 1.640000
35 1.900000
35 0.830000
35 0.820000
35 0.640000
35 1.860000
35 1.960000
35 0.860000
35 0.730000
35 1.170000
35 0.880000
35 1.200000
35 2.900000
35 1.250000
35 0.780000
35 1.130000
35 1.060000
35 0.590000
35 1.070000
35 0.870000
35 2.030000
35 0.580000
35 0.690000
35 0.760000
35 1.250000
35 0.960000
35 0.870000
35 0.880000
35 0.720000
35 0.920000
35 0.930000
35 2.660000
35 0.860000
35 1.310000
35 1.100000
35 1.040000
35 0.700000
35 1.020000
35 2.730000
35 1.230000
35 0.650000
35 1.550000
35 2.650000
35 0.760000
35 0.910000
35 0.660000
35 1.270000
35 0.660000
35 0.570000
35 1.190000
35 1.400000
35 0.780000
35 1.410000
35 1.870000
35 0.800000
35 1.400000
35 0.720000
35 4.040000
35 0.940000
35 0.740000
35 1.630000
35 2.610000
35 0.810000
35 1.030000
35 1.640000
35 0.900000
35 1.410000
35 1.930000
35 1.380000
35 1.090000
35 1.230000
35 1.070000
35 2.420000
35 2.790000
35 0.480000
35 1.770000
35 0.700000
35 1.050000
35 0.860000
35 1.030000
35 1.590000
35 1.180000
35 0.870000
35 0.990000
35 1.300000
35 2.650000
35 1.070000
35 0.880000
35 1.520000
35 1.500000
35 3.230000
35 0.740000
35 1.880000
35 0.490000
35 0.680000
35 1.330000
35 0.910000
35 1.240000
35 1.730000
35 0.710000
35 1.320000
35 1.570000
35 0.700000
35 1.040000
35 1.540000
35 1.420000
35 2.160000
35 0.950000
35 0.910000
35 0.760000
35 0.810000
35 0.670000
35 2.840000
35 0.930000
35 1.670000
35 2.140000
35 0.750000
35 0.950000
35 0.870000
35 0.640000
35 1.380000
35 0.920000
35 3.240000
35 1.930000
35 0.690000
35 1.630000
35 0.680000
35 0.930000
35 1.100000
35 1.180000
35 1.100000
35 2.660000
35 1.630000
35 0.840000
35 1.990000
35 1.210000
35 1.400000
35 1.140000
35 1.990000
35 0.860000
35 1.850000
35 1.070000
35 1.150000
35 0.730000
35 1.130000
35 0.720000
35 1.070000
35 0.660000
35 1.940000
35 1.020000
35 1.760000
35 5.110000
35 0.920000
35 1.350000
35 0.640000
35 2.110000
35 0.830000
35 1.520000
35 0.730000
35 1.060000
35 1.140000
35 4.130000
35 2.750000
35 1.160000
35 2.140000
35 0.730000
35 0.770000
35 5.820000
35 1.710000
35 2.310000
35 1.000000
35 0.670000
35 1.070000
35 1.670000
35 1.250000
35 3.630000
35 0.990000
35 0.650000
35 0.720000
35 1.180000
35 2.400000
35 1.040000
35 2.140000
35 0.600000
35 1.250000
35 0.940000
35 1.110000
35 1.360000
35 1.300000
35 0.990000
35 0.780000
35 0.560000
35 1.600000
35 0.700000
35 1.610000
35 0.670000
35 2.630000
35 0.650000
35 0.730000
35 0.520000
35 1.260000
35 1.370000
35 2.410000
35 0.940000
35 0.730000
35 1.420000
35 3.640000
35 0.970000
35 1.470000
35 0.950000
35 0.930000
35 0.710000
35 2.500000
35 2.090000
35 0.900000
35 2.530000
35 2.270000
35 1.630000
35 0.790000
35 0.990000
35 0.920000
35 0.670000
35 1.790000
35 0.750000
35 0.770000
35 0.780000
35 0.910000
35 1.690000
35 0.890000
35 1.110000
35 0.760000
35 1.690000
35 4.200000
35 0.960000
35 1.150000
35 0.630000
35 0.680000
35 1.240000
35 1.870000
35 1.790000
35 0.860000
35 0.980000
35 0.790000
35 2.940000
35 2.620000
35 1.660000
35 0.760000
35 1.980000
35 0.810000
35 0.860000
35 0.840000
35 2.770000
35 1.430000
35 3.470000
35 1.030000
35 2.830000
35 1.460000
35 0.560000
35 0.930000
35 1.800000
35 1.090000
35 0.620000
35 0.670000
35 0.550000
35 0.650000
35 1.270000
35 1.630000
35 0.970000
35 0.640000
35 1.180000
35 2.160000
35 1.100000
35 0.990000
35 1.600000
35 1.740000
35 1.680000
35 1.040000
35 0.920000
35 0.750000
35 0.520000
35 1.240000
35 1.140000
35 0.680000
35 0.620000
35 1.230000
35 0.990000
35 0.800000
35 0.660000
35 0.490000
35 1.130000
35 1.340000
35 2.590000
35 1.350000
35 0.720000
35 0.630000
35 0.710000
35 1.950000
35 0.930000
35 1.460000
35 1.190000
35 2.120000
35 1.850000
35 1.340000
35 0.620000
35 1.880000
35 0.540000
35 1.120000
35 0.860000
35 0.820000
35 1.160000
35 1.780000
35 2.610000
35 2.440000
35 1.230000
35 3.410000
35 1.320000
35 1.520000
35 0.690000
35 1.780000
35 0.710000
35 1.130000
35 2.220000
35 0.620000
35 0.990000
35 0.810000
35 1.880000
35 1.300000
35 0.560000
35 0.960000
35 1.670000
35 1.830000
35 1.320000
35 0.860000
35 1.350000
35 1.050000
35 2.540000
35 1.070000
35 1.120000
35 2.110000
35 0.540000
35 1.900000
35 0.630000
35 1.630000
35 1.210000
35 1.460000
35 0.830000
35 1.360000
35 1.360000
35 1.170000
35 1.910000
35 1.030000
35 1.170000
35 1.410000
35 1.430000
35 0.610000
35 1.010000
35 1.820000
35 3.380000
35 0.570000
35 0.840000
35 2.550000
35 0.670000
35 1.940000
35 2.040000
35 2.240000
35 0.850000
35 1.680000
35 0.620000
35 1.840000
35 1.410000
35 0.600000
35 0.970000
35 3.470000
35 1.550000
35 2.300000
35 1.520000
35 1.370000
35 2.520000
35 2.140000
35 1.930000
35 1.930000
35 2.900000
35 2.230000
35 1.130000
35 0.850000
35 0.970000
35 3.100000
35 3.370000
35 1.310000
35 0.880000
35 0.770000
35 0.810000
35 0.940000
35 2.290000
35 0.620000
35 1.010000
35 0.780000
35 0.970000
35 0.970000
35 1.750000
35 2.980000
35 3.130000
35 3.200000
35 1.830000
35 0.770000
35 0.810000
35 1.220000
35 1.180000
35 4.070000
35 1.790000
35 0.610000
35 0.880000
35 1.110000
35 0.880000
35 1.850000
35 1.910000
35 0.940000
35 0.690000
35 1.000000
35 1.740000
35 1.020000
35 0.500000
35 1.350000
35 0.870000
35 1.420000
35 5.980000
35 1.890000
35 1.450000
35 1.200000
35 1.350000
35 1.250000
35 1.080000
35 1.360000
35 0.920000
35 1.720000
35 3.300000
35 0.980000
35 0.970000
35 1.220000
35 0.820000
35 1.340000
35 1.190000
35 0.610000
35 0.820000
35 1.210000
35 2.240000
35 1.210000
35 0.840000
35 1.130000
35 0.680000
35 1.300000
35 1.150000
35 0.780000
35 0.890000
35 0.780000
35 1.650000
35 0.640000
35 1.370000
35 0.590000
35 6.120000
