#n running-time
7 0.360000
7 0.360000
8 0.360000
8 0.370000
8 0.390000
8 0.360000
8 0.370000
8 0.390000
8 0.360000
8 0.380000
8 0.330000
8 0.420000
8 0.360000
8 0.340000
8 0.360000
8 0.350000
8 0.360000
8 0.350000
8 0.370000
8 0.300000
8 0.400000
8 0.440000
8 0.330000
8 0.350000
8 0.330000
8 0.310000
8 0.490000
8 0.360000
8 0.380000
8 0.350000
8 0.510000
8 0.360000
8 0.340000
8 0.360000
8 0.370000
8 0.380000
8 0.360000
8 0.510000
9 0.440000
9 0.370000
9 0.450000
9 0.390000
9 0.410000
9 0.330000
9 0.380000
9 0.420000
9 0.360000
9 0.330000
9 0.330000
9 0.400000
9 0.370000
9 0.350000
9 0.360000
9 0.340000
9 0.350000
9 0.370000
9 0.400000
9 0.350000
9 0.360000
9 0.340000
9 0.330000
9 0.350000
9 0.340000
9 0.350000
9 0.360000
9 0.370000
9 0.320000
9 0.350000
9 0.380000
9 0.360000
9 0.430000
9 0.380000
9 0.350000
9 0.300000
9 0.380000
9 0.400000
9 0.360000
9 0.300000
9 0.380000
9 0.360000
9 0.390000
9 0.350000
9 0.420000
9 0.350000
9 0.440000
9 0.350000
9 0.380000
9 0.380000
9 0.380000
9 0.420000
9 0.360000
9 0.350000
9 0.340000
9 0.350000
9 0.370000
9 0.380000
9 0.360000
9 0.340000
9 0.370000
9 0.380000
9 0.350000
9 0.370000
9 0.360000
9 0.380000
9 0.400000
9 0.370000
9 0.350000
9 0.340000
9 0.410000
9 0.410000
9 0.320000
9 0.340000
9 0.380000
9 0.460000
9 0.390000
9 0.390000
9 0.390000
9 0.350000
9 0.330000
9 0.360000
9 0.380000
9 0.380000
9 0.390000
9 0.390000
9 0.350000
9 0.410000
9 0.340000
9 0.340000
9 0.410000
9 0.350000
9 0.390000
9 0.340000
9 0.370000
9 0.390000
9 0.420000
9 0.350000
9 0.390000
9 0.430000
9 0.330000
9 0.370000
9 0.360000
9 0.330000
10 0.390000
10 0.360000
10 0.350000
10 0.420000
10 0.320000
10 0.340000
10 0.410000
10 0.410000
10 0.360000
10 0.390000
10 0.360000
10 0.380000
10 0.400000
10 0.370000
10 0.390000
10 0.350000
10 0.340000
10 0.340000
10 0.380000
10 0.430000
10 0.490000
10 0.380000
10 0.410000
10 0.350000
10 0.380000
10 0.380000
10 0.360000
10 0.370000
10 0.360000
10 0.510000
10 0.340000
10 0.400000
10 0.380000
10 0.400000
10 0.380000
10 0.390000
10 0.380000
10 0.400000
10 0.380000
10 0.330000
10 0.390000
10 0.400000
10 0.410000
10 0.320000
10 0.350000
10 0.410000
10 0.380000
10 0.420000
10 0.430000
10 0.420000
10 0.380000
10 0.390000
10 0.430000
10 0.420000
10 0.320000
10 0.340000
10 0.330000
10 0.420000
10 0.410000
10 0.320000
10 0.410000
10 0.350000
10 0.380000
10 0.330000
10 0.340000
10 0.360000
10 0.360000
10 0.380000
10 0.370000
10 0.380000
10 0.390000
10 0.360000
10 0.360000
10 0.410000
10 0.410000
10 0.390000
10 0.430000
10 0.360000
10 0.430000
10 0.460000
10 0.330000
10 0.330000
10 0.410000
10 0.310000
10 0.400000
10 0.370000
10 0.400000
10 0.480000
10 0.490000
10 0.400000
10 0.470000
10 0.400000
10 0.420000
10 0.350000
10 0.470000
10 0.380000
10 0.380000
10 0.340000
10 0.360000
10 0.420000
10 0.410000
10 0.360000
10 0.340000
10 0.360000
10 0.470000
10 0.370000
10 0.430000
10 0.440000
10 0.370000
10 0.420000
10 0.390000
10 0.360000
10 0.390000
10 0.380000
10 0.350000
10 0.370000
10 0.400000
10 0.380000
10 0.360000
10 0.420000
10 0.400000
10 0.460000
10 0.350000
10 0.360000
10 0.380000
10 0.380000
10 0.380000
10 0.410000
10 0.710000
10 0.420000
10 0.350000
10 0.480000
10 0.400000
10 0.360000
10 0.330000
10 0.350000
10 0.380000
10 0.390000
10 0.370000
10 0.370000
10 0.390000
10 0.430000
10 0.370000
10 0.380000
10 0.380000
10 0.400000
10 0.370000
10 0.460000
10 0.320000
10 0.400000
10 0.340000
10 0.390000
10 0.470000
10 0.440000
10 0.460000
10 0.370000
10 0.420000
10 0.350000
10 0.340000
10 0.380000
10 0.440000
10 0.400000
10 0.530000
10 0.350000
10 0.390000
10 0.400000
10 0.350000
10 0.390000
10 0.330000
10 0.370000
10 0.340000
10 0.370000
10 0.370000
10 0.400000
10 0.370000
10 0.360000
10 0.500000
10 0.370000
10 0.390000
10 0.400000
10 0.330000
10 0.350000
10 0.410000
10 0.360000
10 0.400000
10 0.350000
10 0.390000
10 0.410000
10 0.440000
10 0.370000
10 0.390000
10 0.360000
10 0.380000
10 0.470000
10 0.370000
10 0.410000
10 0.350000
10 0.440000
10 0.390000
10 0.350000
10 0.380000
10 0.370000
10 0.480000
10 0.380000
10 0.350000
10 0.430000
10 0.370000
10 0.380000
10 0.360000
10 0.380000
10 0.370000
10 0.470000
10 0.420000
11 0.510000
11 0.380000
11 0.470000
11 0.310000
11 0.480000
11 0.430000
11 0.460000
11 0.450000
11 0.420000
11 0.340000
11 0.400000
11 0.570000
11 0.440000
11 0.440000
11 0.490000
11 0.380000
11 0.420000
11 0.530000
11 0.430000
11 0.390000
11 0.390000
11 0.500000
11 0.380000
11 0.380000
11 0.440000
11 0.440000
11 0.460000
11 0.430000
11 0.470000
11 0.440000
11 0.470000
11 0.480000
11 0.440000
11 0.420000
11 0.440000
11 0.370000
11 0.340000
11 0.510000
11 0.440000
11 0.360000
11 0.420000
11 0.380000
11 0.400000
11 0.570000
11 0.360000
11 0.400000
11 0.410000
11 0.370000
11 0.420000
11 0.370000
11 0.410000
11 0.440000
11 0.490000
11 0.420000
11 0.430000
11 0.370000
11 0.360000
11 0.380000
11 0.360000
11 0.400000
11 0.410000
11 0.380000
11 0.450000
11 0.450000
11 0.410000
11 0.450000
11 0.690000
11 0.370000
11 0.400000
11 0.430000
11 0.390000
11 0.380000
11 0.590000
11 0.570000
11 0.380000
11 0.500000
11 0.380000
11 0.400000
11 0.590000
11 0.390000
11 0.370000
11 0.440000
11 0.450000
11 0.470000
11 0.360000
11 0.420000
11 0.480000
11 0.450000
11 0.510000
11 0.410000
11 0.440000
11 0.480000
11 0.450000
11 0.430000
11 0.480000
11 0.330000
11 0.420000
11 0.420000
11 0.370000
11 0.380000
11 0.410000
11 0.390000
11 0.380000
11 0.370000
11 0.380000
11 0.490000
11 0.350000
11 0.530000
11 0.440000
11 0.380000
11 0.420000
11 0.430000
11 0.420000
11 0.370000
11 0.430000
11 0.420000
11 0.410000
11 0.440000
11 0.500000
11 0.570000
11 0.430000
11 0.440000
11 0.480000
11 0.360000
11 0.580000
11 0.490000
11 0.410000
11 0.440000
11 0.420000
11 0.360000
11 0.420000
11 0.460000
11 0.470000
11 0.410000
11 0.400000
11 0.420000
11 0.370000
11 0.400000
11 0.440000
11 0.400000
11 0.350000
11 0.360000
11 0.600000
11 0.360000
11 0.440000
11 0.320000
11 0.440000
11 0.410000
11 0.490000
11 0.410000
11 0.420000
11 0.470000
11 0.540000
11 0.570000
11 0.440000
11 0.460000
11 0.420000
11 0.470000
11 0.350000
11 0.420000
11 0.430000
11 0.410000
11 0.450000
11 0.430000
11 0.450000
11 0.390000
11 0.350000
11 0.390000
11 0.410000
11 1.680000
11 0.380000
11 0.390000
11 0.440000
11 0.400000
11 0.420000
11 0.410000
11 0.420000
11 0.420000
11 0.390000
11 0.440000
11 0.370000
11 0.420000
11 0.420000
11 0.410000
11 0.400000
11 0.460000
11 0.360000
11 0.420000
11 0.480000
11 0.420000
11 0.500000
11 0.430000
11 0.500000
11 0.420000
11 0.440000
11 0.350000
11 0.390000
11 0.490000
11 0.390000
11 0.510000
11 0.380000
11 0.410000
11 0.460000
11 0.380000
11 0.480000
11 0.470000
11 0.430000
11 0.440000
11 0.480000
11 0.500000
11 0.660000
11 0.420000
11 0.320000
11 0.440000
11 0.420000
11 0.410000
11 0.360000
11 0.460000
11 0.360000
11 0.430000
11 0.390000
11 0.440000
11 0.540000
11 0.460000
11 0.400000
11 0.340000
11 0.350000
11 0.370000
11 0.410000
11 0.350000
11 0.440000
11 0.400000
11 0.370000
11 0.410000
11 0.400000
11 0.340000
11 0.400000
11 0.400000
11 0.450000
11 0.450000
11 0.410000
11 0.420000
11 0.460000
11 0.360000
11 0.350000
11 0.660000
11 0.380000
11 0.390000
11 0.410000
11 0.550000
11 0.410000
11 0.460000
11 0.440000
11 0.460000
11 0.390000
11 0.410000
11 0.400000
11 0.530000
11 0.400000
11 0.410000
11 0.450000
11 0.380000
11 0.480000
11 0.480000
11 0.350000
11 0.400000
11 0.430000
11 0.410000
11 0.490000
11 0.410000
11 0.520000
11 0.470000
11 0.450000
11 0.370000
11 0.440000
11 0.390000
11 0.350000
11 0.450000
11 0.400000
11 0.400000
11 0.520000
11 0.450000
11 0.450000
11 0.380000
11 0.370000
11 0.450000
11 0.390000
11 0.550000
11 0.370000
11 0.470000
11 0.430000
11 0.420000
11 0.500000
11 0.640000
11 0.370000
11 0.460000
11 0.440000
11 0.440000
11 0.400000
11 0.350000
11 0.460000
11 0.390000
11 0.410000
11 0.400000
11 0.390000
11 0.420000
11 0.470000
11 0.430000
11 0.400000
11 0.330000
11 0.370000
11 0.400000
11 0.420000
11 0.390000
11 0.370000
11 0.390000
11 0.410000
11 0.460000
11 0.470000
11 0.430000
11 0.410000
11 0.410000
11 0.430000
11 0.390000
11 0.430000
11 0.430000
11 0.380000
11 0.570000
11 0.430000
11 0.380000
11 0.380000
11 0.450000
11 0.530000
11 0.400000
11 0.490000
11 0.330000
11 0.390000
11 0.470000
11 0.360000
11 0.470000
11 0.400000
11 0.510000
11 0.370000
11 0.350000
11 0.480000
11 0.430000
11 0.470000
11 0.380000
11 0.400000
11 0.380000
11 0.530000
11 0.470000
11 0.390000
11 0.370000
11 0.400000
11 0.400000
11 0.370000
11 0.430000
11 0.470000
11 0.430000
11 0.470000
11 0.550000
11 0.380000
11 0.370000
11 0.420000
11 0.460000
11 0.450000
11 0.420000
12 0.400000
12 0.430000
12 0.490000
12 0.460000
12 0.400000
12 0.420000
12 0.540000
12 0.360000
12 0.520000
12 0.430000
12 0.630000
12 0.650000
12 0.440000
12 0.460000
12 0.550000
12 0.580000
12 0.550000
12 0.480000
12 0.590000
12 0.460000
12 0.430000
12 0.540000
12 0.370000
12 0.490000
12 0.480000
12 0.500000
12 0.580000
12 0.480000
12 0.610000
12 0.600000
12 0.480000
12 0.530000
12 0.440000
12 0.460000
12 0.440000
12 0.540000
12 0.470000
12 0.460000
12 0.450000
12 0.490000
12 0.410000
12 0.450000
12 0.480000
12 0.430000
12 0.450000
12 0.740000
12 0.450000
12 0.590000
12 0.600000
12 0.400000
12 0.440000
12 0.470000
12 0.570000
12 0.600000
12 0.480000
12 0.500000
12 0.370000
12 0.380000
12 0.440000
12 0.450000
12 0.510000
12 0.440000
12 0.440000
12 0.500000
12 0.410000
12 0.450000
12 0.460000
12 0.480000
12 0.490000
12 0.410000
12 0.470000
12 0.430000
12 0.450000
12 0.540000
12 0.450000
12 0.510000
12 0.460000
12 0.510000
12 0.550000
12 0.360000
12 0.490000
12 0.580000
12 0.430000
12 0.440000
12 0.450000
12 0.520000
12 0.400000
12 0.440000
12 0.540000
12 0.500000
12 0.430000
12 0.440000
12 0.430000
12 0.450000
12 0.470000
12 0.430000
12 0.440000
12 0.430000
12 0.410000
12 0.590000
12 0.450000
12 0.500000
12 0.350000
12 0.440000
12 0.550000
12 0.570000
12 0.560000
12 0.450000
12 0.390000
12 0.420000
12 0.480000
12 0.450000
12 0.540000
12 0.490000
12 0.410000
12 0.550000
12 0.420000
12 0.460000
12 0.460000
12 0.380000
12 0.590000
12 0.530000
12 0.410000
12 0.510000
12 0.390000
12 0.650000
12 0.400000
12 0.510000
12 0.400000
12 0.400000
12 0.460000
12 0.530000
12 0.430000
12 0.500000
12 0.690000
12 0.500000
12 0.480000
12 0.490000
12 0.500000
12 0.400000
12 0.440000
12 0.440000
12 0.400000
12 0.590000
12 0.480000
12 0.520000
12 0.460000
12 0.480000
12 0.660000
12 0.490000
12 0.420000
12 0.420000
12 0.480000
12 0.440000
12 0.510000
12 0.440000
12 0.470000
12 0.410000
12 0.500000
12 0.450000
12 0.540000
12 0.670000
12 0.600000
12 0.420000
12 0.440000
12 0.360000
12 0.400000
12 0.390000
12 0.410000
12 0.520000
12 0.580000
12 0.620000
12 0.510000
12 0.530000
12 0.410000
12 0.480000
12 0.510000
12 0.730000
12 0.480000
12 0.460000
12 0.490000
12 0.390000
12 0.480000
12 0.450000
12 0.420000
12 0.460000
12 0.410000
12 0.470000
12 0.580000
12 0.550000
12 0.410000
12 0.480000
12 0.550000
12 0.540000
12 0.420000
12 0.440000
12 0.440000
12 0.550000
12 0.520000
12 0.480000
12 0.380000
12 0.480000
12 0.530000
12 0.430000
12 0.700000
12 0.420000
12 0.490000
12 0.670000
12 0.520000
12 0.420000
12 0.400000
12 0.460000
12 0.520000
12 0.550000
12 0.470000
12 0.500000
12 0.410000
12 0.460000
12 0.490000
12 0.390000
12 0.400000
12 0.450000
12 0.580000
12 0.530000
12 0.650000
12 0.470000
12 0.380000
12 0.480000
12 0.500000
12 0.420000
12 0.460000
12 0.440000
12 0.470000
12 0.410000
12 0.540000
12 0.440000
12 0.470000
12 0.500000
12 0.440000
12 0.490000
12 0.480000
12 0.430000
12 0.520000
12 0.490000
12 0.620000
12 0.450000
12 0.440000
12 0.540000
12 0.430000
12 0.490000
12 0.370000
12 0.440000
12 0.700000
12 0.680000
12 0.480000
12 0.470000
12 0.390000
12 0.490000
12 0.750000
12 0.700000
12 0.450000
12 0.480000
12 0.500000
12 0.480000
12 0.640000
12 0.600000
12 0.480000
12 0.430000
12 0.500000
12 0.510000
12 0.580000
12 0.400000
12 0.390000
12 0.370000
12 0.410000
12 0.500000
12 0.470000
12 0.450000
12 0.490000
12 0.570000
12 0.590000
12 0.400000
12 0.520000
12 0.540000
12 0.440000
12 0.480000
12 0.500000
12 0.500000
12 0.440000
12 0.520000
12 0.580000
12 0.500000
12 0.510000
12 0.420000
12 0.470000
12 0.550000
12 0.490000
12 0.390000
12 0.400000
12 0.380000
12 0.420000
12 0.410000
12 0.520000
12 0.670000
12 0.420000
12 0.360000
12 0.470000
12 0.470000
12 0.470000
12 0.500000
12 0.450000
12 0.480000
12 0.590000
12 0.470000
12 0.490000
12 0.470000
12 0.440000
12 0.430000
12 0.440000
12 0.620000
12 0.550000
12 0.500000
12 0.580000
12 0.480000
12 0.560000
12 0.500000
12 0.530000
12 0.370000
12 0.560000
12 0.590000
12 0.470000
12 0.480000
12 0.430000
12 0.460000
12 0.430000
12 0.540000
12 0.450000
12 0.400000
12 0.530000
12 0.380000
12 0.390000
12 0.460000
12 0.430000
12 0.500000
12 0.440000
12 0.560000
12 0.590000
12 0.500000
12 0.650000
12 0.420000
12 0.610000
12 0.380000
12 0.530000
12 0.570000
12 0.460000
12 0.410000
12 0.380000
12 0.520000
12 0.550000
12 0.460000
12 0.390000
12 0.600000
12 0.530000
12 0.440000
12 0.450000
12 0.530000
12 0.840000
12 0.420000
12 0.520000
12 0.430000
12 0.520000
12 0.370000
12 0.440000
12 0.490000
12 0.490000
12 0.410000
12 0.430000
12 0.500000
12 0.420000
12 0.460000
12 0.490000
12 0.460000
12 0.490000
12 0.400000
12 0.530000
12 0.610000
12 0.550000
12 0.460000
12 0.400000
12 0.460000
12 0.530000
12 0.510000
12 0.410000
12 0.590000
12 0.480000
12 0.570000
12 0.350000
12 0.590000
12 0.420000
12 0.520000
12 0.430000
12 0.450000
12 0.470000
12 0.400000
12 0.460000
12 0.470000
12 0.530000
12 0.520000
12 0.440000
12 0.470000
12 0.490000
12 0.410000
12 0.410000
12 0.470000
12 0.430000
12 0.540000
12 0.460000
12 0.530000
12 0.460000
12 0.530000
12 0.480000
12 0.500000
12 0.480000
12 0.440000
12 0.500000
12 0.460000
12 0.510000
12 0.550000
12 0.580000
12 0.570000
12 0.390000
12 0.500000
12 0.540000
12 0.430000
12 0.620000
12 0.430000
12 0.560000
12 0.530000
12 0.480000
12 0.450000
12 0.430000
12 0.470000
12 0.450000
12 0.440000
12 0.430000
12 0.400000
12 0.560000
12 0.420000
12 0.460000
12 0.670000
12 0.460000
12 0.600000
12 0.480000
12 0.450000
12 0.520000
12 0.470000
12 0.430000
12 0.540000
12 0.390000
12 0.470000
12 0.500000
12 0.420000
12 0.390000
12 0.410000
12 0.500000
12 0.470000
12 0.420000
12 0.470000
12 0.440000
12 0.470000
12 0.380000
12 0.430000
12 0.510000
12 0.450000
12 0.540000
12 0.520000
12 0.330000
12 0.400000
12 0.410000
12 0.490000
12 0.490000
12 0.370000
12 0.420000
12 0.440000
12 0.460000
12 0.440000
12 0.510000
12 0.510000
12 0.610000
12 0.490000
12 0.470000
12 0.400000
12 0.540000
12 0.430000
12 0.450000
12 0.390000
12 0.540000
12 0.460000
12 0.460000
13 0.530000
13 0.510000
13 0.520000
13 0.560000
13 0.560000
13 0.430000
13 0.600000
13 0.690000
13 0.550000
13 0.550000
13 1.380000
13 0.490000
13 0.700000
13 0.800000
13 0.620000
13 0.600000
13 0.400000
13 0.800000
13 0.570000
13 0.530000
13 0.540000
13 0.630000
13 0.460000
13 0.750000
13 0.490000
13 0.530000
13 0.750000
13 0.640000
13 0.650000
13 0.400000
13 0.740000
13 0.610000
13 0.550000
13 0.540000
13 0.430000
13 0.540000
13 0.520000
13 0.720000
13 0.570000
13 0.600000
13 0.460000
13 0.450000
13 0.600000
13 0.950000
13 0.490000
13 0.760000
13 0.680000
13 0.590000
13 0.710000
13 0.490000
13 0.710000
13 0.620000
13 0.620000
13 0.440000
13 0.590000
13 0.530000
13 0.540000
13 0.520000
13 0.440000
13 0.500000
13 0.530000
13 0.450000
13 0.470000
13 0.600000
13 0.670000
13 0.620000
13 0.630000
13 0.750000
13 0.560000
13 0.520000
13 0.710000
13 0.780000
13 0.750000
13 0.490000
13 0.520000
13 0.410000
13 0.540000
13 0.440000
13 0.630000
13 0.530000
13 0.790000
13 0.690000
13 0.620000
13 0.530000
13 0.670000
13 0.460000
13 0.690000
13 0.520000
13 0.500000
13 0.510000
13 0.810000
13 0.620000
13 0.540000
13 0.600000
13 0.510000
13 0.640000
13 0.410000
13 0.480000
13 0.420000
13 0.530000
13 0.610000
13 0.580000
13 0.640000
13 0.570000
13 0.540000
13 0.550000
13 0.620000
13 0.460000
13 0.650000
13 0.690000
13 0.560000
13 0.510000
13 0.660000
13 0.590000
13 0.640000
13 0.560000
13 0.670000
13 0.460000
13 0.550000
13 0.690000
13 0.520000
13 0.830000
13 0.650000
13 0.490000
13 0.460000
13 0.570000
13 0.460000
13 0.620000
13 0.560000
13 0.540000
13 0.490000
13 0.750000
13 0.470000
13 0.530000
13 0.590000
13 0.510000
13 0.740000
13 0.620000
13 0.460000
13 0.470000
13 0.850000
13 0.770000
13 0.710000
13 0.460000
13 0.570000
13 0.700000
13 0.530000
13 0.780000
13 0.450000
13 0.500000
13 0.610000
13 0.500000
13 0.540000
13 0.410000
13 0.500000
13 0.540000
13 0.740000
13 0.800000
13 0.470000
13 0.620000
13 0.590000
13 0.500000
13 0.500000
13 0.570000
13 0.500000
13 0.450000
13 0.440000
13 0.480000
13 0.520000
13 0.610000
13 0.520000
13 0.470000
13 0.470000
13 0.450000
13 0.510000
13 0.520000
13 0.570000
13 0.520000
13 0.660000
13 0.520000
13 0.700000
13 0.450000
13 0.500000
13 0.820000
13 0.460000
13 0.520000
13 0.710000
13 0.500000
13 0.540000
13 0.680000
13 0.560000
13 0.750000
13 0.520000
13 0.550000
13 0.480000
13 0.570000
13 0.660000
13 0.460000
13 0.590000
13 0.420000
13 0.680000
13 0.690000
13 0.510000
13 0.500000
13 0.440000
13 0.590000
13 0.510000
13 0.580000
13 0.570000
13 0.840000
13 0.600000
13 0.910000
13 0.540000
13 0.710000
13 0.620000
13 0.530000
13 0.480000
13 0.600000
13 0.510000
13 0.690000
13 0.630000
13 0.530000
13 0.710000
13 0.620000
13 0.490000
13 0.750000
13 0.730000
13 0.460000
13 0.600000
13 0.520000
13 0.590000
13 0.560000
13 0.590000
13 0.660000
13 0.520000
13 0.570000
13 0.500000
13 0.500000
13 0.690000
13 0.540000
13 0.580000
13 0.560000
13 0.610000
13 0.480000
13 0.700000
13 0.640000
13 0.550000
13 0.630000
13 0.620000
13 0.480000
13 0.560000
13 0.470000
13 0.460000
13 0.730000
13 0.520000
13 0.480000
13 0.540000
13 0.440000
13 0.630000
13 0.550000
13 0.570000
13 0.650000
13 0.610000
13 0.450000
13 0.510000
13 0.540000
13 0.850000
13 0.530000
13 0.650000
13 0.640000
13 0.510000
13 0.660000
13 0.630000
13 0.570000
13 0.570000
13 0.760000
13 0.500000
13 0.620000
13 0.550000
13 0.540000
13 0.660000
13 0.640000
13 0.530000
13 0.650000
13 0.410000
13 0.480000
13 0.540000
13 0.560000
13 0.540000
13 0.600000
13 0.520000
13 0.450000
13 0.570000
13 0.620000
13 0.640000
13 0.610000
13 0.570000
13 0.470000
13 0.890000
13 0.540000
13 0.550000
13 0.560000
13 0.570000
13 0.510000
13 0.700000
13 0.670000
13 0.470000
13 0.600000
13 0.430000
13 0.490000
13 0.610000
13 0.640000
13 0.530000
13 0.570000
13 0.400000
13 0.440000
13 0.380000
13 0.620000
13 0.740000
13 0.580000
13 0.520000
13 0.570000
13 0.470000
13 0.540000
13 0.430000
13 0.470000
13 0.710000
13 0.500000
13 0.650000
13 0.510000
13 0.450000
13 0.470000
13 0.490000
13 0.570000
13 0.600000
13 0.740000
13 0.570000
13 0.660000
13 0.640000
13 0.470000
13 0.610000
13 0.690000
13 0.570000
13 0.490000
13 0.750000
13 0.550000
13 0.710000
13 0.580000
13 0.580000
13 0.420000
13 0.490000
13 0.630000
13 0.500000
13 0.530000
13 0.530000
13 0.620000
13 0.670000
13 0.500000
13 0.720000
13 0.520000
13 0.470000
13 0.540000
13 0.510000
13 0.780000
13 0.450000
13 0.500000
13 0.690000
13 0.500000
13 0.500000
13 0.470000
13 0.380000
13 0.480000
13 0.790000
13 0.580000
13 0.500000
13 0.490000
13 0.740000
13 0.660000
13 0.540000
13 0.560000
13 0.570000
13 0.520000
13 0.610000
13 0.650000
13 0.540000
13 0.600000
13 0.530000
13 0.530000
13 0.790000
13 0.720000
13 0.460000
13 0.580000
13 0.740000
13 0.480000
13 0.690000
13 0.540000
13 0.570000
13 0.550000
13 0.490000
13 0.570000
13 0.550000
13 0.550000
13 0.670000
13 0.660000
13 0.570000
13 0.680000
13 0.500000
13 0.510000
13 0.800000
13 0.640000
13 0.430000
13 0.510000
13 0.540000
13 0.490000
13 0.660000
13 0.550000
13 0.690000
13 0.500000
13 0.470000
13 0.670000
13 0.480000
13 0.430000
13 0.690000
13 0.520000
13 0.610000
13 0.470000
13 0.400000
13 0.690000
13 0.450000
13 0.500000
13 0.490000
13 0.570000
13 0.620000
13 0.520000
13 0.690000
13 0.530000
13 0.700000
13 0.590000
13 0.730000
13 0.660000
13 0.600000
13 0.480000
13 0.540000
13 0.610000
13 0.590000
13 0.540000
13 0.460000
13 0.620000
13 0.610000
13 0.500000
13 0.620000
13 0.470000
13 0.500000
13 0.500000
13 0.500000
13 0.580000
13 1.150000
13 0.620000
13 0.510000
13 0.630000
13 0.420000
13 0.470000
13 0.810000
13 0.650000
13 0.570000
13 0.430000
13 0.810000
13 0.630000
13 0.470000
13 0.560000
13 0.570000
13 0.550000
13 0.690000
13 0.540000
13 0.520000
13 0.540000
13 0.680000
13 0.420000
13 0.500000
13 0.760000
13 0.460000
13 0.500000
13 0.580000
13 0.550000
13 0.600000
13 0.610000
13 0.570000
13 0.550000
13 0.520000
13 0.620000
13 0.490000
13 0.670000
13 0.480000
13 0.530000
13 0.600000
13 0.560000
13 0.550000
13 0.630000
13 0.600000
13 0.460000
13 0.700000
13 0.480000
13 0.710000
13 0.610000
13 0.840000
13 0.570000
13 0.530000
13 0.580000
13 0.560000
13 0.840000
13 0.480000
13 0.460000
13 0.510000
13 0.530000
13 0.580000
13 0.880000
13 0.570000
13 0.710000
13 0.460000
13 0.610000
13 0.450000
13 0.570000
13 0.580000
13 0.560000
13 0.460000
13 0.490000
13 0.590000
13 0.430000
13 0.600000
13 0.480000
13 0.460000
13 0.550000
13 10.490000
13 0.820000
13 0.690000
13 0.450000
13 0.520000
13 0.530000
13 0.750000
13 0.670000
13 0.710000
13 0.470000
13 0.750000
13 0.670000
13 0.580000
13 0.490000
13 0.710000
13 0.450000
13 0.850000
13 0.490000
13 0.550000
13 0.470000
13 0.630000
13 0.540000
13 0.480000
13 0.920000
13 0.680000
13 0.530000
13 0.580000
13 0.660000
13 0.490000
13 0.480000
13 0.660000
13 0.550000
13 0.660000
13 0.700000
13 0.480000
13 0.530000
13 0.440000
13 0.510000
13 0.630000
13 0.480000
13 0.510000
13 0.460000
13 0.780000
13 0.520000
13 0.620000
13 0.550000
13 0.480000
