#n running-time
7 0.040000
7 0.060000
8 0.030000
8 0.030000
8 0.030000
8 0.030000
8 0.040000
8 0.030000
8 0.050000
8 0.050000
8 0.050000
8 0.030000
8 0.040000
8 0.030000
8 0.050000
8 0.030000
8 0.040000
8 0.030000
8 0.040000
8 0.030000
8 0.030000
8 0.040000
8 0.050000
8 0.040000
8 0.030000
8 0.030000
8 0.030000
8 0.030000
8 0.030000
8 0.040000
8 0.040000
8 0.030000
8 0.040000
8 0.030000
8 0.030000
8 0.030000
8 0.040000
8 0.030000
9 0.030000
9 0.040000
9 0.030000
9 0.030000
9 0.030000
9 0.040000
9 0.040000
9 0.030000
9 0.030000
9 0.070000
9 0.030000
9 0.030000
9 0.030000
9 0.030000
9 0.040000
9 0.030000
9 0.040000
9 0.030000
9 0.030000
9 0.040000
9 0.040000
9 0.040000
9 0.030000
9 0.030000
9 0.040000
9 0.030000
9 0.030000
9 0.030000
9 0.040000
9 0.030000
9 0.030000
9 0.040000
9 0.030000
9 0.030000
9 0.030000
9 0.040000
9 0.060000
9 0.030000
9 0.030000
9 0.040000
9 0.040000
9 0.030000
9 0.030000
9 0.030000
9 0.030000
9 0.030000
9 0.030000
9 0.030000
9 0.040000
9 0.030000
9 0.030000
9 0.040000
9 0.030000
9 0.030000
9 0.030000
9 0.030000
9 0.040000
9 0.040000
9 0.040000
9 0.030000
9 0.030000
9 0.030000
9 0.030000
9 0.030000
9 0.030000
9 0.030000
9 0.030000
9 0.030000
9 0.040000
9 0.030000
9 0.070000
9 0.040000
9 0.040000
9 0.030000
9 0.030000
9 0.030000
9 0.040000
9 0.040000
9 0.040000
9 0.040000
9 0.030000
9 0.030000
9 0.030000
9 0.040000
9 0.020000
9 0.040000
9 0.030000
9 0.030000
9 0.030000
9 0.030000
9 0.030000
9 0.040000
9 0.040000
9 0.040000
9 0.030000
9 0.030000
9 0.040000
9 0.030000
9 0.040000
9 0.030000
9 0.030000
9 0.030000
9 0.030000
9 0.030000
10 0.040000
10 0.040000
10 0.040000
10 0.030000
10 0.030000
10 0.040000
10 0.040000
10 0.030000
10 0.050000
10 0.030000
10 0.030000
10 0.050000
10 0.030000
10 0.040000
10 0.040000
10 0.030000
10 0.030000
10 0.040000
10 0.040000
10 0.030000
10 0.040000
10 0.030000
10 0.030000
10 0.030000
10 0.040000
10 0.040000
10 0.030000
10 0.030000
10 0.030000
10 0.050000
10 0.030000
10 0.030000
10 0.040000
10 0.030000
10 0.030000
10 0.040000
10 0.050000
10 0.030000
10 0.030000
10 0.030000
10 0.040000
10 0.030000
10 0.030000
10 0.030000
10 0.040000
10 0.040000
10 0.040000
10 0.040000
10 0.030000
10 0.040000
10 0.030000
10 0.040000
10 0.030000
10 0.030000
10 0.040000
10 0.030000
10 0.030000
10 0.030000
10 0.030000
10 0.070000
10 0.040000
10 0.030000
10 0.030000
10 0.030000
10 0.100000
10 0.040000
10 0.030000
10 0.040000
10 0.030000
10 0.040000
10 0.040000
10 0.030000
10 0.050000
10 0.030000
10 0.040000
10 0.040000
10 0.030000
10 0.050000
10 0.030000
10 0.040000
10 0.040000
10 0.040000
10 0.030000
10 0.040000
10 0.030000
10 0.030000
10 0.040000
10 0.040000
10 0.040000
10 0.030000
10 0.030000
10 0.040000
10 0.030000
10 0.050000
10 0.040000
10 0.040000
10 0.040000
10 0.040000
10 0.030000
10 0.040000
10 0.040000
10 0.030000
10 0.030000
10 0.030000
10 0.030000
10 0.040000
10 0.030000
10 0.040000
10 0.030000
10 0.040000
10 0.030000
10 0.030000
10 0.030000
10 0.040000
10 0.030000
10 0.030000
10 0.030000
10 0.040000
10 0.030000
10 0.030000
10 0.040000
10 0.030000
10 0.040000
10 0.030000
10 0.030000
10 0.040000
10 0.040000
10 0.030000
10 0.030000
10 0.030000
10 0.030000
10 0.040000
10 0.040000
10 0.030000
10 0.030000
10 0.040000
10 0.040000
10 0.040000
10 0.030000
10 0.030000
10 0.030000
10 0.040000
10 0.040000
10 0.030000
10 0.040000
10 0.030000
10 0.030000
10 0.030000
10 0.040000
10 0.030000
10 0.030000
10 0.030000
10 0.040000
10 0.050000
10 0.030000
10 0.030000
10 0.030000
10 0.030000
10 0.030000
10 0.030000
10 0.030000
10 0.030000
10 0.050000
10 0.030000
10 0.040000
10 0.030000
10 0.040000
10 0.040000
10 0.030000
10 0.030000
10 0.030000
10 0.030000
10 0.040000
10 0.030000
10 0.040000
10 0.050000
10 0.040000
10 0.040000
10 0.040000
10 0.050000
10 0.050000
10 0.040000
10 0.030000
10 0.030000
10 0.030000
10 0.040000
10 0.030000
10 0.030000
10 0.030000
10 0.040000
10 0.040000
10 0.030000
10 0.030000
10 0.040000
10 0.050000
10 0.030000
10 0.030000
10 0.030000
10 0.040000
10 0.030000
10 0.030000
10 0.030000
10 0.040000
10 0.030000
10 0.040000
10 0.040000
10 0.040000
10 0.040000
10 0.050000
10 0.030000
10 0.030000
10 0.040000
10 0.030000
11 0.040000
11 0.030000
11 0.040000
11 0.040000
11 0.040000
11 0.040000
11 0.030000
11 0.030000
11 0.040000
11 0.040000
11 0.050000
11 0.030000
11 0.030000
11 0.050000
11 0.030000
11 0.040000
11 0.040000
11 0.040000
11 0.040000
11 0.040000
11 0.050000
11 0.050000
11 0.050000
11 0.040000
11 0.040000
11 0.030000
11 0.040000
11 0.040000
11 0.040000
11 0.040000
11 0.040000
11 0.040000
11 0.050000
11 0.040000
11 0.040000
11 0.030000
11 0.030000
11 0.030000
11 0.030000
11 0.050000
11 0.040000
11 0.040000
11 0.030000
11 0.050000
11 0.040000
11 0.040000
11 0.040000
11 0.050000
11 0.040000
11 0.040000
11 0.030000
11 0.040000
11 0.040000
11 0.040000
11 0.040000
11 0.050000
11 0.040000
11 0.040000
11 0.050000
11 0.040000
11 0.040000
11 0.040000
11 0.030000
11 0.030000
11 0.040000
11 0.040000
11 0.040000
11 0.040000
11 0.030000
11 0.040000
11 0.030000
11 0.030000
11 0.030000
11 0.030000
11 0.040000
11 0.050000
11 0.030000
11 0.030000
11 0.040000
11 0.050000
11 0.030000
11 0.040000
11 0.040000
11 0.030000
11 0.040000
11 0.030000
11 0.040000
11 0.050000
11 0.040000
11 0.060000
11 0.030000
11 0.040000
11 0.040000
11 0.040000
11 0.070000
11 0.030000
11 0.040000
11 0.060000
11 0.040000
11 0.040000
11 0.030000
11 0.040000
11 0.030000
11 0.030000
11 0.050000
11 0.050000
11 0.040000
11 0.040000
11 0.040000
11 0.050000
11 0.040000
11 0.030000
11 0.030000
11 0.050000
11 0.030000
11 0.040000
11 0.040000
11 0.030000
11 0.030000
11 0.030000
11 0.050000
11 0.040000
11 0.030000
11 0.040000
11 0.050000
11 0.040000
11 0.030000
11 0.040000
11 0.040000
11 0.040000
11 0.040000
11 0.030000
11 0.040000
11 0.040000
11 0.040000
11 0.040000
11 0.040000
11 0.040000
11 0.030000
11 0.030000
11 0.040000
11 0.040000
11 0.030000
11 0.040000
11 0.070000
11 0.030000
11 0.040000
11 0.040000
11 0.050000
11 0.050000
11 0.040000
11 0.030000
11 0.040000
11 0.050000
11 0.040000
11 0.040000
11 0.050000
11 0.040000
11 0.030000
11 0.050000
11 0.040000
11 0.030000
11 0.040000
11 0.030000
11 0.050000
11 0.030000
11 0.040000
11 0.040000
11 0.050000
11 0.030000
11 0.040000
11 0.030000
11 0.040000
11 0.030000
11 0.040000
11 0.030000
11 0.040000
11 0.030000
11 0.030000
11 0.040000
11 0.030000
11 0.050000
11 0.030000
11 0.050000
11 0.040000
11 0.050000
11 0.040000
11 0.040000
11 0.040000
11 0.040000
11 0.040000
11 0.050000
11 0.030000
11 0.040000
11 0.040000
11 0.030000
11 0.040000
11 0.040000
11 0.040000
11 0.030000
11 0.040000
11 0.040000
11 0.040000
11 0.050000
11 0.040000
11 0.040000
11 0.060000
11 0.030000
11 0.040000
11 0.040000
11 0.050000
11 0.040000
11 0.040000
11 0.050000
11 0.040000
11 0.040000
11 0.040000
11 0.030000
11 0.030000
11 0.040000
11 0.030000
11 0.030000
11 0.050000
11 0.040000
11 0.040000
11 0.030000
11 0.030000
11 0.040000
11 0.030000
11 0.040000
11 0.040000
11 0.030000
11 0.030000
11 0.030000
11 0.040000
11 0.030000
11 0.040000
11 0.030000
11 0.040000
11 0.040000
11 0.040000
11 0.040000
11 0.040000
11 0.040000
11 0.040000
11 0.040000
11 0.040000
11 0.040000
11 0.040000
11 0.050000
11 0.030000
11 0.030000
11 0.040000
11 0.030000
11 0.220000
11 0.040000
11 0.030000
11 0.050000
11 0.050000
11 0.030000
11 0.040000
11 0.030000
11 0.030000
11 0.040000
11 0.030000
11 0.040000
11 0.050000
11 0.040000
11 0.040000
11 0.050000
11 0.040000
11 0.040000
11 0.030000
11 0.030000
11 0.030000
11 0.060000
11 0.050000
11 0.040000
11 0.030000
11 0.040000
11 0.040000
11 0.040000
11 0.050000
11 0.040000
11 0.030000
11 0.030000
11 0.040000
11 0.180000
11 0.030000
11 0.040000
11 0.030000
11 0.040000
11 0.060000
11 0.040000
11 0.030000
11 0.040000
11 0.050000
11 0.060000
11 0.040000
11 0.040000
11 0.040000
11 0.050000
11 0.030000
11 0.030000
11 0.030000
11 0.060000
11 0.040000
11 0.040000
11 0.030000
11 0.030000
11 0.030000
11 0.030000
11 0.040000
11 0.050000
11 0.050000
11 0.040000
11 0.030000
11 0.030000
11 0.030000
11 0.040000
11 0.050000
11 0.050000
11 0.050000
11 0.040000
11 0.040000
11 0.040000
11 0.040000
11 0.030000
11 0.040000
11 0.030000
11 0.040000
11 0.030000
11 0.030000
11 0.030000
11 0.030000
11 0.040000
11 0.040000
11 0.030000
11 0.030000
11 0.040000
11 0.040000
11 0.040000
11 0.060000
11 0.050000
11 0.040000
11 0.040000
11 0.040000
11 0.040000
11 0.040000
11 0.030000
11 0.050000
11 0.030000
11 0.030000
11 0.040000
11 0.040000
11 0.030000
11 0.030000
11 0.040000
11 0.030000
11 0.040000
11 0.030000
11 0.040000
11 0.050000
11 0.040000
11 0.040000
11 0.040000
11 0.040000
11 0.030000
12 0.040000
12 0.030000
12 0.040000
12 0.050000
12 0.040000
12 0.050000
12 0.070000
12 0.050000
12 0.040000
12 0.060000
12 0.050000
12 0.050000
12 0.050000
12 0.040000
12 0.040000
12 0.040000
12 0.040000
12 0.050000
12 0.040000
12 0.030000
12 0.050000
12 0.030000
12 0.030000
12 0.030000
12 0.040000
12 0.050000
12 0.050000
12 0.050000
12 0.060000
12 0.050000
12 0.050000
12 0.030000
12 0.050000
12 0.040000
12 0.030000
12 0.040000
12 0.040000
12 0.050000
12 0.040000
12 0.040000
12 0.060000
12 0.060000
12 0.040000
12 0.040000
12 0.040000
12 0.040000
12 0.040000
12 0.040000
12 0.040000
12 0.040000
12 0.040000
12 0.050000
12 0.040000
12 0.040000
12 0.040000
12 0.050000
12 0.040000
12 0.040000
12 0.050000
12 0.060000
12 0.040000
12 0.040000
12 0.040000
12 0.040000
12 0.050000
12 0.030000
12 0.060000
12 0.040000
12 0.040000
12 0.040000
12 0.030000
12 0.040000
12 0.030000
12 0.040000
12 0.040000
12 0.050000
12 0.050000
12 0.050000
12 0.040000
12 0.070000
12 0.040000
12 0.040000
12 0.040000
12 0.050000
12 0.050000
12 0.040000
12 0.030000
12 0.050000
12 0.050000
12 0.050000
12 0.040000
12 0.040000
12 0.050000
12 0.060000
12 0.040000
12 0.050000
12 0.040000
12 0.050000
12 0.060000
12 0.050000
12 0.030000
12 0.050000
12 0.060000
12 0.060000
12 0.040000
12 0.040000
12 0.040000
12 0.040000
12 0.040000
12 0.040000
12 0.040000
12 0.050000
12 0.060000
12 0.050000
12 0.040000
12 0.050000
12 0.040000
12 0.050000
12 0.040000
12 0.050000
12 0.050000
12 0.040000
12 0.040000
12 0.040000
12 0.040000
12 0.040000
12 0.060000
12 0.050000
12 0.050000
12 0.050000
12 0.050000
12 0.030000
12 0.040000
12 0.050000
12 0.030000
12 0.050000
12 0.040000
12 0.040000
12 0.040000
12 0.050000
12 0.060000
12 0.040000
12 0.040000
12 0.040000
12 0.030000
12 0.030000
12 0.040000
12 0.040000
12 0.040000
12 0.040000
12 0.040000
12 0.030000
12 0.060000
12 0.030000
12 0.040000
12 0.160000
12 0.040000
12 0.040000
12 0.040000
12 0.040000
12 0.080000
12 0.050000
12 0.050000
12 0.040000
12 0.060000
12 0.040000
12 0.040000
12 0.040000
12 0.050000
12 0.050000
12 0.060000
12 0.070000
12 0.050000
12 0.040000
12 0.040000
12 0.040000
12 0.050000
12 0.050000
12 0.050000
12 0.050000
12 0.030000
12 0.040000
12 0.040000
12 0.060000
12 0.050000
12 0.050000
12 0.040000
12 0.040000
12 0.050000
12 0.040000
12 0.050000
12 0.040000
12 0.050000
12 0.040000
12 0.040000
12 0.030000
12 0.040000
12 0.050000
12 0.040000
12 0.040000
12 0.030000
12 0.050000
12 0.030000
12 0.040000
12 0.050000
12 0.040000
12 0.050000
12 0.060000
12 0.050000
12 0.050000
12 0.060000
12 0.040000
12 0.040000
12 0.060000
12 0.050000
12 0.050000
12 0.050000
12 0.040000
12 0.030000
12 0.060000
12 0.040000
12 0.040000
12 0.050000
12 0.050000
12 0.040000
12 0.050000
12 0.040000
12 0.050000
12 0.060000
12 0.040000
12 0.040000
12 0.060000
12 0.060000
12 0.030000
12 0.040000
12 0.040000
12 0.040000
12 0.040000
12 0.050000
12 0.030000
12 0.040000
12 0.050000
12 0.040000
12 0.050000
12 0.050000
12 0.040000
12 0.040000
12 0.040000
12 0.040000
12 0.040000
12 0.040000
12 0.050000
12 0.050000
12 0.030000
12 0.050000
12 0.050000
12 0.060000
12 0.040000
12 0.060000
12 0.030000
12 1.560000
12 0.040000
12 0.050000
12 0.050000
12 0.040000
12 0.050000
12 0.040000
12 0.050000
12 0.040000
12 0.060000
12 0.030000
12 0.060000
12 0.040000
12 0.040000
12 0.060000
12 0.050000
12 0.030000
12 0.050000
12 0.040000
12 0.040000
12 0.040000
12 0.040000
12 0.050000
12 0.040000
12 0.040000
12 0.030000
12 0.040000
12 0.040000
12 0.040000
12 0.040000
12 0.040000
12 0.040000
12 0.040000
12 0.040000
12 0.040000
12 0.050000
12 0.040000
12 0.040000
12 0.040000
12 0.040000
12 0.050000
12 0.040000
12 0.070000
12 0.040000
12 0.060000
12 0.060000
12 0.050000
12 0.040000
12 0.030000
12 0.040000
12 0.040000
12 0.040000
12 0.040000
12 0.040000
12 0.040000
12 0.050000
12 0.040000
12 0.040000
12 0.040000
12 0.040000
12 0.060000
12 0.660000
12 0.050000
12 0.040000
12 0.040000
12 0.040000
12 0.060000
12 0.040000
12 0.040000
12 0.060000
12 0.040000
12 0.040000
12 0.040000
12 0.040000
12 0.040000
12 0.040000
12 0.050000
12 0.030000
12 0.040000
12 0.040000
12 0.040000
12 0.040000
12 0.040000
12 0.050000
12 0.040000
12 0.050000
12 0.040000
12 0.040000
12 0.040000
12 0.040000
12 0.040000
12 0.050000
12 0.040000
12 0.050000
12 0.040000
12 0.050000
12 0.040000
12 0.050000
12 0.040000
12 0.040000
12 0.040000
12 0.040000
12 0.030000
12 0.050000
12 0.040000
12 0.050000
12 0.050000
12 0.050000
12 0.050000
12 0.040000
12 0.060000
12 0.040000
12 0.050000
12 0.060000
12 0.050000
12 0.040000
12 0.040000
12 0.040000
12 0.040000
12 0.040000
12 0.030000
12 0.040000
12 0.040000
12 0.040000
12 0.040000
12 0.040000
12 0.050000
12 0.040000
12 0.040000
12 0.040000
12 0.050000
12 0.050000
12 0.050000
12 0.040000
12 0.030000
12 0.040000
12 0.050000
12 0.050000
12 0.070000
12 0.040000
12 0.050000
12 0.040000
12 0.050000
12 0.050000
12 0.040000
12 0.040000
12 0.050000
12 0.040000
12 0.040000
12 0.040000
12 0.060000
12 0.040000
12 0.030000
12 0.050000
12 0.040000
12 0.040000
12 0.050000
12 0.050000
12 0.040000
12 0.040000
12 0.050000
12 0.040000
12 0.050000
12 0.040000
12 0.040000
12 0.040000
12 0.040000
12 0.040000
12 0.060000
12 0.040000
12 0.090000
12 0.050000
12 0.060000
12 0.040000
12 0.040000
12 0.040000
12 0.050000
12 0.060000
12 0.040000
12 0.040000
12 0.040000
12 0.040000
12 0.040000
12 0.050000
12 0.040000
12 0.040000
12 0.040000
12 0.050000
12 0.050000
12 0.050000
12 0.040000
12 0.040000
12 0.080000
12 0.040000
12 0.040000
12 0.050000
12 0.040000
12 0.060000
12 0.050000
12 0.050000
12 0.040000
12 0.040000
12 0.050000
12 0.040000
12 0.040000
12 0.050000
12 0.050000
12 0.040000
12 0.040000
12 0.050000
12 0.040000
12 0.050000
12 0.030000
12 0.050000
12 0.050000
12 0.040000
12 0.030000
12 0.060000
12 0.050000
12 0.040000
12 0.040000
12 0.050000
12 0.050000
12 0.040000
12 0.040000
12 0.040000
12 0.040000
12 0.040000
12 0.030000
12 0.050000
12 0.040000
12 0.050000
12 0.040000
12 0.040000
12 0.040000
12 0.060000
12 0.040000
12 0.050000
12 0.040000
13 0.040000
13 0.060000
13 0.050000
13 0.060000
13 0.050000
13 0.060000
13 0.060000
13 0.070000
13 0.060000
13 0.060000
13 0.060000
13 0.080000
13 0.050000
13 0.040000
13 0.050000
13 0.050000
13 0.040000
13 0.050000
13 0.050000
13 0.060000
13 0.060000
13 0.040000
13 0.060000
13 0.060000
13 0.050000
13 0.050000
13 0.050000
13 0.060000
13 0.070000
13 0.050000
13 0.040000
13 0.060000
13 0.050000
13 0.060000
13 0.050000
13 0.070000
13 0.050000
13 0.040000
13 0.050000
13 0.040000
13 0.050000
13 0.040000
13 0.050000
13 0.060000
13 0.050000
13 0.060000
13 0.060000
13 0.060000
13 0.060000
13 0.040000
13 0.060000
13 0.050000
13 0.050000
13 0.060000
13 0.060000
13 0.050000
13 0.060000
13 0.060000
13 0.050000
13 0.060000
13 0.050000
13 0.060000
13 0.060000
13 0.070000
13 0.080000
13 0.050000
13 0.070000
13 0.050000
13 0.060000
13 0.050000
13 0.060000
13 0.060000
13 0.050000
13 0.040000
13 0.050000
13 0.060000
13 0.050000
13 0.060000
13 0.050000
13 0.060000
13 0.060000
13 0.060000
13 0.050000
13 0.060000
13 0.070000
13 0.050000
13 0.050000
13 0.040000
13 0.050000
13 0.060000
13 0.050000
13 0.050000
13 0.060000
13 0.060000
13 0.060000
13 0.040000
13 0.060000
13 0.050000
13 0.030000
13 0.050000
13 0.050000
13 0.070000
13 0.050000
13 0.050000
13 0.040000
13 0.060000
13 0.080000
13 0.070000
13 0.080000
13 0.040000
13 0.060000
13 0.060000
13 0.040000
13 0.060000
13 0.070000
13 0.060000
13 0.050000
13 0.050000
13 0.050000
13 0.090000
13 0.060000
13 0.050000
13 0.050000
13 0.080000
13 0.060000
13 0.070000
13 0.070000
13 0.050000
13 0.060000
13 0.060000
13 0.060000
13 0.050000
13 0.090000
13 0.050000
13 0.080000
13 0.070000
13 0.060000
13 0.100000
13 0.100000
13 0.050000
13 0.060000
13 0.040000
13 0.060000
13 0.040000
13 0.040000
13 0.060000
13 0.070000
13 0.040000
13 0.040000
13 0.070000
13 0.060000
13 0.040000
13 0.070000
13 0.080000
13 0.060000
13 0.060000
13 0.060000
13 0.050000
13 0.080000
13 0.060000
13 0.060000
13 0.050000
13 0.070000
13 0.050000
13 0.050000
13 0.050000
13 0.060000
13 0.040000
13 0.060000
13 0.050000
13 0.050000
13 0.070000
13 0.060000
13 0.080000
13 0.050000
13 0.050000
13 0.050000
13 0.090000
13 0.040000
13 0.060000
13 0.060000
13 0.040000
13 0.050000
13 0.050000
13 0.050000
13 0.060000
13 0.040000
13 0.050000
13 0.070000
13 0.050000
13 0.060000
13 0.050000
13 0.060000
13 0.040000
13 0.070000
13 0.060000
13 0.070000
13 0.050000
13 0.060000
13 0.050000
13 0.050000
13 0.040000
13 0.080000
13 0.080000
13 0.060000
13 0.070000
13 0.060000
13 0.060000
13 0.070000
13 0.050000
13 0.060000
13 0.070000
13 0.040000
13 0.040000
13 0.070000
13 0.060000
13 0.040000
13 0.080000
13 0.070000
13 0.060000
13 0.040000
13 0.070000
13 0.050000
13 0.050000
13 0.070000
13 0.070000
13 0.050000
13 0.080000
13 0.070000
13 0.050000
13 0.050000
13 0.050000
13 0.040000
13 0.060000
13 0.040000
13 0.050000
13 0.040000
13 0.060000
13 0.050000
13 0.060000
13 0.050000
13 0.070000
13 0.040000
13 0.060000
13 0.070000
13 0.060000
13 0.050000
13 0.060000
13 0.040000
13 0.060000
13 0.050000
13 0.070000
13 0.080000
13 0.050000
13 0.060000
13 0.040000
13 0.050000
13 0.040000
13 0.070000
13 0.060000
13 0.050000
13 0.040000
13 0.070000
13 0.040000
13 0.040000
13 0.050000
13 0.050000
13 0.060000
13 0.060000
13 0.050000
13 0.050000
13 0.040000
13 0.060000
13 0.070000
13 0.050000
13 0.040000
13 0.050000
13 0.050000
13 0.050000
13 0.070000
13 0.070000
13 0.050000
13 0.050000
13 0.060000
13 0.040000
13 0.060000
13 0.050000
13 0.070000
13 0.040000
13 0.050000
13 0.060000
13 0.060000
13 0.050000
13 0.060000
13 0.060000
13 0.050000
13 0.060000
13 0.070000
13 0.070000
13 0.050000
13 0.050000
13 0.060000
13 0.050000
13 0.050000
13 0.060000
13 0.050000
13 0.050000
13 0.060000
13 0.040000
13 0.050000
13 0.070000
13 0.060000
13 0.060000
13 0.040000
13 0.050000
13 0.060000
13 0.040000
13 0.050000
13 0.050000
13 0.050000
13 0.040000
13 0.060000
13 0.060000
13 0.100000
13 0.040000
13 0.050000
13 0.070000
13 0.040000
13 0.090000
13 0.050000
13 0.070000
13 0.060000
13 0.050000
13 0.060000
13 0.050000
13 0.050000
13 0.050000
13 0.060000
13 0.050000
13 0.050000
13 0.050000
13 0.050000
13 0.050000
13 0.060000
13 0.040000
13 0.050000
13 0.050000
13 0.050000
13 0.060000
13 0.050000
13 0.040000
13 0.070000
13 0.070000
13 0.050000
13 0.060000
13 0.050000
13 0.060000
13 0.040000
13 0.050000
13 0.040000
13 0.060000
13 0.050000
13 0.050000
13 0.050000
13 0.070000
13 0.050000
13 0.060000
13 0.050000
13 0.050000
13 0.080000
13 0.060000
13 0.050000
13 0.050000
13 0.040000
13 0.070000
13 0.050000
13 0.050000
13 0.060000
13 0.050000
13 0.060000
13 0.060000
13 0.040000
13 0.060000
13 0.060000
13 0.040000
13 0.070000
13 0.040000
13 0.050000
13 0.050000
13 0.050000
13 0.040000
13 0.060000
13 0.080000
13 0.050000
13 0.060000
13 0.040000
13 0.040000
13 0.050000
13 0.040000
13 0.050000
13 0.050000
13 0.060000
13 0.040000
13 0.060000
13 0.060000
13 0.060000
13 0.070000
13 0.050000
13 0.090000
13 0.050000
13 0.050000
13 0.060000
13 0.050000
13 0.070000
13 0.050000
13 0.060000
13 0.050000
13 0.050000
13 0.050000
13 0.050000
13 0.040000
13 0.050000
13 0.050000
13 0.050000
13 0.040000
13 0.060000
13 0.040000
13 0.060000
13 0.050000
13 0.060000
13 0.070000
13 0.050000
13 0.050000
13 0.070000
13 0.060000
13 0.090000
13 0.050000
13 0.060000
13 0.040000
13 0.070000
13 0.090000
13 0.050000
13 0.070000
13 0.040000
13 0.050000
13 0.060000
13 0.040000
13 0.050000
13 0.050000
13 0.050000
13 0.050000
13 0.050000
13 0.050000
13 0.050000
13 0.050000
13 0.050000
13 0.060000
13 0.060000
13 0.060000
13 0.050000
13 0.040000
13 0.060000
13 0.050000
13 0.040000
13 0.060000
13 0.100000
13 0.060000
13 0.050000
13 0.040000
13 0.060000
13 0.040000
13 0.060000
13 0.050000
13 0.040000
13 0.050000
13 0.060000
13 0.060000
13 0.040000
13 0.060000
13 0.050000
13 0.040000
13 0.060000
13 0.050000
13 0.040000
13 0.060000
13 0.070000
13 0.050000
13 0.040000
13 0.040000
13 0.030000
13 0.060000
13 0.060000
13 0.070000
13 0.060000
13 0.050000
13 0.070000
13 0.080000
13 0.040000
13 0.070000
13 0.070000
13 0.050000
13 0.060000
13 0.070000
13 0.070000
13 0.060000
13 0.050000
13 0.050000
13 0.050000
13 0.050000
13 0.050000
13 0.070000
13 0.060000
13 0.050000
13 0.040000
13 0.060000
13 0.050000
13 0.050000
13 0.050000
13 0.060000
13 0.070000
13 0.060000
13 0.050000
13 0.070000
13 0.040000
13 0.060000
13 0.070000
13 0.050000
13 0.070000
13 0.050000
13 0.060000
13 0.060000
13 0.070000
13 0.050000
13 0.060000
13 0.060000
13 0.060000
13 0.080000
13 0.110000
13 0.080000
13 0.050000
13 0.050000
13 0.040000
13 0.050000
13 0.050000
13 0.060000
13 0.050000
13 0.050000
13 0.050000
13 0.040000
13 0.060000
13 0.070000
13 0.060000
13 0.050000
13 0.040000
13 0.040000
13 0.040000
13 0.060000
13 0.060000
13 0.050000
13 0.040000
13 0.040000
13 0.050000
13 0.080000
13 0.050000
13 0.050000
13 0.060000
13 0.060000
13 0.060000
13 0.040000
13 0.060000
13 0.040000
13 0.060000
13 0.050000
13 0.040000
13 0.050000
13 0.040000
13 0.050000
13 0.060000
13 0.060000
