#n running-time
15 0.590000
16 0.890000
16 0.620000
16 0.870000
16 0.900000
16 0.970000
16 0.820000
16 0.990000
16 1.010000
16 0.660000
16 0.770000
16 1.280000
16 0.830000
16 1.150000
17 2.880000
17 1.150000
17 1.000000
17 0.680000
17 1.150000
17 1.680000
17 1.580000
17 1.830000
17 1.070000
17 1.580000
17 1.330000
17 0.860000
17 1.630000
17 1.690000
17 1.080000
17 2.660000
17 1.310000
17 0.950000
17 1.380000
17 1.230000
17 1.230000
17 0.850000
17 1.080000
17 0.950000
17 0.810000
17 1.050000
17 1.080000
17 1.120000
18 0.920000
18 1.220000
18 1.390000
18 1.970000
18 6.570000
18 1.920000
18 1.620000
18 1.010000
18 1.190000
18 1.960000
18 1.610000
18 1.310000
18 0.880000
18 1.790000
18 2.040000
18 2.820000
18 1.050000
18 1.200000
18 1.540000
18 1.590000
18 3.400000
18 0.960000
18 1.340000
18 1.410000
18 0.600000
18 2.570000
18 0.920000
18 1.600000
18 2.780000
18 1.540000
18 2.650000
18 1.270000
18 1.890000
18 3.420000
18 1.200000
18 1.360000
18 1.490000
18 1.850000
18 3.040000
18 3.090000
18 1.390000
18 1.890000
18 1.140000
18 1.690000
18 1.040000
18 1.150000
18 1.820000
18 1.420000
18 1.610000
18 2.670000
18 1.060000
18 2.130000
18 1.330000
18 1.400000
18 0.930000
18 1.330000
18 1.040000
18 1.320000
18 1.410000
18 5.050000
18 2.080000
18 2.480000
18 2.070000
18 2.030000
18 0.940000
18 1.600000
18 1.240000
18 1.370000
18 1.370000
18 0.910000
18 1.040000
18 1.510000
18 1.830000
18 1.250000
18 2.750000
18 2.780000
18 0.940000
18 2.750000
18 1.430000
18 1.140000
18 1.570000
18 2.470000
18 1.680000
18 3.120000
18 2.110000
18 2.140000
18 1.940000
18 1.930000
18 2.270000
18 1.900000
18 1.570000
18 2.270000
18 1.660000
18 3.190000
18 0.580000
18 1.840000
18 1.540000
18 1.630000
18 2.990000
18 1.150000
18 1.550000
18 1.510000
18 2.190000
18 1.600000
18 1.590000
18 1.020000
18 1.040000
19 1.370000
19 0.880000
19 4.420000
19 3.150000
19 0.990000
19 3.210000
19 1.920000
19 2.840000
19 1.210000
19 2.780000
19 2.090000
19 1.400000
19 2.580000
19 2.010000
19 1.790000
19 1.220000
19 2.780000
19 1.780000
19 2.230000
19 1.900000
19 3.260000
19 3.900000
19 3.430000
19 2.570000
19 3.120000
19 1.990000
19 1.910000
19 6.330000
19 2.750000
19 5.980000
19 1.100000
19 1.970000
19 1.830000
19 2.330000
19 2.540000
19 1.750000
19 1.370000
19 4.290000
19 2.870000
19 2.770000
19 1.830000
19 3.070000
19 3.680000
19 1.690000
19 1.290000
19 1.300000
19 2.980000
19 2.380000
19 1.550000
19 2.320000
19 1.120000
19 2.090000
19 1.930000
19 1.700000
19 2.450000
19 7.060000
19 2.160000
19 1.610000
19 2.510000
19 5.570000
19 1.670000
19 2.990000
19 1.780000
19 2.560000
19 1.980000
19 1.660000
19 2.170000
19 2.810000
19 1.440000
19 5.770000
19 3.540000
19 1.640000
19 2.170000
19 1.050000
19 2.360000
19 1.770000
19 1.650000
19 0.960000
19 1.030000
19 1.990000
19 2.880000
19 1.650000
19 2.760000
19 2.200000
19 2.350000
19 1.080000
19 1.850000
19 1.530000
19 4.650000
19 1.200000
19 4.480000
19 2.230000
19 1.000000
19 2.740000
19 1.510000
19 1.600000
19 1.740000
19 1.340000
19 1.580000
19 1.100000
19 1.160000
19 2.510000
19 1.330000
19 1.520000
19 1.430000
19 2.800000
19 2.920000
19 1.200000
19 2.210000
19 1.730000
19 1.840000
19 1.450000
19 2.260000
19 3.810000
19 1.460000
19 1.980000
19 1.950000
19 3.810000
19 0.960000
19 1.090000
19 1.510000
19 4.630000
19 2.900000
19 2.410000
19 1.950000
19 1.690000
19 1.690000
19 1.460000
19 1.620000
19 2.170000
19 6.220000
19 1.590000
19 0.820000
19 1.480000
19 1.490000
19 2.070000
19 2.970000
19 2.820000
19 1.600000
19 1.550000
19 1.870000
19 1.900000
19 3.870000
19 2.350000
19 1.700000
19 1.410000
19 2.830000
19 1.680000
19 2.030000
19 2.930000
19 1.810000
19 4.200000
19 1.100000
19 1.750000
19 1.100000
19 1.810000
19 4.260000
19 1.960000
19 1.930000
19 2.680000
19 1.900000
19 3.040000
19 1.890000
19 0.870000
19 2.850000
19 3.230000
19 5.370000
19 1.550000
19 1.140000
19 3.820000
19 1.990000
19 2.660000
19 2.480000
19 1.520000
19 1.100000
19 2.250000
19 1.970000
19 2.030000
19 0.840000
19 2.250000
19 2.330000
19 2.240000
19 2.030000
19 2.350000
19 1.140000
19 2.120000
19 1.080000
19 2.290000
19 2.160000
19 0.940000
19 1.470000
19 0.980000
19 1.520000
19 3.220000
19 2.110000
19 1.130000
19 1.090000
19 1.290000
19 1.160000
20 2.670000
20 1.960000
20 3.480000
20 2.220000
20 2.500000
20 4.110000
20 3.920000
20 5.370000
20 6.220000
20 1.890000
20 4.170000
20 1.370000
20 5.490000
20 4.050000
20 2.400000
20 2.490000
20 3.650000
20 3.440000
20 4.030000
20 3.380000
20 3.650000
20 3.310000
20 3.260000
20 3.760000
20 5.560000
20 4.360000
20 1.450000
20 1.070000
20 1.580000
20 5.660000
20 1.730000
20 3.000000
20 4.090000
20 2.250000
20 4.580000
20 2.770000
20 3.260000
20 2.560000
20 3.840000
20 2.490000
20 2.170000
20 1.700000
20 3.600000
20 5.380000
20 1.770000
20 2.820000
20 1.410000
20 5.210000
20 2.580000
20 1.920000
20 4.520000
20 2.790000
20 2.870000
20 2.660000
20 6.400000
20 4.820000
20 3.420000
20 10.010000
20 3.100000
20 2.470000
20 6.460000
20 4.290000
20 2.280000
20 3.020000
20 2.810000
20 3.380000
20 4.050000
20 4.210000
20 1.910000
20 1.910000
20 1.580000
20 2.940000
20 4.550000
20 3.610000
20 1.290000
20 2.740000
20 4.010000
20 3.040000
20 1.640000
20 4.620000
20 3.980000
20 3.030000
20 2.540000
20 1.270000
20 3.040000
20 1.700000
20 1.710000
20 2.840000
20 1.530000
20 6.430000
20 1.940000
20 6.330000
20 5.800000
20 3.530000
20 2.900000
20 1.860000
20 1.620000
20 1.900000
20 6.210000
20 2.910000
20 1.820000
20 3.530000
20 2.350000
20 3.650000
20 3.300000
20 2.820000
20 1.930000
20 3.660000
20 4.650000
20 2.520000
20 1.400000
20 3.830000
20 1.720000
20 3.790000
20 2.490000
20 1.650000
20 2.570000
20 2.010000
20 2.180000
20 2.800000
20 0.720000
20 3.230000
20 6.300000
20 1.400000
20 3.020000
20 2.340000
20 2.960000
20 1.860000
20 6.250000
20 1.350000
20 2.220000
20 5.750000
20 1.800000
20 4.230000
20 7.460000
20 4.600000
20 1.730000
20 6.920000
20 4.280000
20 4.360000
20 3.310000
20 7.020000
20 1.710000
20 4.090000
20 1.910000
20 2.250000
20 1.200000
20 3.430000
20 1.530000
20 2.440000
20 2.480000
20 1.700000
20 3.780000
20 1.290000
20 2.480000
20 4.700000
20 2.390000
20 1.390000
20 2.720000
20 2.060000
20 3.870000
20 1.670000
20 5.470000
20 3.040000
20 2.600000
20 5.000000
20 2.940000
20 1.900000
20 1.030000
20 2.540000
20 2.390000
20 3.310000
20 2.490000
20 3.680000
20 4.460000
20 1.790000
20 1.620000
20 1.050000
20 5.600000
20 1.730000
20 4.310000
20 5.100000
20 3.070000
20 1.710000
20 2.780000
20 1.880000
20 3.000000
20 3.930000
20 4.970000
20 3.730000
20 1.630000
20 2.870000
20 0.870000
20 1.960000
20 2.130000
20 2.430000
20 5.380000
20 4.210000
20 5.170000
20 1.940000
20 5.700000
20 3.760000
20 1.850000
20 2.920000
20 2.590000
20 3.220000
20 1.320000
20 5.370000
20 2.030000
20 3.170000
20 2.580000
20 7.730000
20 1.050000
20 6.380000
20 3.220000
20 1.400000
20 3.530000
20 2.560000
20 2.360000
20 2.550000
20 2.180000
20 1.840000
20 4.460000
20 1.250000
20 3.810000
20 4.890000
20 4.600000
20 3.810000
20 3.020000
20 1.610000
20 1.880000
20 2.600000
20 2.120000
20 4.380000
20 1.050000
20 3.450000
20 1.670000
20 6.510000
20 2.820000
20 4.340000
20 1.940000
20 3.340000
20 4.160000
20 2.300000
20 5.260000
20 4.830000
20 2.930000
20 1.590000
20 3.750000
20 1.180000
20 1.360000
20 2.390000
20 1.560000
20 1.500000
20 6.280000
20 2.780000
20 1.280000
20 2.910000
20 1.760000
20 4.590000
20 3.730000
20 3.010000
20 3.690000
20 2.190000
20 4.290000
20 1.680000
20 2.620000
20 3.380000
20 3.160000
20 3.770000
20 1.670000
20 3.440000
20 5.930000
20 2.220000
21 5.450000
21 3.130000
21 9.660000
21 5.540000
21 3.420000
21 5.430000
21 3.270000
21 6.320000
21 5.060000
21 5.650000
21 1.630000
21 2.820000
21 5.730000
21 4.480000
21 3.610000
21 4.190000
21 2.690000
21 8.140000
21 3.180000
21 3.080000
21 2.820000
21 8.170000
21 5.170000
21 6.500000
21 5.160000
21 2.290000
21 6.250000
21 7.030000
21 8.150000
21 4.530000
21 4.670000
21 7.750000
21 4.700000
21 5.870000
21 4.110000
21 2.290000
21 10.950000
21 3.280000
21 2.790000
21 9.170000
21 7.360000
21 4.170000
21 2.980000
21 5.230000
21 9.260000
21 8.630000
21 4.420000
21 8.100000
21 2.630000
21 4.150000
21 2.680000
21 10.980000
21 3.150000
21 2.040000
21 10.630000
21 2.950000
21 3.780000
21 3.570000
21 7.600000
21 3.130000
21 14.140000
21 2.150000
21 2.640000
21 1.540000
21 4.880000
21 1.950000
21 4.270000
21 2.310000
21 4.740000
21 5.000000
21 5.770000
21 3.200000
21 1.910000
21 5.280000
21 4.240000
21 5.860000
21 5.160000
21 3.790000
21 2.750000
21 4.900000
21 5.750000
21 5.240000
21 8.810000
21 1.680000
21 8.540000
21 7.000000
21 2.890000
21 3.060000
21 2.800000
21 5.450000
21 2.770000
21 7.120000
21 3.960000
21 7.080000
21 7.190000
21 4.040000
21 2.290000
21 6.340000
21 2.570000
21 2.070000
21 5.170000
21 8.150000
21 2.500000
21 8.570000
21 2.260000
21 6.990000
21 3.390000
21 3.600000
21 2.550000
21 3.040000
21 3.880000
21 3.190000
21 2.070000
21 9.680000
21 6.630000
21 2.560000
21 2.080000
21 2.470000
21 3.510000
21 4.580000
21 2.150000
21 1.540000
21 4.240000
21 5.810000
21 3.120000
21 3.130000
21 3.740000
21 4.550000
21 2.600000
21 3.530000
21 4.600000
21 2.970000
21 5.270000
21 5.020000
21 2.860000
21 2.960000
21 5.500000
21 2.500000
21 4.520000
21 7.380000
21 2.280000
21 4.820000
21 1.980000
21 3.970000
21 1.790000
21 3.640000
21 3.880000
21 2.000000
21 7.390000
21 2.820000
21 3.430000
21 3.980000
21 8.880000
21 7.700000
21 3.210000
21 1.630000
21 5.130000
21 6.110000
21 4.890000
21 4.220000
21 3.270000
21 2.810000
21 1.630000
21 8.980000
21 9.750000
21 2.830000
21 4.600000
21 2.310000
21 1.590000
21 7.660000
21 9.190000
21 2.330000
21 7.420000
21 2.840000
21 5.220000
21 3.160000
21 10.640000
21 2.520000
21 4.930000
21 4.880000
21 3.780000
21 2.960000
21 2.710000
21 3.340000
21 3.040000
21 2.310000
21 3.500000
21 2.650000
21 2.440000
21 2.220000
21 8.910000
21 3.890000
21 3.730000
21 4.250000
21 3.270000
21 4.610000
21 2.660000
21 4.880000
21 6.820000
21 8.740000
21 1.910000
21 2.510000
21 2.750000
21 4.040000
21 13.470000
21 7.970000
21 8.250000
21 3.500000
21 4.560000
21 3.320000
21 2.860000
21 11.370000
21 2.100000
21 1.940000
21 1.900000
21 5.120000
21 4.760000
21 5.780000
21 4.020000
21 4.970000
21 5.540000
21 3.080000
21 4.550000
21 5.570000
21 5.250000
21 6.410000
21 3.720000
21 4.610000
21 2.410000
21 4.870000
21 2.440000
21 4.970000
21 2.550000
21 3.930000
21 5.170000
21 4.550000
21 1.780000
21 4.520000
21 9.080000
21 8.300000
21 3.120000
21 5.040000
21 4.400000
21 4.150000
21 5.150000
21 5.880000
21 7.710000
21 1.780000
21 1.390000
21 4.570000
21 9.320000
21 4.020000
21 4.850000
21 1.810000
21 3.260000
21 1.480000
21 2.180000
21 2.510000
21 6.780000
21 5.180000
21 8.000000
21 2.730000
21 6.410000
21 3.800000
21 7.880000
21 2.620000
21 1.930000
21 6.380000
21 5.310000
21 7.900000
21 8.450000
21 6.710000
21 6.500000
21 5.560000
21 3.590000
21 7.200000
21 3.630000
21 6.370000
21 7.140000
21 5.960000
21 13.430000
21 3.370000
21 3.170000
21 1.960000
21 5.070000
21 3.830000
21 2.300000
21 5.350000
21 3.170000
21 7.130000
21 3.720000
21 3.720000
21 2.100000
21 3.510000
21 2.490000
21 3.980000
21 2.740000
21 2.930000
21 2.980000
21 3.290000
21 2.440000
21 7.260000
21 3.080000
21 2.670000
21 3.800000
21 9.540000
21 2.630000
21 5.970000
21 3.650000
21 1.610000
21 9.080000
21 2.910000
21 1.740000
21 11.420000
21 4.450000
21 3.430000
21 2.220000
21 2.780000
21 6.130000
21 8.790000
21 3.270000
21 1.920000
21 5.650000
21 7.640000
21 6.300000
21 3.680000
21 2.340000
21 3.090000
21 2.670000
21 3.770000
21 2.460000
21 4.290000
21 2.720000
21 1.860000
21 2.780000
21 5.380000
21 6.000000
21 4.780000
21 8.420000
21 4.050000
21 2.240000
21 2.510000
21 6.600000
21 5.450000
21 4.180000
21 1.600000
21 1.440000
21 3.740000
21 4.910000
21 3.680000
21 5.880000
21 6.370000
21 4.420000
21 7.460000
21 2.420000
21 3.940000
21 4.740000
21 4.940000
21 3.080000
21 10.050000
21 6.450000
21 2.150000
21 3.150000
21 16.180000
21 6.200000
21 8.450000
21 2.150000
21 7.390000
21 3.610000
21 1.770000
21 4.920000
21 6.200000
21 9.680000
21 6.710000
21 1.880000
21 6.960000
21 2.060000
21 4.480000
21 3.240000
21 5.410000
21 5.540000
21 2.720000
21 2.220000
21 3.170000
21 6.090000
21 2.470000
21 1.450000
21 2.180000
21 2.670000
21 4.700000
21 6.700000
21 4.350000
21 10.970000
21 3.930000
21 8.100000
21 2.520000
22 7.860000
22 15.320000
22 5.530000
22 6.340000
22 6.290000
22 9.610000
22 3.190000
22 2.240000
22 2.410000
22 6.820000
22 7.440000
22 4.410000
22 5.530000
22 12.790000
22 19.380000
22 12.180000
22 8.100000
22 6.020000
22 3.990000
22 4.080000
22 5.140000
22 2.260000
22 7.140000
22 5.160000
22 5.410000
22 10.060000
22 15.350000
22 7.670000
22 1.260000
22 4.840000
22 7.380000
22 7.880000
22 5.720000
22 3.250000
22 10.300000
22 5.080000
22 6.230000
22 8.230000
22 3.260000
22 5.840000
22 7.820000
22 11.480000
22 2.700000
22 8.680000
22 9.770000
22 5.470000
22 3.230000
22 24.790000
22 6.740000
22 3.680000
22 2.740000
22 7.310000
22 4.220000
22 4.600000
22 7.570000
22 2.800000
22 8.780000
22 10.150000
22 6.390000
22 7.240000
22 21.710000
22 6.510000
22 10.050000
22 9.100000
22 10.390000
22 8.830000
22 3.620000
22 1.610000
22 5.550000
22 13.660000
22 3.320000
22 17.650000
22 4.800000
22 3.310000
22 10.550000
22 3.730000
22 3.890000
22 5.180000
22 6.460000
22 3.570000
22 10.200000
22 5.610000
22 6.670000
22 9.420000
22 7.750000
22 13.100000
22 4.170000
22 4.680000
22 5.620000
22 6.660000
22 7.910000
22 6.280000
22 6.800000
22 4.870000
22 9.620000
22 4.630000
22 6.060000
22 4.670000
22 4.110000
22 6.160000
22 14.660000
22 5.090000
22 3.150000
22 4.930000
22 6.220000
22 3.120000
22 4.660000
22 5.620000
22 10.950000
22 9.290000
22 5.710000
22 7.390000
22 11.000000
22 5.370000
22 4.830000
22 2.520000
22 5.640000
22 4.800000
22 7.410000
22 4.410000
22 7.140000
22 8.080000
22 4.270000
22 7.580000
22 10.420000
22 3.970000
22 3.530000
22 6.760000
22 4.840000
22 2.550000
22 5.550000
22 5.200000
22 4.460000
22 4.130000
22 3.210000
22 5.690000
22 17.870000
22 1.380000
22 2.220000
22 5.070000
22 11.200000
22 9.090000
22 2.920000
22 18.300000
22 3.530000
22 5.550000
22 18.260000
22 5.050000
22 7.210000
22 5.850000
22 7.010000
22 17.320000
22 9.270000
22 13.380000
22 17.600000
22 3.500000
22 6.340000
22 26.290000
22 6.330000
22 5.210000
22 2.910000
22 7.920000
22 10.480000
22 4.750000
22 5.710000
22 5.260000
22 7.440000
22 2.540000
22 2.740000
22 3.990000
22 6.580000
22 5.570000
22 11.960000
22 5.450000
22 19.460000
22 4.340000
22 10.600000
22 13.650000
22 12.540000
22 6.470000
22 4.220000
22 7.170000
22 2.520000
22 6.730000
22 11.080000
22 6.500000
22 5.880000
22 7.040000
22 4.320000
22 8.040000
22 19.590000
22 9.880000
22 3.680000
22 9.020000
22 9.380000
22 6.450000
22 22.440000
22 6.670000
22 9.890000
22 11.380000
22 4.530000
22 7.860000
22 4.530000
22 4.960000
22 3.640000
22 4.740000
22 10.800000
22 3.910000
22 17.180000
22 4.270000
22 4.680000
22 10.320000
22 5.940000
22 13.940000
22 6.340000
22 3.450000
22 2.540000
22 1.710000
22 5.110000
22 5.950000
22 3.980000
22 8.440000
22 4.840000
22 11.060000
22 15.650000
22 3.110000
22 5.680000
22 4.080000
22 3.780000
22 8.560000
22 9.160000
22 2.150000
22 5.490000
22 5.660000
22 4.530000
22 4.620000
22 3.350000
22 6.990000
22 6.030000
22 9.240000
22 2.150000
22 9.410000
22 3.700000
22 2.200000
22 9.690000
22 11.500000
22 2.970000
22 2.520000
22 8.540000
22 2.270000
22 4.600000
22 12.340000
22 5.350000
22 14.790000
22 8.080000
22 7.740000
22 9.170000
22 9.590000
22 4.850000
22 7.160000
22 6.040000
22 6.650000
22 4.440000
22 8.570000
22 2.940000
22 6.780000
22 3.730000
22 5.020000
22 3.920000
22 4.410000
22 12.550000
22 4.050000
22 5.680000
22 5.780000
22 8.390000
22 9.060000
22 11.480000
22 3.040000
22 4.120000
22 4.140000
22 8.860000
22 4.150000
22 7.640000
22 2.410000
22 4.400000
22 8.010000
22 14.030000
22 5.000000
22 6.390000
22 6.710000
22 2.870000
22 3.210000
22 2.840000
22 4.390000
22 3.500000
22 6.520000
22 3.630000
22 9.070000
22 2.470000
22 6.750000
22 16.100000
22 10.290000
22 5.910000
22 8.130000
22 2.900000
22 7.830000
22 7.250000
22 10.270000
22 5.970000
22 3.990000
22 2.440000
22 5.340000
22 2.950000
22 2.910000
22 6.000000
22 4.240000
22 4.920000
22 3.490000
22 13.470000
22 9.060000
22 8.540000
22 10.220000
22 6.380000
22 22.980000
22 6.300000
22 8.290000
22 5.770000
22 9.190000
22 7.490000
22 4.470000
22 6.610000
22 7.870000
22 13.750000
22 8.620000
22 6.580000
22 5.340000
22 5.780000
22 10.790000
22 19.620000
22 3.560000
22 10.890000
22 7.080000
22 11.370000
22 2.840000
22 3.890000
22 1.710000
22 6.270000
22 2.970000
22 11.140000
22 8.800000
22 2.610000
22 10.280000
22 2.730000
22 7.430000
22 3.840000
22 11.290000
22 10.710000
22 12.760000
22 7.530000
22 2.630000
22 5.250000
22 8.220000
22 5.370000
22 1.880000
22 6.560000
22 8.520000
22 5.740000
22 6.490000
22 3.980000
22 6.620000
22 17.560000
22 5.350000
22 1.990000
22 6.550000
22 7.400000
22 5.560000
22 7.670000
22 5.320000
22 3.370000
22 2.530000
22 3.080000
22 6.220000
22 6.130000
22 2.710000
22 9.590000
22 4.220000
22 2.730000
22 5.280000
22 8.860000
22 10.570000
22 10.940000
22 5.440000
22 5.390000
22 4.250000
22 5.810000
22 5.430000
22 4.530000
22 6.800000
22 2.840000
22 4.180000
22 2.180000
22 11.290000
22 3.060000
22 6.110000
22 2.460000
22 9.950000
22 12.300000
22 9.830000
22 11.870000
22 3.320000
22 4.840000
22 3.840000
22 10.610000
22 7.910000
22 4.710000
22 8.730000
22 15.070000
22 6.040000
22 2.400000
22 8.230000
22 9.610000
22 10.910000
22 7.340000
22 6.990000
22 10.020000
22 3.020000
22 3.620000
22 4.690000
22 3.100000
22 6.020000
22 8.140000
22 8.040000
