#n running-time
30 0.570000
30 0.590000
30 0.550000
31 0.810000
31 0.820000
31 0.480000
31 2.460000
31 0.720000
31 0.650000
31 0.600000
31 0.680000
31 0.570000
31 0.510000
31 0.700000
31 0.600000
31 0.760000
31 0.930000
31 0.590000
31 0.650000
32 1.170000
32 0.750000
32 0.590000
32 0.600000
32 0.600000
32 0.720000
32 0.660000
32 0.600000
32 0.740000
32 0.780000
32 0.790000
32 0.600000
32 0.590000
32 0.990000
32 0.850000
32 0.640000
32 0.580000
32 1.200000
32 0.770000
32 0.510000
32 0.800000
32 0.630000
32 0.590000
32 0.600000
32 0.580000
32 1.040000
32 0.610000
32 0.590000
32 0.590000
32 0.590000
32 0.660000
32 0.560000
32 0.740000
32 0.610000
32 0.640000
32 0.780000
32 0.620000
32 0.920000
32 0.540000
32 0.610000
32 0.560000
32 0.570000
32 0.600000
32 0.600000
32 0.860000
32 1.400000
32 0.580000
32 0.630000
32 0.740000
32 0.540000
32 0.670000
32 0.740000
32 0.560000
32 0.510000
32 0.720000
32 0.640000
32 1.180000
32 0.720000
33 0.790000
33 0.540000
33 0.740000
33 1.010000
33 0.540000
33 0.680000
33 0.550000
33 1.140000
33 0.740000
33 1.050000
33 0.630000
33 0.740000
33 0.600000
33 1.100000
33 0.540000
33 0.740000
33 0.740000
33 0.830000
33 1.340000
33 0.800000
33 0.730000
33 0.700000
33 0.610000
33 0.670000
33 0.820000
33 0.830000
33 0.690000
33 0.510000
33 0.640000
33 0.660000
33 2.900000
33 1.220000
33 0.950000
33 0.670000
33 0.870000
33 0.910000
33 0.660000
33 0.560000
33 1.810000
33 0.970000
33 1.510000
33 0.580000
33 0.920000
33 0.560000
33 0.590000
33 0.710000
33 2.580000
33 0.730000
33 0.700000
33 0.630000
33 0.710000
33 0.830000
33 0.490000
33 1.920000
33 0.570000
33 0.550000
33 0.580000
33 0.620000
33 0.570000
33 0.620000
33 0.570000
33 1.080000
33 0.720000
33 0.960000
33 0.560000
33 1.180000
33 1.170000
33 0.660000
33 1.720000
33 0.720000
33 0.860000
33 0.650000
33 0.830000
33 0.720000
33 0.610000
33 0.710000
33 0.580000
33 0.590000
33 0.600000
33 1.100000
33 0.610000
33 0.630000
33 0.820000
33 0.780000
33 1.160000
33 0.830000
33 1.780000
33 0.650000
33 0.530000
33 0.700000
33 0.560000
33 0.630000
33 0.700000
33 1.020000
33 0.690000
33 0.510000
33 1.110000
33 1.180000
33 0.740000
33 0.740000
33 0.680000
33 0.580000
33 1.180000
33 1.260000
33 0.570000
33 0.780000
33 0.550000
33 0.930000
33 1.610000
33 0.740000
33 0.570000
33 0.650000
33 0.500000
33 0.850000
33 0.900000
33 0.620000
33 0.540000
33 0.770000
33 0.710000
33 0.900000
33 0.560000
33 0.600000
33 0.490000
33 0.610000
33 0.710000
33 0.700000
33 1.400000
34 2.140000
34 0.590000
34 0.620000
34 0.580000
34 0.870000
34 0.590000
34 0.820000
34 0.670000
34 0.650000
34 0.760000
34 0.520000
34 1.320000
34 0.640000
34 1.030000
34 0.540000
34 0.630000
34 0.630000
34 1.060000
34 1.010000
34 0.640000
34 0.720000
34 1.060000
34 1.060000
34 1.190000
34 0.560000
34 1.380000
34 0.940000
34 0.560000
34 1.050000
34 0.570000
34 0.590000
34 1.020000
34 0.550000
34 0.570000
34 1.090000
34 0.640000
34 0.530000
34 0.860000
34 0.530000
34 0.920000
34 0.580000
34 0.550000
34 0.850000
34 0.600000
34 0.580000
34 1.840000
34 0.560000
34 1.260000
34 0.690000
34 0.530000
34 0.580000
34 2.020000
34 0.670000
34 0.780000
34 0.970000
34 0.510000
34 0.600000
34 0.560000
34 0.780000
34 0.910000
34 0.570000
34 0.640000
34 0.600000
34 1.130000
34 1.120000
34 0.770000
34 0.650000
34 1.640000
34 1.300000
34 0.670000
34 0.610000
34 0.500000
34 0.680000
34 0.530000
34 0.780000
34 1.270000
34 1.920000
34 0.740000
34 0.660000
34 1.100000
34 0.600000
34 0.630000
34 0.720000
34 0.870000
34 1.150000
34 0.510000
34 0.710000
34 2.290000
34 0.690000
34 0.550000
34 0.770000
34 0.610000
34 0.660000
34 0.930000
34 0.560000
34 0.740000
34 2.920000
34 0.610000
34 0.660000
34 0.650000
34 1.120000
34 0.550000
34 0.530000
34 0.900000
34 0.680000
34 0.770000
34 2.360000
34 0.900000
34 0.730000
34 0.970000
34 0.730000
34 0.980000
34 0.550000
34 0.610000
34 0.680000
34 0.640000
34 0.700000
34 6.330000
34 1.820000
34 0.540000
34 0.810000
34 0.930000
34 1.120000
34 0.960000
34 1.240000
34 0.520000
34 0.530000
34 0.810000
34 0.690000
34 0.740000
34 0.920000
34 0.640000
34 0.630000
34 0.690000
34 1.740000
34 0.550000
34 1.050000
34 0.650000
34 2.160000
34 1.030000
34 0.640000
34 0.590000
34 0.560000
34 0.770000
34 1.340000
34 0.820000
34 3.000000
34 0.530000
34 0.870000
34 0.560000
34 0.690000
34 0.970000
34 0.910000
34 0.530000
34 0.660000
34 0.660000
34 3.980000
34 0.580000
34 0.830000
34 0.710000
34 0.670000
34 0.640000
34 0.530000
34 0.730000
34 0.600000
34 0.570000
34 0.590000
34 0.530000
34 1.340000
34 0.940000
34 0.540000
34 0.730000
34 0.750000
34 1.510000
34 0.680000
34 0.690000
34 0.580000
34 0.970000
34 0.710000
34 0.760000
34 0.590000
34 1.230000
34 0.980000
34 1.760000
34 1.890000
34 0.740000
34 0.700000
34 0.720000
34 0.590000
34 0.720000
34 0.970000
34 0.540000
34 0.640000
34 0.680000
34 0.600000
34 1.570000
34 0.980000
34 1.140000
34 0.620000
34 0.600000
34 0.590000
34 1.760000
34 0.810000
34 1.040000
34 0.990000
34 1.060000
35 0.810000
35 1.230000
35 0.550000
35 1.360000
35 0.810000
35 0.660000
35 1.300000
35 0.510000
35 0.660000
35 1.120000
35 1.630000
35 0.650000
35 0.640000
35 0.830000
35 0.940000
35 0.670000
35 0.650000
35 0.700000
35 1.040000
35 1.020000
35 0.710000
35 0.530000
35 0.790000
35 0.990000
35 0.540000
35 0.880000
35 2.730000
35 1.090000
35 0.560000
35 1.610000
35 2.170000
35 1.040000
35 0.820000
35 0.830000
35 0.650000
35 0.720000
35 1.530000
35 0.840000
35 0.730000
35 0.860000
35 0.750000
35 0.840000
35 0.760000
35 0.590000
35 0.880000
35 0.680000
35 1.210000
35 0.770000
35 0.700000
35 0.840000
35 0.670000
35 0.610000
35 0.640000
35 0.800000
35 0.500000
35 0.680000
35 0.690000
35 1.940000
35 0.750000
35 0.770000
35 0.950000
35 0.640000
35 0.690000
35 0.830000
35 0.770000
35 0.580000
35 0.730000
35 3.390000
35 0.620000
35 0.560000
35 0.650000
35 0.550000
35 0.850000
35 0.830000
35 1.990000
35 0.600000
35 1.000000
35 0.560000
35 0.780000
35 0.590000
35 0.530000
35 1.740000
35 0.750000
35 1.050000
35 0.680000
35 1.510000
35 0.640000
35 1.930000
35 0.620000
35 1.360000
35 0.670000
35 1.050000
35 2.410000
35 0.730000
35 0.630000
35 1.020000
35 2.230000
35 0.850000
35 0.780000
35 1.260000
35 0.730000
35 0.760000
35 0.520000
35 2.050000
35 1.640000
35 0.600000
35 0.750000
35 0.710000
35 0.600000
35 0.800000
35 0.870000
35 1.480000
35 1.570000
35 0.940000
35 0.690000
35 0.540000
35 0.540000
35 1.560000
35 0.660000
35 1.220000
35 1.570000
35 0.620000
35 0.580000
35 0.880000
35 0.680000
35 0.520000
35 0.940000
35 1.100000
35 0.590000
35 0.680000
35 0.750000
35 0.790000
35 1.030000
35 1.490000
35 0.900000
35 0.930000
35 0.480000
35 0.610000
35 1.050000
35 0.950000
35 0.630000
35 0.650000
35 0.510000
35 0.810000
35 0.920000
35 0.580000
35 0.630000
35 0.610000
35 0.720000
35 0.590000
35 0.670000
35 0.640000
35 0.720000
35 0.680000
35 0.620000
35 1.750000
35 1.240000
35 0.520000
35 0.620000
35 1.300000
35 0.630000
35 1.130000
35 1.320000
35 1.140000
35 0.770000
35 3.550000
35 0.910000
35 0.880000
35 0.930000
35 0.680000
35 0.790000
35 2.280000
35 0.630000
35 1.230000
35 0.980000
35 0.730000
35 0.590000
35 0.610000
35 0.820000
35 0.810000
35 0.560000
35 2.130000
35 1.200000
35 0.660000
35 0.680000
35 1.170000
35 1.260000
35 0.840000
35 0.600000
35 0.590000
35 0.820000
35 0.820000
35 0.560000
35 0.830000
35 0.750000
35 0.640000
35 0.620000
35 0.730000
35 0.890000
35 0.610000
35 0.700000
35 1.530000
35 1.190000
35 0.700000
35 0.710000
35 0.580000
35 0.820000
35 0.600000
35 1.000000
35 0.680000
35 0.720000
35 0.610000
35 0.830000
35 1.060000
35 1.420000
35 0.920000
35 0.700000
35 1.240000
35 0.840000
35 0.900000
35 0.780000
35 0.820000
35 1.480000
35 1.210000
35 1.390000
35 1.090000
35 0.580000
35 2.860000
35 0.770000
35 0.930000
35 0.600000
35 0.700000
35 1.930000
35 0.810000
35 2.070000
35 0.800000
35 0.740000
35 0.840000
35 5.570000
35 0.640000
35 0.650000
35 0.640000
35 1.420000
35 0.670000
35 0.550000
35 0.820000
35 0.640000
35 0.820000
35 2.420000
35 0.780000
35 0.710000
35 0.710000
35 1.670000
35 1.000000
35 0.610000
35 0.580000
35 0.610000
35 1.120000
35 1.050000
35 0.930000
35 2.270000
35 1.110000
35 0.670000
35 0.670000
35 0.600000
35 2.050000
35 1.040000
35 0.990000
35 0.740000
35 0.740000
35 0.560000
35 0.510000
35 0.860000
35 1.370000
35 0.790000
35 0.580000
35 0.660000
35 0.820000
35 0.690000
35 0.960000
35 0.820000
35 0.580000
35 0.650000
35 0.530000
35 0.650000
35 0.630000
35 0.830000
35 1.390000
35 0.640000
35 0.790000
35 1.200000
35 0.800000
35 0.770000
35 0.600000
35 1.390000
35 0.560000
35 0.860000
35 1.350000
35 0.950000
35 0.760000
35 0.740000
35 0.610000
35 0.550000
35 0.550000
35 0.830000
35 1.010000
35 1.070000
35 0.870000
35 0.560000
35 2.920000
35 1.100000
35 2.230000
35 1.250000
35 0.670000
35 1.600000
35 0.990000
35 0.620000
35 0.570000
35 0.530000
35 0.900000
35 0.620000
35 2.230000
35 0.980000
35 0.860000
35 0.630000
35 0.720000
35 1.120000
35 0.630000
35 0.970000
35 1.830000
35 0.890000
35 1.980000
35 0.760000
35 0.560000
35 0.600000
35 0.530000
35 1.060000
35 0.550000
35 1.090000
35 0.690000
35 0.910000
35 0.660000
35 1.050000
35 0.690000
36 0.700000
36 1.980000
36 0.780000
36 0.830000
36 0.860000
36 0.840000
36 0.830000
36 0.860000
36 0.910000
36 1.150000
36 0.660000
36 2.890000
36 0.580000
36 1.890000
36 0.790000
36 0.640000
36 0.750000
36 0.870000
36 0.700000
36 1.000000
36 0.760000
36 2.000000
36 0.690000
36 0.590000
36 1.680000
36 4.130000
36 0.910000
36 0.860000
36 1.300000
36 0.500000
36 0.790000
36 1.020000
36 0.560000
36 0.620000
36 0.960000
36 0.690000
36 1.030000
36 0.760000
36 1.430000
36 1.150000
36 0.560000
36 0.640000
36 1.280000
36 1.900000
36 1.510000
36 0.620000
36 3.560000
36 2.860000
36 4.020000
36 0.800000
36 0.990000
36 0.700000
36 0.590000
36 0.820000
36 0.610000
36 2.590000
36 1.470000
36 0.960000
36 1.710000
36 0.810000
36 1.810000
36 0.930000
36 1.120000
36 0.670000
36 0.950000
36 0.880000
36 0.630000
36 0.590000
36 1.770000
36 1.020000
36 0.780000
36 8.810000
36 0.630000
36 0.900000
36 0.950000
36 0.930000
36 1.130000
36 0.960000
36 1.280000
36 1.110000
36 1.020000
36 0.730000
36 0.560000
36 0.720000
36 0.850000
36 0.600000
36 0.570000
36 0.540000
36 0.980000
36 1.190000
36 0.700000
36 1.010000
36 1.530000
36 0.780000
36 0.700000
36 0.520000
36 2.040000
36 1.470000
36 0.640000
36 0.700000
36 0.600000
36 0.640000
36 0.670000
36 0.580000
36 0.990000
36 0.640000
36 0.740000
36 1.320000
36 0.870000
36 1.060000
36 0.660000
36 0.610000
36 0.860000
36 2.490000
36 0.560000
36 1.090000
36 0.840000
36 1.260000
36 0.740000
36 0.570000
36 2.780000
36 1.020000
36 0.760000
36 0.620000
36 1.150000
36 1.230000
36 0.630000
36 0.900000
36 1.270000
36 4.180000
36 1.070000
36 1.800000
36 1.120000
36 1.050000
36 0.650000
36 0.640000
36 0.770000
36 0.960000
36 2.700000
36 1.380000
36 1.420000
36 0.800000
36 0.600000
36 1.230000
36 0.650000
36 1.180000
36 0.920000
36 0.980000
36 0.850000
36 0.910000
36 0.920000
36 0.850000
36 0.820000
36 2.140000
36 1.550000
36 2.240000
36 0.670000
36 0.670000
36 0.630000
36 0.810000
36 1.670000
36 0.910000
36 0.770000
36 0.850000
36 1.220000
36 0.650000
36 1.670000
36 0.710000
36 1.840000
36 0.580000
36 0.560000
36 0.660000
36 1.150000
36 1.290000
36 1.550000
36 0.830000
36 1.280000
36 1.220000
36 0.560000
36 0.840000
36 0.590000
36 1.030000
36 1.020000
36 0.570000
36 1.990000
36 0.780000
36 0.710000
36 0.660000
36 0.930000
36 1.670000
36 0.750000
36 1.340000
36 0.750000
36 0.780000
36 1.330000
36 0.870000
36 2.810000
36 1.090000
36 0.540000
36 0.820000
36 0.750000
36 2.430000
36 0.690000
36 1.220000
36 1.010000
36 0.550000
36 1.420000
36 0.620000
36 1.280000
36 0.780000
36 0.770000
36 0.530000
36 0.710000
36 0.900000
36 0.960000
36 0.640000
36 0.590000
36 0.590000
36 0.860000
36 0.780000
36 1.240000
36 0.710000
36 1.090000
36 2.650000
36 0.660000
36 1.070000
36 0.890000
36 0.960000
36 0.830000
36 0.580000
36 0.970000
36 1.350000
36 0.710000
36 0.660000
36 0.670000
36 0.730000
36 1.690000
36 1.020000
36 0.720000
36 0.740000
36 0.580000
36 2.270000
36 1.220000
36 0.670000
36 0.480000
36 0.600000
36 0.620000
36 0.990000
36 0.940000
36 0.960000
36 0.600000
36 0.690000
36 0.610000
36 1.160000
36 0.690000
36 0.700000
36 0.870000
36 0.590000
36 0.700000
36 0.700000
36 0.560000
36 1.290000
36 0.940000
36 1.440000
36 0.650000
36 0.650000
36 0.590000
36 0.600000
36 0.530000
36 0.860000
36 0.740000
36 0.820000
36 0.530000
36 1.060000
36 0.720000
36 0.570000
36 1.300000
36 0.910000
36 0.560000
36 1.600000
36 0.660000
36 0.650000
36 1.160000
36 0.770000
36 1.450000
36 0.620000
36 0.590000
36 0.760000
36 0.770000
36 1.440000
36 1.020000
36 0.740000
36 0.770000
36 0.860000
36 1.550000
36 0.680000
36 0.810000
36 1.040000
36 0.600000
36 1.330000
36 0.820000
36 1.260000
36 1.730000
36 0.610000
36 1.300000
36 0.550000
36 0.840000
36 1.090000
36 0.600000
36 0.710000
36 0.800000
36 0.650000
36 0.620000
36 0.750000
36 0.620000
36 3.540000
36 0.600000
36 1.010000
36 0.690000
36 1.180000
36 1.630000
36 1.200000
36 1.310000
36 0.700000
36 1.030000
36 0.870000
36 0.680000
36 0.950000
36 0.630000
36 0.680000
36 0.650000
36 0.760000
36 0.630000
36 0.830000
36 0.690000
36 1.000000
36 2.600000
36 1.370000
36 0.630000
36 0.560000
36 1.160000
36 3.120000
36 0.580000
36 0.810000
36 0.960000
36 0.620000
36 0.700000
36 0.790000
36 0.930000
36 0.800000
36 0.520000
36 1.190000
36 0.770000
36 0.900000
36 2.660000
36 0.770000
36 2.750000
36 0.530000
36 1.520000
36 0.980000
36 0.600000
36 1.580000
36 1.490000
36 0.830000
36 0.560000
36 1.500000
36 0.700000
36 1.440000
36 1.870000
36 2.710000
36 0.580000
36 0.620000
36 1.920000
36 1.030000
36 1.060000
36 1.100000
36 1.280000
36 0.700000
36 0.950000
36 1.250000
36 1.400000
36 0.710000
36 0.900000
36 0.660000
36 0.810000
36 0.620000
36 0.950000
36 0.640000
36 1.390000
36 0.680000
36 0.630000
36 0.570000
36 1.190000
36 1.480000
36 1.980000
36 0.660000
36 1.100000
36 1.030000
36 0.980000
36 0.840000
36 1.100000
36 0.560000
36 1.930000
36 0.640000
36 0.930000
36 0.950000
36 1.090000
36 1.140000
36 0.900000
36 0.830000
36 0.610000
36 0.620000
36 0.650000
36 1.650000
36 0.640000
36 0.580000
36 1.320000
36 1.040000
36 0.680000
37 0.730000
37 1.180000
37 1.500000
37 0.590000
37 3.970000
37 0.950000
37 0.930000
37 1.210000
37 0.690000
37 0.860000
37 1.140000
37 1.370000
37 1.070000
37 0.880000
37 0.590000
37 2.110000
37 0.680000
37 0.530000
37 0.870000
37 0.710000
37 1.800000
37 1.570000
37 1.350000
37 1.030000
37 1.560000
37 1.640000
37 1.390000
37 0.610000
37 0.910000
37 0.830000
37 0.940000
37 1.300000
37 1.060000
37 0.750000
37 1.030000
37 0.540000
37 0.720000
37 1.150000
37 1.000000
37 2.200000
37 1.930000
37 1.730000
37 0.670000
37 1.570000
37 0.780000
37 1.070000
37 0.820000
37 0.740000
37 0.560000
37 0.510000
37 0.760000
37 3.300000
37 2.710000
37 1.290000
37 0.950000
37 1.470000
37 1.270000
37 0.630000
37 1.570000
37 2.100000
37 1.910000
37 0.670000
37 0.600000
37 0.530000
37 0.600000
37 1.530000
37 0.750000
37 0.650000
37 0.650000
37 0.910000
37 6.590000
37 0.610000
37 0.840000
37 0.770000
37 0.750000
37 0.770000
37 0.960000
37 1.040000
37 0.730000
37 0.960000
37 0.960000
37 1.500000
37 1.010000
37 1.150000
37 0.860000
37 0.890000
37 0.690000
37 1.020000
37 1.850000
37 0.590000
37 2.940000
37 1.020000
37 0.780000
37 0.730000
37 3.900000
37 3.790000
37 0.740000
37 0.580000
37 0.600000
37 1.130000
37 0.990000
37 1.230000
37 1.340000
37 1.890000
37 0.810000
37 1.260000
37 0.740000
37 1.180000
37 1.280000
37 1.980000
37 0.890000
37 1.400000
37 2.050000
37 1.090000
37 0.870000
37 1.020000
37 2.200000
37 0.740000
37 0.840000
37 0.700000
37 0.710000
37 1.460000
37 1.040000
37 2.070000
37 1.380000
37 0.510000
37 0.570000
37 1.090000
37 0.740000
37 1.840000
37 0.830000
37 0.680000
37 0.720000
37 0.760000
37 0.660000
37 1.020000
37 0.660000
37 0.610000
37 0.960000
37 0.870000
37 1.170000
37 0.590000
37 0.620000
37 1.260000
37 0.750000
37 1.360000
37 0.970000
37 0.790000
37 0.810000
37 0.690000
37 0.740000
37 0.600000
37 2.030000
37 0.650000
37 2.490000
37 0.730000
37 0.920000
37 0.670000
37 0.530000
37 1.190000
37 0.610000
37 0.920000
37 1.960000
37 1.310000
37 0.860000
37 0.840000
37 1.150000
37 1.520000
37 0.810000
37 0.800000
37 1.860000
37 0.820000
37 0.660000
37 1.840000
37 1.670000
37 0.640000
37 1.090000
37 1.110000
37 0.610000
37 0.760000
37 0.820000
37 0.640000
37 1.250000
37 0.870000
37 1.710000
37 0.730000
37 0.900000
37 0.900000
37 1.130000
37 0.740000
37 0.960000
37 0.720000
37 2.670000
37 1.450000
37 0.880000
37 0.860000
37 1.270000
37 1.050000
37 1.040000
37 0.570000
37 0.720000
37 1.720000
37 0.670000
37 0.790000
37 1.780000
37 0.820000
37 0.700000
37 5.020000
37 3.960000
37 0.660000
37 4.490000
37 1.080000
37 0.610000
37 1.480000
37 0.630000
37 2.500000
37 0.830000
37 1.210000
37 0.690000
37 0.700000
37 3.640000
37 0.540000
37 0.660000
37 1.310000
37 2.160000
37 0.590000
37 0.770000
37 1.000000
37 2.220000
37 1.070000
37 1.370000
37 0.540000
37 0.680000
37 0.780000
37 0.900000
37 0.820000
37 0.790000
37 1.520000
37 0.900000
37 2.110000
37 0.730000
37 0.930000
37 1.490000
37 0.710000
37 1.200000
37 0.620000
37 0.620000
37 0.710000
37 1.190000
37 0.830000
37 0.530000
37 0.680000
37 1.330000
37 1.130000
37 0.810000
37 1.400000
37 1.190000
37 1.010000
37 0.860000
37 0.950000
37 0.650000
37 0.730000
37 1.600000
37 1.290000
37 1.270000
37 1.750000
37 1.070000
37 0.900000
37 0.890000
37 0.590000
37 0.600000
37 0.830000
37 0.690000
37 0.690000
37 1.120000
37 0.640000
37 1.050000
37 0.610000
37 0.690000
37 0.650000
37 1.210000
37 0.610000
37 0.550000
37 1.070000
37 1.170000
37 1.090000
37 1.120000
37 0.730000
37 0.800000
37 2.200000
37 7.020000
37 1.490000
37 5.230000
37 0.760000
37 2.040000
37 1.780000
37 1.020000
37 0.770000
37 0.700000
37 1.850000
37 0.640000
37 2.850000
37 1.170000
37 1.100000
37 0.600000
37 1.860000
37 1.210000
37 1.030000
37 2.310000
37 1.120000
37 0.690000
37 0.600000
37 1.210000
37 0.800000
37 1.470000
37 0.710000
37 0.950000
37 0.990000
37 0.620000
37 0.880000
37 1.230000
37 1.580000
37 0.770000
37 2.830000
37 1.000000
37 0.540000
37 0.890000
37 0.760000
37 0.780000
37 1.180000
37 0.920000
37 0.910000
37 0.770000
37 0.680000
37 1.400000
37 0.560000
37 0.560000
37 0.580000
37 0.540000
37 0.580000
37 1.610000
37 0.680000
37 0.580000
37 0.590000
37 3.110000
37 0.730000
37 0.580000
37 1.460000
37 1.140000
37 0.560000
37 0.740000
37 2.160000
37 0.710000
37 0.890000
37 5.380000
37 1.010000
37 0.800000
37 1.240000
37 0.830000
37 2.730000
37 0.670000
37 1.720000
37 0.830000
37 0.780000
37 0.940000
37 2.650000
37 0.740000
37 1.170000
37 1.310000
37 2.390000
37 1.260000
37 2.480000
37 0.780000
37 0.630000
37 0.710000
37 0.500000
37 0.720000
37 1.260000
37 0.650000
37 0.560000
37 0.620000
37 1.080000
37 1.380000
37 1.750000
37 2.050000
37 1.550000
37 0.630000
37 0.890000
37 1.170000
37 0.630000
37 1.340000
37 0.670000
37 0.940000
37 1.290000
37 1.190000
37 0.710000
37 0.620000
37 0.900000
37 2.030000
37 1.220000
37 0.700000
37 0.700000
37 0.760000
37 0.670000
37 0.900000
37 3.140000
37 1.170000
37 0.840000
37 1.830000
37 0.750000
37 2.070000
37 0.620000
37 0.970000
37 1.190000
37 0.980000
37 0.710000
37 0.950000
37 0.640000
37 1.090000
37 1.030000
37 3.290000
37 1.130000
37 3.070000
37 1.730000
37 0.790000
37 1.820000
37 0.730000
37 1.180000
37 2.620000
37 2.580000
37 1.150000
37 1.020000
37 0.610000
37 1.110000
37 0.630000
37 1.020000
37 0.760000
37 0.770000
37 2.240000
37 1.280000
37 0.560000
37 0.670000
37 0.710000
37 1.730000
37 0.870000
37 0.700000
37 0.740000
37 1.230000
37 1.470000
37 0.740000
37 0.920000
37 0.630000
37 2.990000
37 0.650000
37 1.200000
37 1.430000
37 1.320000
37 0.800000
37 0.760000
37 2.450000
37 1.020000
37 1.550000
37 1.980000
37 4.690000
37 0.840000
37 0.640000
37 0.700000
37 0.820000
37 1.140000
37 0.560000
37 1.260000
37 0.590000
37 0.590000
37 1.750000
37 0.810000
37 1.580000
37 0.990000
37 0.770000
37 0.890000
37 0.730000
37 1.140000
37 0.760000
37 1.320000
37 1.180000
37 2.780000
37 0.740000
