#n running-time
34 0.090000
34 0.090000
34 0.080000
35 0.120000
35 0.140000
35 0.110000
35 0.090000
35 0.080000
35 0.080000
35 0.080000
35 0.120000
35 0.100000
35 0.080000
35 0.160000
35 0.080000
35 0.100000
35 0.340000
35 0.080000
35 0.080000
35 0.090000
35 0.090000
36 0.090000
36 0.150000
36 0.070000
36 0.080000
36 0.130000
36 0.080000
36 0.080000
36 0.090000
36 0.130000
36 0.100000
36 0.130000
36 0.100000
36 0.120000
36 0.090000
36 0.120000
36 0.080000
36 0.090000
36 0.080000
36 0.080000
36 0.130000
36 0.120000
36 0.110000
36 0.080000
36 0.080000
36 0.130000
36 0.110000
36 0.120000
36 0.150000
36 0.080000
36 0.140000
36 0.080000
36 0.110000
36 0.090000
36 0.120000
36 0.080000
36 0.100000
36 0.130000
36 0.090000
36 0.080000
36 0.080000
36 0.090000
36 0.150000
37 0.110000
37 0.090000
37 0.080000
37 0.080000
37 0.140000
37 0.120000
37 0.090000
37 0.490000
37 0.080000
37 0.080000
37 0.100000
37 0.090000
37 0.080000
37 0.080000
37 0.090000
37 0.090000
37 0.450000
37 0.090000
37 0.220000
37 0.070000
37 0.080000
37 0.100000
37 0.090000
37 0.080000
37 0.110000
37 0.100000
37 0.100000
37 0.080000
37 0.090000
37 0.160000
37 0.700000
37 0.090000
37 0.080000
37 0.110000
37 0.260000
37 0.080000
37 0.070000
37 0.110000
37 0.090000
37 0.090000
37 0.090000
37 0.110000
37 0.120000
37 0.070000
37 0.140000
37 0.070000
37 0.090000
37 0.150000
37 0.080000
37 0.090000
37 0.110000
37 0.080000
37 0.290000
37 0.090000
37 0.100000
37 0.080000
37 0.090000
37 0.140000
37 0.100000
37 0.080000
37 0.080000
37 0.110000
37 0.080000
37 0.110000
37 0.080000
37 0.090000
37 0.080000
37 0.150000
37 0.290000
37 0.090000
37 0.110000
37 0.090000
37 0.090000
37 0.080000
37 0.160000
37 0.100000
37 0.080000
37 0.080000
37 0.090000
37 0.090000
37 0.140000
37 0.080000
37 0.110000
37 0.120000
37 0.150000
37 0.080000
37 0.250000
37 0.090000
37 0.090000
37 0.070000
37 0.080000
37 0.090000
37 0.080000
37 0.300000
37 0.070000
37 0.080000
37 0.120000
37 0.550000
37 0.070000
37 0.270000
37 0.090000
37 0.110000
37 0.080000
37 0.080000
37 0.080000
37 0.090000
37 0.090000
37 0.150000
37 0.080000
37 0.100000
37 0.080000
37 0.090000
37 0.230000
37 0.080000
37 0.100000
37 0.090000
37 0.160000
37 0.080000
37 0.130000
37 0.080000
37 0.110000
37 0.100000
37 0.100000
37 0.080000
37 0.090000
37 0.700000
37 0.140000
37 0.100000
37 0.100000
37 0.120000
37 0.080000
37 0.080000
37 0.100000
37 0.230000
37 0.090000
37 0.100000
37 0.180000
37 0.170000
38 0.080000
38 0.150000
38 0.080000
38 0.170000
38 0.170000
38 0.080000
38 0.090000
38 0.090000
38 0.130000
38 0.100000
38 0.080000
38 0.080000
38 0.110000
38 0.120000
38 0.080000
38 0.150000
38 0.080000
38 0.090000
38 0.080000
38 0.090000
38 0.100000
38 0.080000
38 0.160000
38 0.090000
38 0.080000
38 0.090000
38 0.090000
38 0.420000
38 0.220000
38 0.080000
38 0.110000
38 0.090000
38 0.080000
38 0.120000
38 0.120000
38 0.120000
38 0.100000
38 0.080000
38 0.080000
38 0.090000
38 0.100000
38 0.080000
38 0.080000
38 0.080000
38 0.080000
38 0.080000
38 0.080000
38 0.170000
38 0.090000
38 0.080000
38 0.160000
38 0.100000
38 0.090000
38 0.240000
38 0.080000
38 0.090000
38 0.100000
38 0.200000
38 0.080000
38 0.130000
38 0.140000
38 0.200000
38 0.160000
38 0.080000
38 0.080000
38 1.170000
38 0.100000
38 0.180000
38 0.240000
38 0.080000
38 0.090000
38 0.090000
38 0.080000
38 0.140000
38 0.080000
38 0.080000
38 0.090000
38 0.100000
38 0.080000
38 0.090000
38 0.110000
38 0.080000
38 0.110000
38 0.080000
38 0.300000
38 0.170000
38 0.090000
38 0.080000
38 0.110000
38 0.110000
38 0.270000
38 0.110000
38 0.100000
38 0.070000
38 0.080000
38 0.120000
38 0.090000
38 0.120000
38 0.090000
38 0.100000
38 0.110000
38 0.090000
38 0.080000
38 0.080000
38 0.370000
38 0.140000
38 0.090000
38 0.080000
38 0.090000
38 0.080000
38 0.120000
38 0.120000
38 0.080000
38 0.120000
38 0.120000
38 0.090000
38 0.120000
38 0.190000
38 0.120000
38 0.080000
38 0.100000
38 0.090000
38 0.110000
38 0.080000
38 0.110000
38 0.100000
38 0.080000
38 0.080000
38 0.090000
38 0.090000
38 0.130000
38 0.120000
38 0.140000
38 0.110000
38 0.100000
38 0.170000
38 0.160000
38 0.080000
38 0.160000
38 0.170000
38 0.080000
38 0.090000
38 0.130000
38 0.110000
38 0.110000
38 0.100000
38 0.080000
38 0.080000
38 0.090000
38 0.080000
38 0.120000
38 0.120000
38 0.120000
38 0.080000
38 0.130000
38 0.080000
38 0.080000
38 0.180000
38 0.100000
38 0.080000
38 0.100000
38 0.110000
38 0.110000
38 0.110000
38 0.080000
38 0.090000
38 0.100000
38 0.080000
38 0.120000
38 0.080000
38 0.090000
38 0.220000
38 0.090000
38 0.240000
38 0.130000
38 0.240000
38 0.180000
38 0.090000
38 0.080000
38 0.080000
38 0.150000
38 0.110000
38 0.080000
38 0.080000
38 0.090000
38 0.100000
38 0.090000
38 0.120000
38 0.850000
38 0.130000
38 0.090000
38 0.110000
38 0.090000
38 0.080000
38 0.120000
38 0.100000
38 0.080000
38 0.080000
38 0.090000
38 0.160000
38 0.110000
38 0.100000
38 0.080000
38 0.080000
38 0.090000
38 0.230000
38 0.080000
38 0.090000
38 0.140000
38 0.080000
38 0.100000
38 0.080000
38 0.160000
38 0.100000
38 0.090000
38 0.090000
38 0.090000
38 0.110000
38 0.090000
38 0.150000
38 0.090000
38 0.110000
38 0.220000
38 0.090000
38 0.090000
38 0.080000
38 0.110000
38 0.080000
38 0.130000
38 0.090000
38 0.080000
38 0.090000
38 0.080000
38 0.110000
38 0.160000
38 0.190000
38 0.140000
38 0.100000
38 0.090000
38 0.120000
38 0.080000
38 0.090000
38 0.090000
38 0.200000
38 0.080000
38 0.090000
38 0.100000
38 0.400000
38 0.080000
38 0.080000
38 0.160000
38 0.090000
38 0.190000
38 0.120000
38 0.170000
38 0.100000
38 0.090000
38 0.080000
38 0.090000
38 0.080000
38 0.150000
38 0.110000
38 0.080000
38 0.140000
38 0.100000
38 0.090000
39 0.110000
39 0.160000
39 0.080000
39 0.080000
39 0.080000
39 0.150000
39 0.090000
39 0.080000
39 0.080000
39 0.090000
39 0.300000
39 0.100000
39 0.080000
39 0.090000
39 0.080000
39 0.090000
39 0.100000
39 0.200000
39 0.110000
39 0.080000
39 0.110000
39 0.090000
39 0.080000
39 0.080000
39 0.090000
39 0.650000
39 0.080000
39 0.090000
39 0.160000
39 0.130000
39 0.190000
39 0.440000
39 0.150000
39 0.170000
39 0.190000
39 0.110000
39 0.080000
39 0.080000
39 0.100000
39 0.100000
39 0.110000
39 0.080000
39 0.170000
39 0.080000
39 0.080000
39 0.120000
39 0.080000
39 0.160000
39 0.090000
39 0.130000
39 0.080000
39 0.100000
39 0.090000
39 0.100000
39 0.090000
39 0.080000
39 0.110000
39 0.140000
39 0.090000
39 0.080000
39 0.100000
39 0.090000
39 0.100000
39 0.080000
39 0.130000
39 0.080000
39 0.090000
39 0.110000
39 0.090000
39 0.090000
39 0.090000
39 0.140000
39 0.130000
39 0.110000
39 0.090000
39 0.160000
39 0.100000
39 0.080000
39 0.110000
39 0.080000
39 0.080000
39 0.110000
39 0.080000
39 0.100000
39 0.090000
39 0.080000
39 0.120000
39 0.120000
39 0.110000
39 0.090000
39 0.190000
39 0.110000
39 0.130000
39 0.090000
39 0.110000
39 0.090000
39 0.120000
39 0.210000
39 0.100000
39 0.070000
39 0.080000
39 0.110000
39 0.100000
39 0.140000
39 0.110000
39 0.110000
39 0.080000
39 0.100000
39 0.110000
39 0.110000
39 0.090000
39 0.320000
39 0.100000
39 0.170000
39 0.120000
39 0.090000
39 0.110000
39 0.100000
39 0.130000
39 0.120000
39 0.130000
39 0.080000
39 0.240000
39 0.090000
39 0.200000
39 0.090000
39 0.160000
39 0.080000
39 0.090000
39 0.080000
39 0.080000
39 0.560000
39 0.090000
39 0.090000
39 0.110000
39 0.120000
39 0.110000
39 0.130000
39 0.100000
39 0.090000
39 0.250000
39 0.130000
39 0.120000
39 0.080000
39 0.090000
39 0.100000
39 0.130000
39 0.080000
39 0.110000
39 0.090000
39 0.110000
39 0.100000
39 0.100000
39 0.100000
39 0.090000
39 0.270000
39 0.080000
39 0.080000
39 0.110000
39 0.120000
39 0.100000
39 0.150000
39 0.080000
39 0.130000
39 0.080000
39 0.100000
39 0.100000
39 0.080000
39 0.090000
39 0.100000
39 0.180000
39 0.370000
39 0.080000
39 0.090000
39 0.110000
39 0.100000
39 0.090000
39 0.080000
39 0.090000
39 0.100000
39 0.100000
39 0.100000
39 0.090000
39 0.180000
39 0.230000
39 0.080000
39 0.510000
39 0.120000
39 0.110000
39 0.080000
39 0.080000
39 0.080000
39 0.080000
39 0.100000
39 0.130000
39 0.110000
39 0.090000
39 0.100000
39 0.090000
39 0.110000
39 0.080000
39 0.080000
39 0.090000
39 0.130000
39 0.090000
39 0.100000
39 0.140000
39 0.190000
39 0.080000
39 0.140000
39 0.130000
39 0.120000
39 0.100000
39 0.080000
39 0.240000
39 0.100000
39 0.080000
39 0.080000
39 0.080000
39 0.080000
39 0.090000
39 0.120000
39 0.260000
39 0.080000
39 0.090000
39 0.090000
39 0.090000
39 0.130000
39 0.120000
39 0.110000
39 0.120000
39 0.140000
39 0.130000
39 0.430000
39 0.080000
39 0.140000
39 0.130000
39 0.080000
39 0.190000
39 0.210000
39 0.150000
39 0.240000
39 0.090000
39 0.120000
39 0.130000
39 0.110000
39 0.170000
39 0.090000
39 0.080000
39 0.080000
39 0.120000
39 0.100000
39 0.110000
39 0.130000
39 0.200000
39 0.090000
39 0.090000
39 0.090000
39 0.140000
39 0.150000
39 0.120000
39 0.110000
39 0.090000
39 0.090000
39 0.100000
39 0.080000
39 0.130000
39 0.110000
39 0.090000
39 0.080000
39 0.080000
39 0.130000
39 0.240000
39 0.110000
39 0.070000
39 0.080000
39 0.080000
39 0.080000
39 0.090000
39 0.110000
39 0.080000
39 0.110000
39 0.110000
39 0.110000
39 0.080000
39 0.110000
39 0.180000
39 0.110000
39 0.080000
39 0.170000
39 0.100000
39 0.080000
39 0.200000
39 0.080000
39 0.140000
39 0.140000
39 0.140000
39 0.110000
39 0.080000
39 0.110000
39 0.170000
39 0.090000
39 0.090000
39 0.090000
39 0.090000
39 0.130000
39 0.120000
39 0.080000
39 0.110000
39 0.100000
39 0.080000
39 0.110000
39 0.090000
39 0.130000
39 0.170000
39 0.080000
39 0.110000
39 0.200000
39 0.090000
39 0.130000
39 0.200000
39 0.080000
39 0.150000
39 0.080000
39 0.100000
39 0.090000
39 0.100000
39 0.080000
39 0.170000
39 0.110000
39 0.090000
39 0.240000
39 0.160000
39 0.130000
39 0.200000
39 0.150000
39 0.080000
39 0.100000
39 0.090000
39 0.080000
39 0.120000
39 0.100000
39 0.090000
39 0.130000
39 0.100000
39 0.120000
39 0.130000
39 0.170000
39 0.150000
39 0.090000
39 0.110000
39 0.080000
39 0.090000
39 0.080000
39 0.120000
39 0.110000
39 0.080000
39 0.210000
39 0.090000
39 0.090000
39 0.080000
39 0.090000
39 0.100000
39 0.210000
39 0.100000
39 0.080000
39 0.110000
39 0.100000
39 0.120000
39 0.140000
39 0.080000
39 0.090000
39 0.080000
39 0.080000
39 0.130000
39 0.100000
39 0.090000
39 0.090000
39 0.130000
39 0.130000
39 0.150000
39 0.400000
39 0.150000
39 0.100000
39 0.470000
39 0.150000
39 0.100000
39 0.120000
39 0.090000
39 0.420000
39 0.080000
39 0.110000
39 0.140000
39 0.100000
39 0.080000
39 0.080000
39 0.080000
39 0.190000
39 0.140000
39 0.070000
39 0.090000
39 0.100000
39 0.090000
39 0.100000
39 0.080000
39 0.110000
40 0.100000
40 0.100000
40 0.110000
40 0.100000
40 0.090000
40 0.080000
40 0.190000
40 0.100000
40 0.080000
40 0.090000
40 0.110000
40 0.090000
40 0.090000
40 0.680000
40 0.230000
40 0.090000
40 0.180000
40 0.360000
40 0.080000
40 0.090000
40 0.220000
40 0.130000
40 0.230000
40 0.160000
40 0.080000
40 0.120000
40 0.220000
40 0.150000
40 0.130000
40 0.110000
40 0.080000
40 0.090000
40 0.090000
40 0.100000
40 0.080000
40 0.100000
40 0.120000
40 0.160000
40 0.170000
40 0.090000
40 0.090000
40 0.110000
40 0.090000
40 0.160000
40 0.080000
40 0.080000
40 0.110000
40 0.090000
40 0.090000
40 0.090000
40 0.120000
40 0.080000
40 0.130000
40 0.160000
40 0.240000
40 0.080000
40 0.090000
40 0.150000
40 0.180000
40 0.110000
40 0.090000
40 0.490000
40 0.130000
40 0.130000
40 0.090000
40 0.140000
40 0.100000
40 0.130000
40 0.170000
40 0.110000
40 0.080000
40 0.150000
40 0.100000
40 0.190000
40 0.080000
40 0.090000
40 0.110000
40 0.130000
40 0.240000
40 0.130000
40 0.230000
40 0.090000
40 0.090000
40 0.140000
40 0.100000
40 0.160000
40 0.070000
40 0.080000
40 0.080000
40 0.080000
40 0.110000
40 0.100000
40 0.080000
40 0.080000
40 0.130000
40 0.130000
40 0.090000
40 0.100000
40 0.190000
40 0.090000
40 0.100000
40 0.100000
40 0.140000
40 0.110000
40 0.080000
40 0.110000
40 0.090000
40 0.140000
40 0.080000
40 0.080000
40 0.100000
40 0.130000
40 0.110000
40 0.150000
40 0.090000
40 0.130000
40 0.130000
40 0.140000
40 0.120000
40 0.110000
40 0.090000
40 0.090000
40 0.100000
40 0.080000
40 0.110000
40 0.100000
40 0.170000
40 0.110000
40 0.150000
40 0.140000
40 0.090000
40 0.100000
40 0.200000
40 0.100000
40 0.080000
40 0.140000
40 0.080000
40 0.110000
40 0.080000
40 0.160000
40 0.120000
40 0.090000
40 0.180000
40 0.110000
40 0.080000
40 0.140000
40 0.090000
40 0.080000
40 0.080000
40 0.130000
40 0.110000
40 0.100000
40 0.100000
40 0.080000
40 0.110000
40 0.160000
40 0.070000
40 0.110000
40 0.160000
40 0.110000
40 0.090000
40 0.200000
40 0.190000
40 0.210000
40 0.090000
40 0.080000
40 0.120000
40 0.080000
40 0.140000
40 0.080000
40 0.100000
40 0.150000
40 0.230000
40 0.080000
40 0.220000
40 0.120000
40 0.080000
40 0.110000
40 0.090000
40 0.250000
40 0.280000
40 0.140000
40 0.120000
40 0.100000
40 0.090000
40 0.180000
40 0.100000
40 0.100000
40 0.090000
40 0.080000
40 0.100000
40 0.090000
40 0.080000
40 0.130000
40 0.120000
40 0.150000
40 0.080000
40 0.100000
40 0.690000
40 0.180000
40 0.090000
40 0.090000
40 0.090000
40 0.120000
40 0.130000
40 0.180000
40 0.170000
40 0.120000
40 0.130000
40 0.430000
40 0.150000
40 0.090000
40 0.080000
40 0.110000
40 0.080000
40 0.240000
40 0.090000
40 0.100000
40 0.180000
40 0.080000
40 0.100000
40 0.080000
40 0.200000
40 0.100000
40 0.090000
40 0.170000
40 0.090000
40 0.200000
40 0.310000
40 0.080000
40 0.260000
40 0.100000
40 0.120000
40 0.270000
40 0.100000
40 0.090000
40 0.100000
40 0.080000
40 0.080000
40 0.080000
40 0.100000
40 0.100000
40 0.090000
40 0.160000
40 0.130000
40 0.120000
40 0.110000
40 0.100000
40 0.080000
40 0.230000
40 0.100000
40 0.070000
40 0.120000
40 0.100000
40 0.080000
40 0.090000
40 0.080000
40 0.080000
40 0.110000
40 0.080000
40 0.100000
40 0.110000
40 0.080000
40 0.100000
40 0.100000
40 0.090000
40 0.080000
40 0.200000
40 0.090000
40 0.150000
40 0.190000
40 0.270000
40 0.110000
40 0.200000
40 0.100000
40 0.080000
40 0.090000
40 0.110000
40 0.120000
40 0.080000
40 0.100000
40 0.080000
40 0.090000
40 0.080000
40 0.080000
40 0.080000
40 0.200000
40 0.090000
40 0.100000
40 0.090000
40 0.180000
40 0.090000
40 0.160000
40 0.120000
40 0.090000
40 0.080000
40 0.090000
40 0.350000
40 0.190000
40 0.090000
40 0.150000
40 0.100000
40 0.110000
40 0.130000
40 0.160000
40 0.090000
40 0.090000
40 0.100000
40 0.140000
40 0.090000
40 0.150000
40 0.080000
40 0.100000
40 0.090000
40 0.090000
40 0.090000
40 0.110000
40 0.260000
40 0.100000
40 0.120000
40 0.080000
40 0.140000
40 0.090000
40 0.100000
40 0.080000
40 0.110000
40 0.080000
40 0.100000
40 0.090000
40 0.090000
40 0.100000
40 0.150000
40 0.190000
40 0.240000
40 0.110000
40 0.090000
40 0.120000
40 0.150000
40 0.090000
40 0.130000
40 0.100000
40 0.080000
40 0.080000
40 0.100000
40 0.100000
40 0.100000
40 0.270000
40 0.090000
40 0.110000
40 0.150000
40 0.130000
40 0.090000
40 0.160000
40 0.170000
40 0.090000
40 0.100000
40 0.130000
40 0.220000
40 0.160000
40 0.100000
40 0.120000
40 0.120000
40 0.090000
40 0.120000
40 0.080000
40 0.080000
40 0.080000
40 0.090000
40 0.150000
40 0.100000
40 0.190000
40 0.080000
40 0.100000
40 0.090000
40 0.080000
40 0.090000
40 0.090000
40 0.100000
40 0.090000
40 0.110000
40 0.080000
40 0.090000
40 0.100000
40 0.080000
40 0.080000
40 0.080000
40 0.080000
40 0.280000
40 0.170000
40 0.100000
40 0.210000
40 0.090000
40 0.190000
40 0.090000
40 0.100000
40 0.080000
40 0.110000
40 0.150000
40 0.160000
40 0.090000
40 0.090000
40 0.090000
40 0.090000
40 0.080000
40 0.150000
40 0.080000
40 0.120000
40 0.100000
40 0.110000
40 0.080000
40 0.210000
40 0.100000
40 4.690000
40 0.250000
40 0.130000
40 0.090000
40 0.080000
40 0.100000
40 0.120000
40 0.080000
40 0.130000
40 0.080000
40 0.080000
40 0.090000
40 0.090000
40 0.110000
40 0.090000
40 0.190000
40 0.110000
40 0.270000
40 0.120000
40 0.090000
40 0.110000
40 0.120000
40 0.090000
40 0.080000
40 0.140000
40 0.130000
40 0.110000
40 0.210000
40 0.170000
40 0.210000
40 0.090000
40 0.080000
40 0.120000
40 0.110000
40 0.100000
40 0.090000
40 0.090000
40 0.110000
40 0.190000
40 0.100000
40 0.080000
40 0.100000
40 0.360000
40 0.080000
40 0.160000
40 0.080000
40 0.330000
40 0.090000
40 0.090000
40 0.130000
40 0.080000
40 0.080000
40 0.080000
40 0.080000
40 0.080000
40 0.080000
40 0.100000
40 0.420000
40 0.100000
40 0.110000
40 0.140000
40 0.080000
40 0.100000
40 0.080000
40 0.120000
40 0.190000
40 0.130000
40 0.110000
40 0.080000
41 0.130000
41 0.080000
41 0.080000
41 0.090000
41 0.080000
41 0.100000
41 0.130000
41 0.110000
41 0.080000
41 0.150000
41 0.090000
41 0.080000
41 0.210000
41 0.140000
41 0.090000
41 0.080000
41 0.120000
41 0.090000
41 0.110000
41 0.090000
41 0.090000
41 0.100000
41 0.300000
41 0.090000
41 0.230000
41 0.320000
41 0.080000
41 0.140000
41 0.080000
41 0.080000
41 0.110000
41 0.110000
41 0.250000
41 0.130000
41 0.080000
41 0.110000
41 0.120000
41 0.080000
41 0.150000
41 0.220000
41 0.080000
41 0.090000
41 0.230000
41 0.110000
41 0.310000
41 0.080000
41 0.080000
41 0.140000
41 0.100000
41 0.150000
41 0.080000
41 0.080000
41 0.080000
41 0.110000
41 0.090000
41 0.120000
41 0.420000
41 0.100000
41 0.240000
41 0.110000
41 0.090000
41 0.090000
41 0.100000
41 0.100000
41 0.100000
41 0.110000
41 0.210000
41 0.090000
41 0.140000
41 0.080000
41 0.120000
41 0.080000
41 0.090000
41 0.400000
41 0.120000
41 0.100000
41 0.100000
41 0.090000
41 0.090000
41 0.140000
41 0.100000
41 0.080000
41 0.090000
41 0.300000
41 0.100000
41 0.080000
41 0.090000
41 0.080000
41 0.100000
41 0.080000
41 0.080000
41 0.150000
41 0.180000
41 0.340000
41 0.320000
41 0.090000
41 0.090000
41 0.120000
41 0.440000
41 0.090000
41 0.080000
41 0.110000
41 0.090000
41 0.090000
41 0.090000
41 0.240000
41 0.090000
41 0.090000
41 0.100000
41 0.130000
41 0.480000
41 0.080000
41 0.120000
41 0.170000
41 0.080000
41 0.080000
41 0.290000
41 0.110000
41 0.150000
41 0.080000
41 0.080000
41 0.100000
41 0.080000
41 0.130000
41 0.400000
41 0.080000
41 0.080000
41 0.130000
41 0.120000
41 0.120000
41 0.100000
41 0.150000
41 0.100000
41 0.160000
41 0.110000
41 0.110000
41 0.320000
41 0.100000
41 0.120000
41 0.090000
41 0.080000
41 0.100000
41 0.130000
41 0.080000
41 0.100000
41 0.170000
41 0.170000
41 0.100000
41 0.120000
41 0.190000
41 0.090000
41 0.090000
41 0.140000
41 0.090000
41 0.100000
41 0.150000
41 0.180000
41 0.160000
41 0.170000
41 0.080000
41 0.080000
41 0.170000
41 0.100000
41 0.230000
41 0.150000
41 0.110000
41 0.090000
41 0.080000
41 0.110000
41 0.120000
41 0.100000
41 0.090000
41 0.120000
41 0.120000
41 0.090000
41 0.100000
41 0.140000
41 0.160000
41 0.140000
41 0.120000
41 0.120000
41 0.110000
41 0.110000
41 0.080000
41 0.230000
41 0.080000
41 0.160000
41 0.130000
41 0.100000
41 0.100000
41 0.300000
41 0.150000
41 0.120000
41 0.380000
41 0.230000
41 0.110000
41 0.090000
41 0.100000
41 0.330000
41 0.090000
41 0.100000
41 0.210000
41 0.140000
41 0.110000
41 0.120000
41 0.080000
41 0.080000
41 0.080000
41 0.310000
41 0.090000
41 0.320000
41 0.100000
41 0.110000
41 0.080000
41 0.160000
41 0.100000
41 0.090000
41 0.100000
41 0.650000
41 0.110000
41 0.110000
41 0.110000
41 0.190000
41 0.160000
41 0.150000
41 1.090000
41 0.080000
41 0.100000
41 0.100000
41 0.110000
41 0.100000
41 0.090000
41 0.400000
41 0.100000
41 0.100000
41 0.100000
41 0.110000
41 0.080000
41 0.130000
41 0.090000
41 0.420000
41 0.120000
41 0.250000
41 0.110000
41 0.120000
41 0.080000
41 0.190000
41 0.110000
41 0.080000
41 0.150000
41 0.080000
41 0.110000
41 0.080000
41 0.110000
41 0.120000
41 0.230000
41 0.110000
41 0.080000
41 0.130000
41 0.120000
41 0.080000
41 0.120000
41 0.160000
41 0.080000
41 0.120000
41 0.160000
41 0.120000
41 0.080000
41 0.090000
41 0.080000
41 0.130000
41 0.080000
41 0.100000
41 0.150000
41 0.100000
41 0.080000
41 0.140000
41 0.070000
41 0.090000
41 0.080000
41 0.100000
41 0.210000
41 0.130000
41 0.120000
41 0.090000
41 0.100000
41 0.080000
41 0.080000
41 0.080000
41 0.080000
41 0.250000
41 0.080000
41 0.080000
41 0.080000
41 0.100000
41 0.150000
41 0.120000
41 0.090000
41 0.190000
41 0.100000
41 0.100000
41 0.120000
41 0.070000
41 0.140000
41 0.080000
41 0.110000
41 0.100000
41 0.090000
41 0.120000
41 0.510000
41 0.240000
41 0.210000
41 0.080000
41 0.110000
41 0.090000
41 0.170000
41 0.090000
41 0.090000
41 0.290000
41 0.080000
41 0.100000
41 0.150000
41 0.120000
41 0.090000
41 0.240000
41 0.130000
41 0.110000
41 0.180000
41 0.090000
41 0.080000
41 0.550000
41 0.090000
41 0.110000
41 0.300000
41 0.090000
41 0.120000
41 0.080000
41 0.150000
41 0.150000
41 0.560000
41 0.140000
41 0.100000
41 0.110000
41 0.080000
41 0.100000
41 0.120000
41 0.180000
41 0.080000
41 0.090000
41 0.130000
41 0.080000
41 0.080000
41 0.090000
41 0.100000
41 0.090000
41 0.100000
41 0.090000
41 0.080000
41 0.140000
41 0.100000
41 0.100000
41 0.100000
41 0.110000
41 0.120000
41 0.100000
41 0.270000
41 0.100000
41 0.160000
41 0.080000
41 0.100000
41 0.090000
41 0.120000
41 0.120000
41 0.090000
41 0.650000
41 0.080000
41 0.090000
41 0.190000
41 0.090000
41 0.120000
41 0.080000
41 0.360000
41 0.110000
41 0.110000
41 0.080000
41 0.100000
41 0.100000
41 0.240000
41 0.110000
41 0.180000
41 0.080000
41 0.110000
41 0.090000
41 0.100000
41 0.190000
41 0.140000
41 0.080000
41 0.090000
41 0.120000
41 0.220000
41 0.170000
41 0.120000
41 0.100000
41 0.160000
41 0.090000
41 0.210000
41 0.080000
41 0.080000
41 0.840000
41 0.080000
41 0.540000
41 0.130000
41 0.530000
41 0.120000
41 0.140000
41 0.090000
41 0.080000
41 0.110000
41 0.100000
41 0.100000
41 0.310000
41 0.280000
41 0.110000
41 0.210000
41 0.100000
41 0.090000
41 0.080000
41 0.110000
41 0.090000
41 0.080000
41 0.110000
41 0.080000
41 0.150000
41 0.100000
41 0.080000
41 0.120000
41 0.320000
41 0.080000
41 0.080000
41 0.110000
41 0.090000
41 0.110000
41 0.080000
41 0.110000
41 0.200000
41 0.120000
41 0.180000
41 0.110000
41 0.090000
41 0.100000
41 0.100000
41 0.090000
41 0.100000
41 0.100000
41 0.090000
41 0.180000
41 0.080000
41 0.100000
41 0.080000
41 0.080000
41 0.570000
41 0.150000
41 0.100000
41 0.080000
41 0.080000
41 0.080000
41 0.080000
41 0.090000
41 0.130000
41 0.090000
41 0.230000
41 0.080000
41 0.080000
41 0.090000
41 0.080000
41 0.100000
41 0.170000
41 0.090000
41 0.080000
41 0.080000
41 0.080000
41 0.130000
41 0.110000
41 0.810000
41 0.210000
41 0.080000
41 0.210000
41 0.130000
41 0.180000
41 0.080000
41 0.090000
41 0.080000
41 0.140000
41 0.090000
41 0.120000
41 0.090000
41 0.170000
41 0.240000
41 0.080000
41 0.150000
41 0.080000
41 0.210000
41 0.140000
41 0.200000
41 0.150000
41 0.090000
41 0.090000
41 0.090000
41 0.080000
41 0.080000
41 0.080000
41 0.150000
41 0.090000
41 0.080000
41 0.090000
41 0.150000
41 0.100000
41 0.100000
41 0.090000
41 0.090000
41 0.110000
41 2.460000
41 0.090000
41 0.560000
41 0.140000
41 0.080000
41 0.120000
41 0.110000
41 0.130000
41 0.080000
41 0.290000
41 0.130000
41 0.350000
41 0.100000
41 0.110000
41 0.110000
41 0.290000
41 0.450000
41 0.090000
41 0.090000
41 0.110000
41 0.150000
41 0.080000
41 0.170000
41 0.210000
41 0.090000
41 0.090000
41 0.080000
41 0.100000
41 0.130000
41 0.080000
41 0.080000
41 0.110000
41 0.090000
41 0.120000
41 0.250000
41 0.110000
41 0.090000
41 0.080000
41 0.180000
41 0.140000
41 0.120000
41 0.160000
41 0.080000
41 0.220000
41 0.210000
41 0.180000
41 0.090000
