#n running-time
22 5.360000
22 3.060000
23 1.300000
23 13.590000
23 2.410000
23 1.480000
23 0.770000
23 2.420000
23 5.470000
23 2.830000
23 2.950000
24 4.030000
24 3.650000
24 2.350000
24 0.570000
24 3.790000
24 6.310000
24 2.800000
24 5.140000
24 6.730000
24 3.450000
24 2.900000
24 6.780000
24 2.560000
24 8.330000
24 6.620000
24 3.160000
24 4.360000
24 4.110000
24 3.450000
24 1.870000
24 0.870000
24 3.260000
24 1.260000
24 3.670000
24 2.620000
24 7.360000
24 7.090000
24 6.480000
24 2.740000
24 8.090000
24 1.930000
24 1.880000
24 4.970000
24 10.830000
24 2.750000
24 2.760000
24 2.760000
24 7.140000
25 0.720000
25 1.930000
25 3.320000
25 2.270000
25 7.040000
25 2.660000
25 13.870000
25 4.720000
25 4.040000
25 11.370000
25 1.770000
25 8.020000
25 5.290000
25 4.180000
25 4.280000
25 4.780000
25 3.430000
25 1.540000
25 5.420000
25 2.620000
25 3.870000
25 19.500000
25 5.300000
25 5.090000
25 6.840000
25 4.200000
25 2.630000
25 9.350000
25 4.580000
25 7.290000
25 2.540000
25 3.280000
25 2.670000
25 9.460000
25 3.820000
25 13.190000
25 2.320000
25 3.150000
25 5.760000
25 1.020000
25 8.290000
25 41.050000
25 8.410000
25 11.800000
25 7.890000
25 2.930000
25 5.330000
25 13.840000
25 2.230000
25 7.110000
25 8.690000
25 2.640000
25 9.810000
25 6.790000
25 2.560000
25 5.550000
25 6.530000
25 7.960000
25 1.330000
25 7.310000
25 1.520000
25 7.530000
25 61.050000
25 2.930000
25 9.710000
25 2.510000
25 2.840000
25 1.680000
25 3.300000
25 8.460000
25 5.320000
25 7.670000
25 1.920000
25 2.890000
25 5.700000
25 5.140000
25 0.680000
25 3.040000
25 2.380000
25 0.390000
25 0.790000
25 0.430000
25 1.510000
25 4.530000
25 4.350000
25 6.670000
25 5.420000
25 7.760000
25 8.840000
26 4.920000
26 1.400000
26 8.880000
26 6.960000
26 23.510000
26 6.480000
26 6.210000
26 9.590000
26 7.070000
26 3.340000
26 9.160000
26 2.380000
26 15.070000
26 4.620000
26 9.990000
26 3.960000
26 10.480000
26 1.100000
26 8.650000
26 21.050000
26 0.940000
26 6.100000
26 7.190000
26 11.890000
26 8.500000
26 4.720000
26 5.650000
26 23.740000
26 1.650000
26 2.570000
26 9.570000
26 5.170000
26 5.230000
26 20.380000
26 6.390000
26 1.630000
26 5.610000
26 4.480000
26 17.960000
26 2.490000
26 2.210000
26 11.730000
26 13.310000
26 4.040000
26 31.490000
26 15.810000
26 8.460000
26 6.030000
26 13.580000
26 3.690000
26 20.410000
26 0.800000
26 1.900000
26 7.020000
26 5.240000
26 4.440000
26 8.090000
26 21.220000
26 3.350000
26 27.530000
26 17.520000
26 8.530000
26 3.310000
26 3.580000
26 2.000000
26 2.860000
26 7.830000
26 4.150000
26 36.020000
26 4.930000
26 7.340000
26 1.580000
26 2.580000
26 14.800000
26 3.980000
26 8.710000
26 8.920000
26 4.320000
26 8.830000
26 17.910000
26 14.430000
26 2.090000
26 13.370000
26 7.680000
26 2.050000
26 30.390000
26 9.830000
26 3.020000
26 9.340000
26 6.710000
26 7.140000
26 1.010000
26 2.030000
26 0.780000
26 10.920000
26 9.440000
26 29.540000
26 4.640000
26 3.690000
26 4.630000
26 1.060000
26 8.470000
26 5.390000
26 25.330000
26 26.060000
26 5.010000
26 29.810000
26 0.580000
26 5.790000
26 6.780000
26 7.150000
26 19.660000
26 3.300000
26 6.470000
26 8.290000
26 22.840000
26 5.790000
26 5.950000
26 10.800000
26 9.610000
26 9.940000
26 4.920000
26 6.740000
26 7.170000
26 1.860000
26 6.430000
26 13.080000
26 3.800000
26 28.410000
26 24.960000
26 6.270000
26 2.340000
26 14.930000
26 20.070000
26 5.990000
26 4.420000
26 1.680000
26 10.190000
26 1.580000
26 5.980000
26 16.140000
26 11.250000
26 11.250000
26 28.840000
26 10.290000
26 7.360000
26 6.510000
26 8.810000
26 5.370000
26 7.120000
26 1.770000
26 6.300000
26 5.430000
26 23.810000
26 4.740000
26 8.830000
26 3.140000
26 1.800000
26 2.950000
26 0.700000
26 12.660000
26 2.330000
26 14.040000
26 11.990000
26 2.810000
26 12.650000
26 12.330000
26 5.900000
26 8.880000
26 8.430000
26 10.400000
26 8.280000
26 15.200000
26 1.180000
26 9.980000
26 1.520000
26 5.590000
26 3.270000
26 6.130000
26 3.200000
26 7.050000
26 5.010000
26 5.020000
26 8.880000
27 3.570000
27 4.120000
27 2.360000
27 6.020000
27 36.800000
27 14.140000
27 10.120000
27 4.060000
27 5.040000
27 10.760000
27 4.870000
27 2.040000
27 10.130000
27 4.350000
27 14.720000
27 6.260000
27 33.710000
27 4.040000
27 20.170000
27 15.150000
27 3.260000
27 3.620000
27 16.140000
27 11.490000
27 4.160000
27 9.980000
27 15.550000
27 3.270000
27 4.580000
27 13.260000
27 60.610000
27 5.120000
27 4.320000
27 7.550000
27 46.420000
27 29.640000
27 13.610000
27 92.550000
27 41.780000
27 11.160000
27 8.390000
27 25.330000
27 9.250000
27 24.150000
27 3.760000
27 1.390000
27 8.370000
27 5.700000
27 12.110000
27 5.460000
27 3.990000
27 7.520000
27 8.600000
27 9.990000
27 2.160000
27 22.490000
27 4.340000
27 17.910000
27 12.930000
27 10.540000
27 15.230000
27 9.250000
27 1.710000
27 5.840000
27 2.850000
27 8.580000
27 11.400000
27 8.930000
27 15.000000
27 14.410000
27 6.310000
27 5.710000
27 24.070000
27 6.720000
27 13.930000
27 2.650000
27 10.330000
27 17.230000
27 10.830000
27 5.150000
27 10.020000
27 27.120000
27 22.620000
27 5.780000
27 10.610000
27 3.210000
27 21.940000
27 12.490000
27 13.660000
27 3.960000
27 2.960000
27 9.560000
27 7.480000
27 17.370000
27 17.170000
27 4.640000
27 5.500000
27 2.560000
27 58.680000
27 3.010000
27 4.290000
27 8.650000
27 17.710000
27 46.750000
27 8.300000
27 8.590000
27 6.020000
27 5.540000
27 20.080000
27 7.980000
27 9.980000
27 3.720000
27 2.180000
27 9.530000
27 12.980000
27 5.060000
27 17.080000
27 1.240000
27 32.550000
27 8.240000
27 6.730000
27 19.710000
27 12.940000
27 10.150000
27 14.400000
27 11.650000
27 20.780000
27 9.880000
27 4.830000
27 6.460000
27 11.340000
27 4.830000
27 3.290000
27 8.210000
27 5.510000
27 3.950000
27 5.750000
27 3.920000
27 9.040000
27 21.820000
27 9.210000
27 2.600000
27 4.200000
27 2.350000
27 5.750000
27 33.300000
27 6.170000
27 12.420000
27 6.840000
27 13.460000
27 14.960000
27 4.700000
27 12.010000
27 10.190000
27 78.430000
27 7.670000
27 8.970000
27 4.330000
27 6.340000
27 2.700000
27 13.510000
27 7.820000
27 17.600000
27 9.880000
27 13.630000
27 1.630000
27 7.710000
27 9.980000
27 14.470000
27 5.810000
27 9.250000
27 4.940000
27 7.110000
27 2.900000
27 8.500000
27 3.760000
27 14.030000
27 5.160000
27 8.640000
27 3.840000
27 14.680000
27 17.490000
27 9.180000
27 4.520000
27 15.290000
27 6.110000
27 9.790000
27 5.990000
27 20.910000
27 22.660000
27 13.230000
27 7.560000
27 12.160000
27 19.860000
27 6.940000
27 22.190000
27 10.130000
27 27.150000
27 5.090000
27 12.470000
27 18.280000
27 6.250000
27 32.190000
27 24.220000
27 52.390000
27 3.660000
27 10.330000
27 2.340000
27 13.150000
27 9.930000
27 12.440000
27 14.560000
27 12.130000
27 17.420000
27 7.490000
27 3.950000
27 4.640000
27 4.500000
27 11.740000
27 10.890000
27 5.240000
27 4.590000
27 6.010000
27 38.480000
27 16.310000
27 18.300000
27 8.840000
27 8.740000
27 4.760000
27 9.740000
27 1.870000
27 12.030000
27 5.690000
27 5.100000
27 18.110000
27 1.720000
27 20.990000
27 5.790000
27 2.890000
27 9.850000
27 17.060000
27 5.850000
27 4.590000
27 37.950000
27 5.130000
27 8.880000
27 4.830000
27 8.680000
27 8.490000
27 5.150000
27 7.030000
27 25.740000
27 9.110000
27 19.990000
27 3.570000
27 41.720000
27 5.810000
27 9.760000
27 14.240000
27 12.070000
27 33.920000
27 31.790000
27 4.380000
27 45.560000
27 17.860000
27 28.980000
27 4.750000
27 6.150000
27 9.090000
27 14.550000
27 13.370000
27 6.490000
27 8.060000
27 4.610000
28 2.580000
28 7.410000
28 10.610000
28 5.430000
28 5.100000
28 11.060000
28 11.540000
28 2.820000
28 14.190000
28 12.800000
28 5.140000
28 18.320000
28 5.220000
28 3.780000
28 20.220000
28 19.520000
28 18.450000
28 5.310000
28 4.350000
28 6.700000
28 7.580000
28 6.960000
28 4.990000
28 33.860000
28 7.500000
28 2.550000
28 22.750000
28 15.150000
28 5.850000
28 8.240000
28 5.230000
28 4.300000
28 43.220000
28 12.820000
28 20.650000
28 13.840000
28 29.610000
28 10.880000
28 6.450000
28 28.770000
28 7.170000
28 9.880000
28 6.260000
28 42.680000
28 43.080000
28 9.800000
28 4.800000
28 2.220000
28 8.730000
28 6.310000
28 19.730000
28 22.900000
28 8.540000
28 4.090000
28 14.540000
28 7.260000
28 29.250000
28 5.220000
28 7.280000
28 26.790000
28 22.480000
28 18.430000
28 8.250000
28 7.550000
28 12.770000
28 18.180000
28 4.520000
28 4.940000
28 26.470000
28 21.970000
28 9.290000
28 14.650000
28 18.510000
28 56.030000
28 8.770000
28 14.930000
28 28.620000
28 21.180000
28 16.490000
28 10.270000
28 3.770000
28 7.240000
28 8.770000
28 14.590000
28 14.470000
28 9.370000
28 11.590000
28 17.810000
28 27.430000
28 15.020000
28 9.450000
28 3.970000
28 9.160000
28 7.860000
28 18.410000
28 25.940000
28 26.550000
28 18.470000
28 15.630000
28 30.820000
28 9.510000
28 30.480000
28 4.100000
28 6.850000
28 33.330000
28 31.400000
28 3.170000
28 48.800000
28 33.890000
28 6.060000
28 2.330000
28 12.880000
28 17.620000
28 30.990000
28 11.200000
28 6.300000
28 17.430000
28 11.730000
28 13.490000
28 29.230000
28 28.220000
28 19.850000
28 3.250000
28 5.020000
28 17.160000
28 32.900000
28 7.330000
28 10.280000
28 84.500000
28 5.250000
28 25.360000
28 7.080000
28 5.740000
28 30.130000
28 11.280000
28 5.610000
28 8.180000
28 20.320000
28 25.730000
28 6.340000
28 47.180000
28 8.850000
28 5.150000
28 6.730000
28 22.300000
28 48.730000
28 7.050000
28 17.110000
28 23.620000
28 22.470000
28 25.350000
28 23.270000
28 4.310000
28 29.780000
28 3.930000
28 10.270000
28 3.540000
28 5.050000
28 21.670000
28 6.820000
28 24.770000
28 1.750000
28 22.290000
28 1.800000
28 16.300000
28 20.200000
28 24.340000
28 35.530000
28 16.180000
28 1.710000
28 30.650000
28 8.360000
28 19.830000
28 25.600000
28 27.680000
28 21.710000
28 6.790000
28 27.780000
28 2.840000
28 8.520000
28 11.590000
28 1.600000
28 33.300000
28 38.610000
28 27.510000
28 18.300000
28 25.350000
28 71.300000
28 24.820000
28 4.490000
28 7.210000
28 9.020000
28 17.990000
28 11.840000
28 11.290000
28 26.660000
28 12.710000
28 7.070000
28 16.810000
28 2.630000
28 38.490000
28 2.560000
28 20.830000
28 24.970000
28 2.630000
28 7.700000
28 121.200000
28 7.140000
28 3.930000
28 14.470000
28 4.270000
28 21.920000
28 14.990000
28 4.830000
28 34.310000
28 9.170000
28 27.320000
28 7.140000
28 20.100000
28 9.200000
28 11.610000
28 6.530000
28 11.240000
28 3.200000
28 17.630000
28 5.840000
28 9.670000
28 4.100000
28 5.780000
28 14.530000
28 21.480000
28 31.300000
28 9.080000
28 5.610000
28 26.080000
28 13.080000
28 10.230000
28 13.590000
28 25.530000
28 23.370000
28 27.290000
28 15.680000
28 16.090000
28 15.630000
28 10.570000
28 11.100000
28 8.010000
28 10.920000
28 14.650000
28 11.700000
28 4.360000
28 5.920000
28 12.090000
28 9.470000
28 17.550000
28 5.380000
28 8.970000
28 21.480000
28 16.740000
28 26.940000
28 15.740000
28 2.630000
28 3.610000
28 10.910000
28 21.530000
28 7.680000
28 24.010000
28 27.670000
28 21.350000
28 16.570000
28 6.410000
28 12.120000
28 15.230000
28 15.560000
28 13.200000
28 2.770000
28 17.420000
28 3.970000
28 7.010000
28 26.990000
28 31.690000
28 6.570000
28 4.970000
28 16.420000
28 13.660000
28 8.730000
28 19.520000
28 15.230000
28 7.310000
28 9.960000
28 2.430000
28 15.480000
28 8.750000
28 9.040000
28 8.980000
28 9.100000
28 8.700000
28 12.740000
28 16.820000
28 5.110000
28 38.830000
28 20.410000
28 13.320000
28 5.610000
28 6.870000
28 61.810000
28 17.420000
28 15.620000
28 22.950000
28 4.910000
28 10.240000
28 16.830000
28 13.310000
28 12.030000
28 18.430000
28 10.870000
28 9.790000
28 10.560000
28 18.310000
28 40.740000
28 3.940000
28 17.220000
28 22.080000
28 61.500000
28 8.330000
28 63.080000
28 25.710000
28 20.960000
28 10.570000
28 2.460000
28 6.290000
28 4.770000
28 6.290000
28 9.860000
28 14.260000
28 9.620000
28 51.110000
28 7.590000
28 89.850000
28 6.580000
28 7.010000
28 6.070000
28 8.900000
28 27.030000
28 7.630000
28 39.230000
28 6.870000
28 5.910000
28 56.150000
28 3.630000
29 22.220000
29 18.480000
29 16.620000
29 20.280000
29 19.290000
29 15.480000
29 8.230000
29 14.100000
29 15.320000
29 11.320000
29 18.430000
29 31.780000
29 27.110000
29 7.760000
29 11.630000
29 4.470000
29 21.800000
29 16.660000
29 9.530000
29 6.440000
29 34.810000
29 11.240000
29 18.000000
29 39.390000
29 13.370000
29 36.210000
29 16.850000
29 2.970000
29 9.550000
29 25.430000
29 6.480000
29 70.590000
29 12.210000
29 10.950000
29 15.090000
29 25.500000
29 19.360000
29 50.950000
29 12.070000
29 12.590000
29 4.550000
29 11.810000
29 35.250000
29 12.490000
29 10.650000
29 11.150000
29 2.160000
29 8.040000
29 32.470000
29 2.340000
29 24.730000
29 43.420000
29 12.680000
29 8.210000
29 32.630000
29 6.310000
29 42.280000
29 23.890000
29 33.200000
29 17.300000
29 41.030000
29 14.900000
29 51.570000
29 10.130000
29 20.430000
29 35.700000
29 7.550000
29 19.700000
29 8.920000
29 2.550000
29 88.850000
29 38.170000
29 16.100000
29 22.210000
29 5.570000
29 40.390000
29 8.640000
29 19.970000
29 33.170000
29 29.220000
29 28.000000
29 9.390000
29 15.220000
29 18.470000
29 24.250000
29 35.360000
29 9.240000
29 11.420000
29 52.540000
29 52.840000
29 13.390000
29 34.930000
29 7.740000
29 2.870000
29 33.200000
29 6.690000
29 12.850000
29 5.900000
29 45.520000
29 29.800000
29 7.980000
29 16.320000
29 34.330000
29 8.460000
29 23.920000
29 10.810000
29 19.710000
29 40.430000
29 20.250000
29 6.200000
29 48.200000
29 13.040000
29 16.360000
29 8.740000
29 7.310000
29 29.580000
29 33.500000
29 12.170000
29 13.270000
29 23.910000
29 66.110000
29 75.770000
29 4.870000
29 11.540000
29 8.180000
29 6.510000
29 30.500000
29 67.990000
29 44.810000
29 3.570000
29 17.760000
29 19.480000
29 10.990000
29 63.580000
29 28.590000
29 33.600000
29 17.180000
29 44.870000
29 7.660000
29 14.880000
29 7.550000
29 9.340000
29 4.830000
29 19.670000
29 7.340000
29 35.230000
29 12.820000
29 13.730000
29 15.460000
29 28.790000
29 3.160000
29 10.680000
29 7.640000
29 5.660000
29 6.540000
29 29.590000
29 18.560000
29 6.000000
29 9.120000
29 6.210000
29 34.360000
29 12.400000
29 4.030000
29 10.190000
29 59.070000
29 23.070000
29 11.580000
29 4.820000
29 11.070000
29 62.740000
29 3.100000
29 39.410000
29 10.440000
29 24.500000
29 18.930000
29 50.710000
29 6.920000
29 9.150000
29 34.340000
29 8.920000
29 11.040000
29 4.990000
29 4.630000
29 11.190000
29 27.290000
29 19.530000
29 61.060000
29 11.640000
29 9.320000
29 4.590000
29 17.850000
29 8.060000
29 7.710000
29 19.020000
29 39.260000
29 35.420000
29 59.720000
29 10.700000
29 4.050000
29 12.560000
29 21.280000
29 4.280000
29 62.580000
29 9.280000
29 5.700000
29 11.580000
29 20.870000
29 19.340000
29 4.440000
29 13.070000
29 12.430000
29 14.170000
29 23.670000
29 30.920000
29 7.060000
29 40.390000
29 18.120000
29 18.670000
29 10.320000
29 5.510000
29 9.350000
29 5.300000
29 16.090000
29 18.170000
29 4.500000
29 28.930000
29 28.260000
29 9.730000
29 15.910000
29 14.970000
29 17.090000
29 18.450000
29 7.090000
29 2.710000
29 20.890000
29 41.980000
29 24.650000
29 12.190000
29 11.900000
29 7.080000
29 9.240000
29 14.200000
29 7.260000
29 6.820000
29 10.790000
29 15.170000
29 11.970000
29 20.500000
29 8.820000
29 7.540000
29 13.350000
29 27.970000
29 14.980000
29 12.380000
29 23.650000
29 27.260000
29 21.800000
29 8.000000
29 12.360000
29 8.470000
29 8.560000
29 9.050000
29 28.020000
29 14.700000
29 14.180000
29 14.300000
29 13.040000
29 19.600000
29 14.330000
29 57.730000
29 22.210000
29 5.480000
29 3.590000
29 12.060000
29 9.540000
29 20.580000
29 15.340000
29 23.760000
29 20.350000
29 11.790000
29 8.440000
29 18.540000
29 27.130000
29 18.850000
29 11.490000
29 21.310000
29 27.940000
29 28.570000
29 5.410000
29 3.360000
29 22.420000
29 22.230000
29 5.680000
29 13.030000
29 23.050000
29 17.910000
29 47.920000
29 29.070000
29 12.730000
29 10.580000
29 47.880000
29 27.430000
29 32.960000
29 7.750000
29 16.020000
29 12.590000
29 16.480000
29 55.580000
29 49.680000
29 15.770000
29 7.890000
29 21.280000
29 16.360000
29 12.970000
29 41.430000
29 26.490000
29 5.740000
29 15.460000
29 27.340000
29 15.840000
29 22.620000
29 15.150000
29 20.110000
29 29.260000
29 4.380000
29 15.990000
29 52.730000
29 6.670000
29 14.980000
29 51.020000
29 6.150000
29 36.990000
29 10.870000
29 6.240000
29 17.200000
29 26.860000
29 14.400000
29 4.180000
29 22.170000
29 20.600000
29 10.810000
29 4.170000
29 58.020000
29 11.850000
29 37.400000
29 28.040000
29 71.150000
29 10.760000
29 7.400000
29 11.470000
29 22.150000
29 6.020000
29 38.120000
29 13.180000
29 11.130000
29 6.460000
29 18.070000
29 7.670000
29 11.520000
29 8.130000
29 24.120000
29 4.420000
29 27.890000
29 10.000000
29 5.640000
29 36.870000
29 19.560000
29 8.990000
29 1.990000
29 14.020000
29 3.830000
29 19.330000
29 8.140000
29 9.340000
29 13.520000
29 8.480000
29 8.420000
29 14.110000
29 13.280000
29 11.550000
29 11.620000
29 5.300000
29 22.320000
29 5.460000
29 11.100000
29 6.650000
29 13.580000
29 12.210000
29 33.670000
29 15.490000
29 7.150000
29 90.640000
29 19.960000
29 11.280000
29 18.120000
29 24.960000
29 27.440000
29 16.950000
29 20.330000
29 11.820000
29 6.700000
29 16.320000
29 5.850000
29 13.910000
29 20.440000
29 8.540000
29 29.810000
29 5.910000
29 14.710000
29 37.730000
29 39.570000
29 11.880000
29 30.990000
29 16.950000
29 8.120000
30 57.980000
30 29.840000
30 16.470000
30 20.010000
30 22.030000
30 102.190000
30 86.050000
30 13.640000
30 5.540000
30 25.820000
30 29.110000
30 27.550000
30 11.780000
30 25.400000
30 56.580000
30 18.570000
30 46.470000
30 19.550000
30 16.510000
30 16.790000
30 15.070000
30 14.460000
30 10.130000
30 35.210000
30 40.770000
30 84.500000
30 37.050000
30 56.440000
30 22.720000
30 10.180000
30 45.130000
30 15.560000
30 24.390000
30 33.690000
30 10.970000
30 71.620000
30 85.680000
30 27.200000
30 28.240000
30 29.700000
30 24.500000
30 24.320000
30 26.320000
30 18.550000
30 17.760000
30 32.140000
30 9.100000
30 23.500000
30 6.320000
30 18.740000
30 26.990000
30 14.940000
30 34.200000
30 2.840000
30 23.260000
30 24.550000
30 6.960000
30 12.610000
30 30.790000
30 81.990000
30 21.300000
30 8.310000
30 7.850000
30 10.170000
30 14.540000
30 36.010000
30 10.870000
30 19.280000
30 55.380000
30 17.270000
30 17.840000
30 1.230000
30 33.980000
30 35.840000
30 37.960000
30 32.310000
30 13.870000
30 16.670000
30 12.260000
30 15.460000
30 36.910000
30 27.780000
30 24.880000
30 8.630000
30 5.040000
30 63.330000
30 21.980000
30 14.980000
30 11.180000
30 24.990000
30 31.110000
30 48.860000
30 7.250000
30 10.690000
30 22.500000
30 12.160000
30 23.470000
30 12.930000
30 38.950000
30 9.970000
30 6.570000
30 41.140000
30 31.940000
30 19.780000
30 6.570000
30 23.430000
30 21.860000
30 19.300000
30 32.910000
30 34.530000
30 20.110000
30 13.460000
30 11.430000
30 6.140000
30 27.390000
30 5.040000
30 3.000000
30 23.760000
30 34.750000
30 22.800000
30 14.780000
30 16.570000
30 31.030000
30 4.610000
30 16.820000
30 20.430000
30 37.620000
30 43.140000
30 9.830000
30 14.820000
30 46.070000
30 12.260000
30 27.630000
30 13.390000
30 12.210000
30 7.720000
30 22.300000
30 14.960000
30 18.410000
30 105.870000
30 19.270000
30 13.990000
30 10.030000
30 68.300000
30 4.990000
30 35.060000
30 25.500000
30 13.450000
30 25.750000
30 29.110000
30 8.330000
30 25.630000
30 12.540000
30 28.870000
30 36.770000
30 33.430000
30 23.300000
30 37.160000
30 56.810000
30 61.190000
30 60.010000
30 14.560000
30 67.480000
30 46.170000
30 27.650000
30 31.650000
30 9.770000
30 3.150000
30 21.130000
30 15.590000
30 34.020000
30 15.820000
30 15.430000
30 34.160000
30 8.840000
30 32.530000
30 11.080000
30 26.920000
30 12.270000
30 26.460000
30 66.210000
30 6.860000
30 29.580000
30 31.100000
30 15.690000
30 22.760000
30 32.250000
30 44.940000
30 20.350000
30 23.550000
30 17.500000
30 19.830000
30 7.270000
30 58.500000
30 13.820000
30 57.360000
30 35.690000
30 15.930000
30 8.890000
30 42.820000
30 17.860000
30 26.370000
30 29.120000
30 24.460000
30 81.370000
30 4.760000
30 11.910000
30 9.750000
30 13.580000
30 9.150000
30 11.230000
30 24.900000
30 54.530000
30 15.790000
30 16.830000
30 9.490000
30 43.730000
30 15.640000
30 15.450000
30 23.640000
30 21.330000
30 36.140000
30 49.840000
30 25.790000
30 29.540000
30 31.720000
30 16.190000
30 8.610000
30 13.990000
30 6.810000
30 33.320000
30 33.260000
30 8.530000
30 31.590000
30 20.570000
30 49.890000
30 20.500000
30 19.940000
30 28.030000
30 8.030000
30 12.750000
30 51.990000
30 25.430000
30 26.370000
30 6.910000
30 53.200000
30 7.260000
30 41.810000
30 11.840000
30 46.670000
30 25.270000
30 8.740000
30 25.010000
30 12.380000
30 19.610000
30 57.970000
30 21.830000
30 25.840000
30 92.470000
30 31.590000
30 61.770000
30 40.450000
30 63.630000
30 19.770000
30 37.490000
30 21.520000
30 3.730000
30 50.030000
30 28.160000
30 7.010000
30 89.220000
30 36.440000
30 28.470000
30 9.590000
30 25.230000
30 11.590000
30 19.310000
30 23.730000
30 54.250000
30 18.550000
30 12.500000
30 4.430000
30 32.990000
30 21.210000
30 16.730000
30 47.300000
30 34.820000
30 152.950000
30 89.310000
30 22.210000
30 20.760000
30 20.230000
30 28.640000
30 85.210000
30 20.960000
30 60.270000
30 39.490000
30 17.040000
30 38.730000
30 12.310000
30 40.690000
30 18.350000
30 14.940000
30 23.310000
30 5.840000
30 22.400000
30 13.500000
30 62.160000
30 16.690000
30 30.500000
30 101.790000
30 89.670000
30 12.400000
30 19.930000
30 13.550000
30 7.150000
30 36.420000
30 16.110000
30 37.020000
30 125.180000
30 31.190000
30 12.100000
30 38.800000
30 14.680000
30 17.340000
30 89.690000
30 7.550000
30 13.710000
30 10.180000
30 6.340000
30 5.250000
30 3.480000
30 20.490000
30 67.480000
30 66.600000
30 36.750000
30 33.760000
30 12.980000
30 9.440000
30 39.340000
30 8.050000
30 10.110000
30 27.780000
30 29.600000
30 12.990000
30 22.900000
30 11.310000
30 11.790000
30 11.750000
30 111.230000
30 17.250000
30 25.940000
30 21.770000
30 28.800000
30 34.310000
30 28.850000
30 23.640000
30 13.220000
30 11.880000
30 26.470000
30 24.630000
30 17.240000
30 27.430000
30 15.320000
30 5.300000
30 96.450000
30 19.210000
30 42.090000
30 63.780000
30 5.950000
30 22.010000
30 28.120000
30 22.760000
30 39.750000
30 3.630000
30 51.540000
30 19.120000
30 10.470000
30 4.710000
30 51.470000
30 55.630000
30 14.330000
30 10.690000
30 26.990000
30 47.540000
30 9.490000
30 29.880000
30 57.650000
30 7.790000
30 17.550000
30 13.520000
30 24.090000
30 10.600000
30 25.630000
30 58.860000
30 21.880000
30 5.890000
30 75.300000
30 28.520000
30 41.440000
30 47.930000
30 16.510000
30 7.130000
30 42.700000
30 19.130000
30 22.610000
30 76.360000
30 20.090000
30 17.600000
30 5.310000
30 81.270000
30 8.500000
30 25.370000
30 9.040000
30 20.280000
30 28.900000
30 36.730000
30 37.470000
30 29.110000
30 17.220000
30 29.820000
30 12.250000
30 17.030000
30 10.410000
30 28.100000
30 13.220000
30 29.550000
30 48.650000
30 10.900000
30 9.010000
30 35.110000
30 24.910000
30 4.650000
30 72.700000
30 35.750000
30 55.330000
30 18.510000
30 5.030000
30 43.430000
30 14.280000
30 11.140000
30 79.010000
30 14.140000
30 13.670000
30 18.230000
30 12.070000
30 50.810000
30 20.020000
30 24.590000
30 113.530000
30 6.660000
30 33.300000
30 8.640000
30 3.630000
30 47.740000
30 15.430000
30 12.000000
30 31.060000
30 22.190000
30 16.900000
30 24.780000
30 39.390000
30 56.340000
30 14.760000
30 21.330000
30 15.660000
30 14.920000
30 29.480000
30 7.300000
30 18.550000
30 81.010000
30 13.000000
30 37.810000
30 17.010000
