#n running-time
15 0.410000
16 0.420000
16 0.410000
16 0.480000
16 0.480000
16 0.470000
16 0.440000
16 0.470000
16 0.500000
16 0.490000
16 0.430000
16 0.420000
16 0.420000
16 0.490000
17 0.480000
17 0.450000
17 0.550000
17 0.440000
17 0.460000
17 0.490000
17 0.500000
17 0.460000
17 0.570000
17 0.530000
17 0.370000
17 0.600000
17 0.500000
17 0.580000
17 0.600000
17 0.470000
17 0.470000
17 0.520000
17 0.570000
17 0.470000
17 0.430000
17 0.470000
17 0.400000
17 0.430000
17 0.400000
17 0.500000
17 0.570000
17 0.440000
18 0.530000
18 0.500000
18 0.480000
18 0.680000
18 0.500000
18 0.590000
18 0.500000
18 0.590000
18 0.560000
18 0.460000
18 0.590000
18 0.460000
18 0.630000
18 0.410000
18 0.590000
18 0.460000
18 0.540000
18 0.380000
18 0.610000
18 0.520000
18 0.670000
18 0.420000
18 0.380000
18 0.720000
18 0.480000
18 0.460000
18 0.540000
18 0.560000
18 0.560000
18 0.600000
18 0.480000
18 0.490000
18 6.250000
18 0.610000
18 0.570000
18 0.630000
18 0.650000
18 0.580000
18 0.580000
18 0.420000
18 0.460000
18 0.410000
18 0.540000
18 0.510000
18 0.450000
18 0.460000
18 0.440000
18 0.490000
18 0.600000
18 0.440000
18 0.780000
18 0.450000
18 0.530000
18 0.480000
18 0.670000
18 0.630000
18 0.620000
18 0.430000
18 0.500000
18 0.610000
18 0.510000
18 0.530000
18 0.520000
18 0.550000
18 0.480000
18 0.590000
18 0.540000
18 0.660000
18 0.480000
18 0.430000
18 0.640000
18 0.480000
18 0.530000
18 0.730000
18 0.590000
18 0.590000
18 0.670000
18 0.600000
18 0.580000
18 0.850000
18 0.560000
18 0.610000
18 0.440000
18 0.600000
18 0.500000
18 0.540000
18 0.530000
18 0.610000
18 0.510000
18 0.490000
18 0.480000
18 0.440000
18 0.610000
18 0.460000
18 0.640000
18 0.450000
18 0.590000
18 0.570000
18 0.880000
18 0.980000
18 0.610000
18 0.540000
18 0.760000
18 0.700000
18 0.590000
18 0.710000
18 0.490000
19 0.490000
19 0.560000
19 0.580000
19 0.580000
19 0.640000
19 0.650000
19 0.490000
19 0.750000
19 0.600000
19 0.690000
19 0.500000
19 0.520000
19 0.510000
19 0.560000
19 0.650000
19 0.680000
19 0.590000
19 0.570000
19 0.580000
19 0.490000
19 0.510000
19 0.870000
19 0.530000
19 0.490000
19 0.650000
19 0.480000
19 0.390000
19 0.640000
19 0.570000
19 0.890000
19 0.830000
19 0.700000
19 0.680000
19 0.530000
19 0.630000
19 0.510000
19 0.640000
19 0.560000
19 0.490000
19 0.870000
19 0.770000
19 0.910000
19 0.740000
19 0.480000
19 0.560000
19 0.740000
19 0.540000
19 0.590000
19 0.440000
19 0.610000
19 0.630000
19 0.500000
19 0.630000
19 0.570000
19 0.750000
19 0.730000
19 0.520000
19 0.780000
19 0.570000
19 0.600000
19 0.740000
19 0.500000
19 0.620000
19 0.550000
19 0.900000
19 0.780000
19 0.670000
19 0.580000
19 0.550000
19 0.480000
19 0.590000
19 0.710000
19 0.450000
19 0.530000
19 0.630000
19 0.650000
19 0.910000
19 0.620000
19 0.540000
19 0.590000
19 0.720000
19 0.590000
19 0.470000
19 0.560000
19 0.510000
19 0.570000
19 0.540000
19 0.630000
19 0.570000
19 0.580000
19 0.490000
19 0.450000
19 0.490000
19 0.530000
19 0.590000
19 0.570000
19 0.570000
19 0.460000
19 0.650000
19 0.610000
19 0.640000
19 0.680000
19 0.490000
19 0.530000
19 1.000000
19 0.660000
19 0.520000
19 0.680000
19 0.660000
19 0.760000
19 0.670000
19 0.830000
19 0.720000
19 0.580000
19 0.550000
19 0.660000
19 0.460000
19 0.580000
19 0.500000
19 0.590000
19 0.510000
19 0.650000
19 0.610000
19 0.660000
19 0.720000
19 0.490000
19 0.600000
19 0.570000
19 0.580000
19 0.620000
19 0.540000
19 0.720000
19 0.560000
19 0.440000
19 0.640000
19 0.610000
19 0.890000
19 0.480000
19 0.470000
19 0.580000
19 0.470000
19 0.650000
19 0.540000
19 0.580000
19 0.990000
19 0.490000
19 0.610000
19 0.450000
19 0.650000
19 0.700000
19 0.800000
19 0.610000
19 0.630000
19 0.550000
19 0.740000
19 0.710000
19 1.190000
19 0.610000
19 0.640000
19 0.560000
19 0.540000
19 0.420000
19 0.500000
19 0.510000
19 0.610000
19 0.470000
19 0.510000
19 0.560000
19 0.640000
19 0.570000
19 0.850000
19 0.720000
19 0.540000
19 0.720000
19 0.560000
19 0.530000
19 0.620000
19 0.850000
19 0.550000
19 0.600000
19 0.490000
19 0.890000
19 0.590000
19 0.640000
19 0.610000
19 0.740000
19 0.590000
19 0.610000
19 0.510000
19 0.440000
19 0.670000
19 0.480000
19 1.160000
19 0.830000
19 0.700000
19 0.660000
19 0.500000
19 0.540000
19 0.460000
20 0.660000
20 0.550000
20 1.260000
20 0.790000
20 0.680000
20 0.800000
20 0.610000
20 0.630000
20 0.590000
20 0.630000
20 0.790000
20 0.840000
20 0.770000
20 0.640000
20 0.620000
20 0.610000
20 0.560000
20 1.220000
20 0.990000
20 1.250000
20 0.740000
20 0.800000
20 0.570000
20 1.050000
20 0.810000
20 0.540000
20 0.820000
20 0.580000
20 0.680000
20 0.660000
20 0.570000
20 0.650000
20 0.690000
20 1.440000
20 0.580000
20 1.260000
20 0.800000
20 0.550000
20 0.810000
20 0.550000
20 0.480000
20 1.140000
20 0.770000
20 0.560000
20 0.490000
20 0.600000
20 0.500000
20 1.080000
20 0.710000
20 0.760000
20 0.940000
20 0.870000
20 0.940000
20 0.680000
20 0.730000
20 0.730000
20 0.750000
20 1.050000
20 0.670000
20 0.520000
20 0.530000
20 0.540000
20 0.760000
20 0.660000
20 0.590000
20 0.650000
20 0.830000
20 0.820000
20 0.890000
20 1.080000
20 0.750000
20 0.560000
20 0.850000
20 0.690000
20 0.790000
20 0.500000
20 0.950000
20 0.760000
20 1.060000
20 0.760000
20 0.710000
20 0.740000
20 0.930000
20 0.710000
20 0.960000
20 0.790000
20 0.740000
20 0.710000
20 0.570000
20 0.780000
20 0.760000
20 0.890000
20 0.770000
20 1.010000
20 0.680000
20 1.530000
20 1.320000
20 0.510000
20 0.740000
20 0.880000
20 1.000000
20 0.750000
20 0.960000
20 0.860000
20 1.000000
20 1.730000
20 0.950000
20 1.590000
20 0.630000
20 0.590000
20 0.620000
20 1.040000
20 0.600000
20 0.570000
20 0.610000
20 0.920000
20 0.840000
20 0.670000
20 0.720000
20 0.700000
20 0.740000
20 0.600000
20 1.290000
20 0.790000
20 0.800000
20 0.890000
20 0.680000
20 0.580000
20 0.580000
20 0.600000
20 0.600000
20 0.700000
20 0.690000
20 0.690000
20 0.860000
20 0.580000
20 0.660000
20 0.690000
20 0.770000
20 0.810000
20 0.800000
20 0.540000
20 0.670000
20 0.470000
20 0.640000
20 0.530000
20 0.940000
20 0.460000
20 0.800000
20 0.600000
20 0.760000
20 0.780000
20 0.980000
20 0.950000
20 0.740000
20 0.600000
20 1.100000
20 0.580000
20 0.710000
20 0.640000
20 0.580000
20 0.470000
20 0.870000
20 0.840000
20 1.040000
20 0.870000
20 0.800000
20 0.560000
20 0.510000
20 0.560000
20 0.740000
20 1.040000
20 0.640000
20 0.970000
20 0.620000
20 0.900000
20 0.550000
20 1.060000
20 0.670000
20 0.890000
20 0.770000
20 0.810000
20 0.900000
20 0.670000
20 0.840000
20 0.880000
20 0.810000
20 0.570000
20 0.730000
20 0.680000
20 0.680000
20 0.610000
20 0.530000
20 0.850000
20 1.180000
20 0.790000
20 0.730000
20 0.790000
20 0.720000
20 0.800000
20 0.790000
20 0.670000
20 0.720000
20 0.560000
20 0.760000
20 1.150000
20 1.000000
20 0.630000
20 1.150000
20 0.580000
20 0.510000
20 0.680000
20 0.610000
20 0.770000
20 0.510000
20 0.560000
20 0.760000
20 0.860000
20 0.780000
20 0.680000
20 0.770000
20 0.800000
20 0.840000
20 0.840000
20 0.760000
20 0.940000
20 0.660000
20 0.580000
20 0.660000
20 0.530000
20 0.730000
20 1.490000
20 0.600000
20 0.750000
20 0.530000
20 0.450000
20 0.590000
20 0.960000
20 0.670000
20 0.650000
20 0.720000
20 0.710000
20 0.750000
20 0.760000
20 0.600000
20 0.620000
20 0.970000
20 4.420000
20 0.930000
20 0.540000
20 0.780000
20 0.540000
20 0.890000
20 0.430000
20 0.610000
20 0.960000
20 0.650000
20 0.720000
20 0.750000
20 0.610000
20 0.820000
20 0.680000
20 0.490000
20 0.580000
20 0.530000
20 1.260000
20 0.730000
20 0.760000
20 0.830000
20 0.670000
20 0.970000
20 1.060000
20 0.950000
20 0.550000
21 0.700000
21 0.980000
21 0.730000
21 0.750000
21 0.890000
21 1.270000
21 1.090000
21 0.950000
21 0.910000
21 1.470000
21 1.410000
21 1.180000
21 0.710000
21 0.830000
21 0.680000
21 1.460000
21 0.860000
21 0.680000
21 0.710000
21 0.780000
21 1.030000
21 0.940000
21 0.810000
21 0.810000
21 0.610000
21 1.890000
21 0.730000
21 0.860000
21 1.170000
21 1.250000
21 1.130000
21 0.630000
21 1.360000
21 0.730000
21 0.780000
21 0.630000
21 0.640000
21 1.340000
21 0.610000
21 0.720000
21 0.800000
21 0.980000
21 0.900000
21 0.970000
21 1.090000
21 0.730000
21 1.620000
21 0.970000
21 2.230000
21 0.960000
21 0.750000
21 1.090000
21 1.000000
21 0.570000
21 0.880000
21 1.030000
21 0.800000
21 0.740000
21 0.990000
21 0.550000
21 1.440000
21 0.930000
21 1.010000
21 1.240000
21 0.570000
21 0.920000
21 0.870000
21 0.930000
21 0.760000
21 1.490000
21 0.790000
21 1.290000
21 1.930000
21 0.490000
21 1.040000
21 1.420000
21 0.650000
21 0.790000
21 1.730000
21 0.630000
21 1.250000
21 0.770000
21 0.930000
21 0.920000
21 0.760000
21 0.910000
21 1.020000
21 1.090000
21 0.820000
21 0.670000
21 0.770000
21 1.140000
21 0.770000
21 0.880000
21 0.770000
21 1.150000
21 1.050000
21 0.850000
21 0.660000
21 1.110000
21 1.510000
21 0.640000
21 1.200000
21 0.780000
21 0.840000
21 1.020000
21 1.170000
21 0.690000
21 0.790000
21 1.220000
21 0.740000
21 0.850000
21 1.240000
21 0.860000
21 1.120000
21 1.240000
21 0.790000
21 1.020000
21 0.970000
21 1.030000
21 0.910000
21 0.950000
21 0.910000
21 0.890000
21 0.760000
21 0.860000
21 1.060000
21 0.680000
21 0.560000
21 1.200000
21 0.950000
21 1.100000
21 0.620000
21 0.840000
21 0.620000
21 0.970000
21 1.090000
21 1.940000
21 0.680000
21 0.890000
21 0.770000
21 0.780000
21 0.870000
21 1.250000
21 0.700000
21 0.850000
21 0.670000
21 0.950000
21 1.010000
21 0.610000
21 0.980000
21 1.100000
21 1.550000
21 1.100000
21 0.940000
21 0.820000
21 1.280000
21 1.470000
21 1.110000
21 0.580000
21 0.790000
21 0.990000
21 0.570000
21 1.040000
21 0.840000
21 1.000000
21 0.790000
21 1.320000
21 1.050000
21 0.720000
21 0.800000
21 1.070000
21 0.850000
21 0.870000
21 9.910000
21 1.210000
21 0.710000
21 1.240000
21 0.940000
21 0.740000
21 1.020000
21 1.390000
21 0.740000
21 1.120000
21 1.140000
21 1.100000
21 0.940000
21 1.090000
21 0.970000
21 0.840000
21 1.310000
21 0.640000
21 0.990000
21 0.900000
21 1.810000
21 0.990000
21 0.750000
21 0.710000
21 1.050000
21 1.280000
21 1.080000
21 1.370000
21 0.780000
21 1.180000
21 0.740000
21 2.200000
21 1.540000
21 1.170000
21 1.210000
21 1.340000
21 1.120000
21 0.890000
21 0.610000
21 0.710000
21 0.680000
21 0.790000
21 0.720000
21 0.690000
21 0.790000
21 0.790000
21 1.060000
21 0.830000
21 0.800000
21 1.170000
21 1.160000
21 0.780000
21 0.530000
21 0.590000
21 0.850000
21 0.530000
21 1.040000
21 2.270000
21 0.980000
21 1.170000
21 1.020000
21 0.880000
21 0.820000
21 0.850000
21 0.800000
21 0.910000
21 1.280000
21 0.930000
21 0.720000
21 1.190000
21 0.710000
21 0.700000
21 0.860000
21 0.790000
21 0.690000
21 0.960000
21 1.120000
21 0.780000
21 1.280000
21 0.740000
21 1.060000
21 0.870000
21 0.810000
21 0.830000
21 0.910000
21 0.820000
21 1.020000
21 0.760000
21 0.960000
21 1.180000
21 1.070000
21 0.680000
21 1.170000
21 0.700000
21 0.910000
21 0.600000
21 0.580000
21 0.950000
21 0.890000
21 0.790000
21 0.790000
21 0.640000
21 0.730000
21 0.930000
21 0.850000
21 1.140000
21 0.640000
21 0.480000
21 1.910000
21 1.010000
21 1.110000
21 0.760000
21 0.850000
21 1.090000
21 1.110000
21 0.760000
21 1.110000
21 1.130000
21 0.840000
21 0.870000
21 1.240000
21 0.620000
21 0.840000
21 0.500000
21 0.930000
21 0.900000
21 0.870000
21 0.830000
21 0.640000
21 0.680000
21 0.790000
21 1.050000
21 0.990000
21 0.790000
21 1.500000
21 0.690000
21 1.000000
21 0.890000
21 1.250000
21 1.130000
21 1.070000
21 0.650000
21 0.900000
21 1.070000
21 1.050000
21 1.440000
21 0.700000
21 0.650000
21 0.930000
21 0.910000
21 0.820000
21 0.720000
21 0.930000
21 1.030000
21 0.850000
21 0.630000
21 1.050000
21 0.750000
21 0.630000
21 0.570000
21 0.830000
21 0.930000
21 0.770000
21 1.450000
21 1.230000
21 0.490000
21 0.870000
21 0.950000
21 0.680000
21 0.950000
21 1.050000
21 1.020000
21 1.500000
21 0.980000
21 0.720000
21 0.810000
21 0.730000
21 22.800000
21 1.040000
21 0.820000
21 0.820000
21 0.720000
21 1.000000
21 1.250000
21 0.550000
21 0.870000
21 1.840000
21 0.670000
21 1.040000
21 0.830000
21 0.620000
21 0.590000
21 0.720000
21 1.180000
21 1.170000
21 0.770000
21 1.150000
21 1.370000
21 1.310000
21 0.770000
21 0.920000
21 1.490000
21 0.840000
21 0.830000
21 1.120000
21 0.970000
21 1.420000
21 0.910000
21 0.770000
21 0.770000
21 0.570000
21 0.950000
21 1.540000
21 0.950000
21 0.710000
21 1.220000
21 0.850000
21 1.060000
21 1.340000
21 0.690000
21 1.080000
21 0.790000
22 0.830000
22 0.800000
22 0.940000
22 1.060000
22 1.200000
22 1.470000
22 1.170000
22 1.360000
22 0.820000
22 0.720000
22 0.970000
22 1.050000
22 1.460000
22 1.100000
22 0.870000
22 1.010000
22 1.200000
22 2.540000
22 1.260000
22 0.990000
22 2.680000
22 0.930000
22 0.820000
22 1.930000
22 1.320000
22 1.050000
22 0.780000
22 1.640000
22 1.120000
22 1.090000
22 2.240000
22 0.900000
22 1.440000
22 1.870000
22 1.570000
22 0.940000
22 1.690000
22 0.850000
22 1.140000
22 0.720000
22 1.550000
22 0.770000
22 1.460000
22 1.660000
22 1.350000
22 0.890000
22 1.500000
22 0.900000
22 2.780000
22 1.820000
22 0.840000
22 1.900000
22 1.010000
22 2.390000
22 1.330000
22 1.380000
22 2.560000
22 1.560000
22 1.890000
22 1.060000
22 1.120000
22 1.220000
22 1.490000
22 1.340000
22 0.930000
22 0.880000
22 1.620000
22 0.840000
22 1.670000
22 1.850000
22 1.160000
22 1.030000
22 1.150000
22 0.830000
22 1.270000
22 2.010000
22 0.860000
22 1.120000
22 0.990000
22 1.040000
22 1.770000
22 1.300000
22 0.960000
22 2.070000
22 1.000000
22 0.910000
22 2.050000
22 0.910000
22 1.030000
22 1.180000
22 2.680000
22 2.000000
22 1.220000
22 0.830000
22 1.540000
22 0.610000
22 1.160000
22 0.800000
22 1.310000
22 1.210000
22 1.630000
22 0.580000
22 0.910000
22 2.580000
22 1.250000
22 1.120000
22 0.890000
22 3.730000
22 0.850000
22 1.070000
22 1.540000
22 1.220000
22 0.930000
22 1.160000
22 0.950000
22 1.970000
22 1.140000
22 2.650000
22 1.330000
22 1.320000
22 1.330000
22 1.230000
22 0.860000
22 0.970000
22 0.740000
22 1.050000
22 0.830000
22 1.160000
22 1.290000
22 0.760000
22 1.290000
22 1.180000
22 0.980000
22 1.090000
22 0.990000
22 0.870000
22 1.080000
22 2.210000
22 1.220000
22 1.180000
22 0.620000
22 1.810000
22 0.920000
22 1.080000
22 1.160000
22 0.950000
22 2.450000
22 2.540000
22 1.310000
22 0.890000
22 2.330000
22 1.460000
22 1.910000
22 1.120000
22 1.150000
22 1.130000
22 2.100000
22 1.140000
22 1.280000
22 1.330000
22 1.090000
22 1.830000
22 1.050000
22 1.150000
22 1.670000
22 0.900000
22 0.990000
22 1.030000
22 1.320000
22 1.180000
22 1.760000
22 1.040000
22 1.120000
22 1.200000
22 1.150000
22 1.000000
22 1.150000
22 0.800000
22 1.750000
22 0.820000
22 2.040000
22 0.810000
22 1.510000
22 0.810000
22 2.620000
22 2.350000
22 0.800000
22 2.350000
22 0.690000
22 1.080000
22 1.810000
22 1.880000
22 0.810000
22 1.520000
22 1.820000
22 0.680000
22 2.570000
22 1.260000
22 0.900000
22 0.820000
22 2.090000
22 1.200000
22 1.270000
22 1.550000
22 2.460000
22 3.300000
22 0.830000
22 1.490000
22 1.440000
22 1.170000
22 1.470000
22 1.280000
22 1.010000
22 1.670000
22 1.430000
22 1.050000
22 1.280000
22 1.730000
22 1.300000
22 0.960000
22 1.310000
22 0.780000
22 1.190000
22 1.640000
22 3.390000
22 1.350000
22 0.870000
22 1.100000
22 2.470000
22 1.540000
22 1.360000
22 1.220000
22 1.190000
22 1.180000
22 0.970000
22 1.730000
22 1.300000
22 1.050000
22 1.350000
22 1.160000
22 3.130000
22 0.790000
22 1.440000
22 1.170000
22 1.330000
22 0.940000
22 1.170000
22 0.810000
22 1.670000
22 0.880000
22 1.290000
22 2.000000
22 1.590000
22 0.890000
22 0.760000
22 1.760000
22 1.100000
22 1.340000
22 0.700000
22 1.270000
22 1.180000
22 0.730000
22 1.330000
22 1.280000
22 0.770000
22 2.060000
22 0.850000
22 1.020000
22 2.080000
22 1.220000
22 0.790000
22 1.230000
22 0.800000
22 1.590000
22 1.120000
22 2.310000
22 1.000000
22 0.960000
22 2.150000
22 0.740000
22 0.920000
22 0.880000
22 1.160000
22 1.710000
22 0.560000
22 1.210000
22 1.110000
22 0.930000
22 1.300000
22 1.510000
22 1.670000
22 1.040000
22 1.040000
22 1.340000
22 0.940000
22 1.210000
22 1.430000
22 0.960000
22 1.260000
22 0.660000
22 0.760000
22 1.120000
22 0.740000
22 0.820000
22 1.070000
22 1.430000
22 0.960000
22 1.980000
22 0.640000
22 1.020000
22 1.100000
22 1.280000
22 1.690000
22 1.260000
22 0.910000
22 1.890000
22 1.060000
22 1.240000
22 0.740000
22 1.910000
22 1.160000
22 1.940000
22 3.710000
22 0.770000
22 1.300000
22 1.400000
22 1.070000
22 1.110000
22 0.920000
22 1.520000
22 2.290000
22 1.640000
22 1.380000
22 1.320000
22 1.300000
22 1.300000
22 1.630000
22 0.800000
22 1.350000
22 1.770000
22 1.480000
22 1.450000
22 1.190000
22 0.840000
22 1.690000
22 1.040000
22 0.790000
22 2.000000
22 0.800000
22 0.800000
22 0.830000
22 2.370000
22 1.790000
22 0.810000
22 0.800000
22 1.600000
22 0.580000
22 1.770000
22 1.770000
22 0.930000
22 0.880000
22 1.620000
22 1.110000
22 1.450000
22 1.080000
22 1.890000
22 1.830000
22 0.810000
22 2.200000
22 0.850000
22 1.490000
22 0.710000
22 1.000000
22 0.680000
22 0.990000
22 1.270000
22 1.240000
22 1.180000
22 1.520000
22 1.200000
22 2.100000
22 1.100000
22 0.670000
22 1.590000
22 0.790000
22 0.710000
22 0.830000
22 0.870000
22 1.300000
22 0.830000
22 0.680000
22 0.950000
22 0.800000
22 0.970000
22 1.110000
22 1.500000
22 2.290000
22 2.090000
22 1.210000
22 0.980000
22 0.690000
22 1.520000
22 1.120000
22 1.970000
22 1.410000
22 2.020000
22 1.070000
22 1.100000
22 0.960000
22 0.930000
22 1.200000
22 2.690000
22 3.370000
22 1.520000
22 1.810000
22 0.960000
22 0.830000
22 0.930000
22 1.350000
22 1.320000
22 1.190000
22 0.720000
22 1.090000
22 2.570000
22 0.870000
22 1.900000
22 1.030000
22 1.130000
22 0.680000
22 0.780000
22 1.510000
22 1.040000
23 2.990000
23 1.610000
23 1.510000
23 1.570000
23 1.410000
23 2.020000
23 0.790000
23 2.920000
23 1.730000
23 0.940000
23 2.040000
23 1.710000
23 0.760000
23 1.770000
23 1.340000
23 2.020000
23 1.230000
23 1.120000
23 1.740000
23 1.880000
23 2.050000
23 1.920000
23 1.020000
23 1.100000
23 1.060000
23 0.860000
23 1.590000
23 2.270000
23 1.150000
23 2.450000
23 0.970000
23 1.740000
23 1.500000
23 1.950000
23 2.320000
23 0.830000
23 2.500000
23 1.820000
23 0.850000
23 2.820000
23 1.290000
23 1.710000
23 1.450000
23 3.580000
23 0.880000
23 2.560000
23 1.270000
23 1.130000
23 1.100000
23 3.330000
23 1.410000
23 1.110000
23 1.710000
23 1.670000
23 2.490000
23 1.010000
23 2.460000
23 1.040000
23 3.970000
23 1.990000
23 1.300000
23 1.610000
23 1.240000
23 1.740000
23 1.260000
23 1.770000
23 1.370000
23 1.960000
23 1.940000
23 1.230000
23 1.670000
23 2.150000
23 1.040000
23 2.300000
23 1.530000
23 1.970000
23 1.110000
23 1.140000
23 1.730000
23 1.970000
23 1.010000
23 0.960000
23 3.120000
23 1.520000
23 3.100000
23 1.970000
23 2.140000
23 2.760000
23 2.760000
23 1.490000
23 1.030000
23 1.160000
23 1.680000
23 2.920000
23 1.310000
23 0.900000
23 1.650000
23 2.450000
23 1.920000
23 1.880000
23 1.120000
23 1.920000
23 1.880000
23 1.530000
23 0.800000
23 1.580000
23 0.750000
23 2.230000
23 2.390000
23 0.760000
23 4.510000
23 1.960000
23 1.670000
23 1.690000
23 1.210000
23 1.230000
23 2.870000
23 2.660000
23 1.420000
23 2.050000
23 1.940000
23 2.060000
23 1.320000
23 2.820000
23 1.320000
23 0.980000
23 0.970000
23 1.210000
23 0.820000
23 1.280000
23 1.030000
23 2.750000
23 1.270000
23 2.390000
23 1.970000
23 1.370000
23 1.430000
23 1.190000
23 2.750000
23 1.130000
23 1.970000
23 1.900000
23 1.360000
23 1.100000
23 2.680000
23 0.650000
23 1.290000
23 0.860000
23 1.540000
23 1.420000
23 5.380000
23 1.270000
23 0.940000
23 2.280000
23 1.370000
23 1.160000
23 2.030000
23 1.500000
23 1.480000
23 2.300000
23 2.100000
23 2.330000
23 1.120000
23 2.110000
23 0.770000
23 2.070000
23 1.860000
23 1.570000
23 1.770000
23 1.210000
23 1.660000
23 1.840000
23 2.120000
23 2.020000
23 1.290000
23 2.530000
23 1.240000
23 3.140000
23 2.460000
23 2.480000
23 0.870000
23 1.210000
23 0.830000
23 1.080000
23 1.260000
23 1.160000
23 1.710000
23 1.620000
23 1.480000
23 1.260000
23 0.920000
23 1.380000
23 1.510000
23 4.410000
23 1.670000
23 1.600000
23 1.180000
23 1.430000
23 1.580000
23 1.220000
23 1.120000
23 2.070000
23 1.300000
23 0.960000
23 6.120000
23 2.180000
23 1.040000
23 1.570000
23 1.690000
23 1.660000
23 1.000000
23 1.730000
23 1.030000
23 2.270000
23 0.910000
23 1.740000
23 1.200000
23 1.780000
23 1.400000
23 0.990000
23 3.190000
23 1.670000
23 1.360000
23 2.180000
23 1.560000
23 0.860000
23 2.970000
23 1.110000
23 1.260000
23 0.970000
23 1.890000
23 1.880000
23 1.170000
23 1.510000
23 1.100000
23 1.310000
23 1.580000
23 2.300000
23 1.740000
23 1.640000
23 2.250000
23 1.300000
23 2.150000
23 1.160000
23 1.130000
23 1.130000
23 1.090000
23 1.560000
23 1.010000
23 2.110000
23 1.620000
23 1.530000
23 1.150000
23 1.510000
23 1.220000
23 1.840000
23 1.920000
23 1.180000
23 1.420000
23 1.010000
23 1.620000
23 1.230000
23 1.190000
23 1.440000
23 1.550000
23 0.940000
23 0.960000
23 1.370000
23 2.430000
23 1.420000
23 3.230000
23 1.660000
23 2.820000
23 1.540000
23 1.360000
23 2.200000
23 1.620000
23 1.530000
23 3.790000
23 2.700000
23 1.010000
23 1.110000
23 2.670000
23 0.970000
23 1.690000
23 1.240000
23 0.970000
23 1.100000
23 2.540000
23 1.400000
23 2.470000
23 1.130000
23 1.220000
23 1.810000
23 1.970000
23 0.970000
23 1.380000
23 1.700000
23 1.200000
23 2.000000
23 0.690000
23 3.620000
23 1.450000
23 1.790000
23 2.140000
23 1.060000
23 2.870000
23 1.680000
23 1.520000
23 0.930000
23 1.940000
23 2.240000
23 2.580000
23 1.730000
23 1.260000
23 1.270000
23 0.920000
23 1.020000
23 1.050000
23 1.200000
23 1.060000
23 1.670000
23 1.800000
23 2.320000
23 1.050000
23 0.960000
23 2.540000
23 1.730000
23 1.350000
23 2.260000
23 2.730000
23 0.860000
23 1.940000
23 1.020000
23 2.150000
23 1.500000
23 1.640000
23 1.640000
23 1.600000
23 1.230000
23 1.100000
23 1.430000
23 1.650000
23 3.200000
23 1.100000
23 2.400000
23 1.580000
23 1.470000
23 1.140000
23 0.980000
23 1.050000
23 1.950000
23 2.100000
23 1.340000
23 1.210000
23 1.870000
23 1.510000
23 2.310000
23 1.850000
23 1.090000
23 2.030000
23 1.190000
23 1.370000
23 2.290000
23 3.570000
23 1.090000
23 1.230000
23 1.310000
23 1.220000
23 1.980000
23 1.290000
23 1.010000
23 1.820000
23 2.270000
23 1.220000
23 2.310000
23 2.970000
23 3.510000
23 1.830000
23 1.060000
23 2.260000
23 1.570000
23 0.920000
23 2.080000
23 1.250000
23 1.290000
23 1.270000
23 1.550000
23 1.630000
23 1.710000
23 1.410000
23 0.870000
23 2.120000
23 1.040000
23 2.200000
23 4.520000
23 1.810000
23 2.130000
23 1.130000
23 1.170000
23 2.660000
23 1.080000
23 1.420000
23 3.150000
23 1.830000
23 1.460000
23 0.750000
23 1.690000
23 2.390000
23 1.570000
23 1.380000
23 1.630000
23 2.070000
23 1.080000
23 0.950000
23 1.290000
23 0.870000
23 1.610000
23 1.480000
23 0.740000
23 1.260000
23 1.900000
23 1.830000
23 1.040000
23 1.810000
23 1.710000
23 1.440000
23 1.850000
23 1.680000
23 1.320000
23 1.010000
23 0.870000
23 1.200000
23 1.660000
23 1.590000
23 1.570000
23 3.010000
23 1.660000
23 2.280000
23 1.530000
23 1.360000
23 0.930000
23 3.760000
23 1.320000
23 1.580000
23 1.720000
23 1.000000
23 2.080000
23 3.410000
23 1.500000
23 2.430000
23 1.740000
23 1.200000
23 1.130000
23 1.490000
23 1.750000
23 3.580000
23 1.450000
23 1.840000
23 0.970000
23 1.180000
23 1.290000
23 1.450000
23 1.390000
