#n running-time
30 0.530000
30 8.150000
30 0.540000
31 0.300000
31 2.580000
31 5.090000
31 2.590000
31 2.530000
31 4.000000
31 2.840000
31 1.520000
31 2.050000
31 7.770000
31 13.910000
31 2.090000
31 0.860000
31 3.510000
31 0.630000
31 1.020000
32 1.040000
32 2.140000
32 2.960000
32 2.750000
32 4.880000
32 4.490000
32 2.020000
32 3.850000
32 4.400000
32 1.090000
32 5.170000
32 2.180000
32 1.310000
32 1.970000
32 9.900000
32 1.230000
32 5.370000
32 2.840000
32 4.650000
32 0.600000
32 5.220000
32 1.260000
32 6.360000
32 1.030000
32 1.980000
32 2.900000
32 3.030000
32 2.730000
32 1.610000
32 3.310000
32 7.410000
32 0.530000
32 1.040000
32 0.970000
32 12.440000
32 1.910000
32 1.760000
32 18.740000
32 3.920000
32 3.500000
32 1.450000
32 1.630000
32 14.110000
32 0.650000
32 4.190000
32 5.890000
32 2.310000
32 1.660000
32 1.600000
32 1.620000
32 1.520000
32 4.250000
32 1.980000
32 5.000000
32 1.940000
32 1.630000
32 6.370000
32 0.410000
33 6.470000
33 5.600000
33 1.430000
33 10.580000
33 3.840000
33 0.830000
33 3.030000
33 0.640000
33 3.260000
33 4.000000
33 6.900000
33 2.360000
33 6.190000
33 1.310000
33 1.180000
33 1.250000
33 15.490000
33 2.240000
33 4.730000
33 1.450000
33 18.530000
33 3.450000
33 2.340000
33 18.460000
33 8.080000
33 1.000000
33 1.300000
33 1.940000
33 7.980000
33 3.220000
33 9.230000
33 4.490000
33 9.730000
33 8.230000
33 5.530000
33 1.820000
33 10.080000
33 0.980000
33 1.890000
33 2.590000
33 5.270000
33 2.700000
33 4.460000
33 8.770000
33 6.980000
33 2.150000
33 3.450000
33 5.510000
33 1.340000
33 3.590000
33 26.550000
33 0.650000
33 7.490000
33 4.910000
33 2.170000
33 3.890000
33 6.430000
33 2.590000
33 5.190000
33 4.880000
33 2.700000
33 1.340000
33 3.900000
33 5.950000
33 4.940000
33 3.740000
33 8.080000
33 0.960000
33 2.510000
33 6.460000
33 1.250000
33 15.830000
33 2.740000
33 3.330000
33 1.100000
33 2.470000
33 5.370000
33 3.060000
33 5.100000
33 24.310000
33 1.670000
33 3.120000
33 2.930000
33 2.900000
33 1.330000
33 1.840000
33 7.830000
33 0.440000
33 4.110000
33 5.490000
33 25.330000
33 2.400000
33 2.610000
33 1.480000
33 0.710000
33 0.630000
33 3.560000
33 1.490000
33 5.480000
33 1.870000
33 1.450000
33 0.860000
33 0.800000
33 3.610000
33 13.390000
33 2.700000
33 2.790000
33 0.720000
33 2.930000
33 1.060000
33 1.470000
33 3.400000
33 0.760000
33 8.080000
33 1.570000
33 8.760000
33 3.320000
33 46.740000
33 9.300000
33 3.100000
33 3.240000
33 1.980000
33 3.310000
33 3.390000
33 3.670000
33 1.790000
33 2.480000
34 20.270000
34 5.740000
34 4.440000
34 7.560000
34 14.160000
34 11.200000
34 6.160000
34 5.550000
34 6.270000
34 17.510000
34 16.840000
34 10.840000
34 1.710000
34 1.780000
34 3.620000
34 6.930000
34 3.130000
34 9.380000
34 3.840000
34 8.790000
34 9.980000
34 7.990000
34 1.300000
34 24.620000
34 9.370000
34 5.560000
34 2.300000
34 5.460000
34 6.550000
34 2.810000
34 5.940000
34 2.380000
34 10.190000
34 4.060000
34 1.150000
34 20.770000
34 4.710000
34 9.730000
34 9.620000
34 3.420000
34 3.520000
34 1.590000
34 15.290000
34 2.270000
34 3.410000
34 10.110000
34 1.640000
34 1.750000
34 24.680000
34 7.730000
34 1.490000
34 1.070000
34 5.750000
34 12.510000
34 11.330000
34 2.930000
34 8.720000
34 6.580000
34 5.070000
34 10.390000
34 1.510000
34 19.010000
34 2.370000
34 2.170000
34 7.830000
34 1.560000
34 1.080000
34 6.160000
34 1.860000
34 6.900000
34 0.890000
34 3.930000
34 5.250000
34 1.510000
34 4.220000
34 1.300000
34 2.750000
34 5.610000
34 5.510000
34 4.600000
34 6.450000
34 2.610000
34 5.000000
34 2.070000
34 5.660000
34 4.930000
34 3.830000
34 8.940000
34 7.460000
34 14.330000
34 1.550000
34 5.260000
34 10.330000
34 8.940000
34 10.980000
34 2.740000
34 5.620000
34 3.800000
34 8.500000
34 2.170000
34 4.670000
34 7.950000
34 5.540000
34 18.400000
34 4.430000
34 7.470000
34 4.890000
34 6.940000
34 6.880000
34 5.870000
34 4.500000
34 2.360000
34 8.270000
34 34.620000
34 0.530000
34 3.440000
34 8.230000
34 4.990000
34 4.370000
34 2.590000
34 1.280000
34 4.730000
34 3.050000
34 3.570000
34 3.920000
34 3.010000
34 2.700000
34 1.600000
34 13.330000
34 4.430000
34 3.290000
34 11.910000
34 3.900000
34 0.900000
34 11.140000
34 0.900000
34 6.240000
34 3.490000
34 5.090000
34 5.110000
34 2.840000
34 1.120000
34 2.520000
34 8.530000
34 3.450000
34 13.720000
34 2.390000
34 10.220000
34 5.420000
34 2.310000
34 2.410000
34 8.750000
34 7.270000
34 1.190000
34 1.400000
34 14.640000
34 6.080000
34 3.520000
34 3.350000
34 1.780000
34 4.210000
34 5.190000
34 13.790000
34 8.330000
34 15.030000
34 2.530000
34 18.360000
34 1.070000
34 0.800000
34 2.780000
34 2.130000
34 1.410000
34 4.650000
34 25.960000
34 2.100000
34 0.690000
34 1.020000
34 8.910000
34 8.500000
34 0.580000
34 1.260000
34 45.440000
34 12.710000
34 2.370000
34 5.520000
34 1.790000
34 1.810000
34 1.980000
34 3.070000
34 4.610000
34 4.870000
34 3.390000
34 9.820000
34 0.370000
34 3.830000
34 1.490000
34 4.170000
34 6.310000
34 2.180000
34 3.170000
34 21.720000
34 4.840000
34 8.160000
34 1.120000
34 0.900000
34 1.330000
35 5.150000
35 4.030000
35 2.400000
35 7.670000
35 5.540000
35 19.260000
35 5.850000
35 8.160000
35 2.540000
35 3.880000
35 3.840000
35 5.150000
35 4.400000
35 6.560000
35 9.380000
35 1.910000
35 12.050000
35 5.990000
35 9.640000
35 11.710000
35 20.150000
35 12.780000
35 8.800000
35 5.020000
35 6.200000
35 3.020000
35 5.010000
35 15.120000
35 8.660000
35 4.680000
35 17.800000
35 2.770000
35 13.220000
35 13.700000
35 10.030000
35 99.290000
35 6.630000
35 4.730000
35 1.710000
35 5.440000
35 21.330000
35 1.940000
35 3.110000
35 1.460000
35 2.400000
35 2.630000
35 17.400000
35 1.240000
35 1.750000
35 20.900000
35 1.650000
35 0.990000
35 1.240000
35 4.120000
35 3.910000
35 5.610000
35 2.020000
35 3.400000
35 2.030000
35 2.240000
35 8.840000
35 3.960000
35 1.870000
35 3.590000
35 17.260000
35 0.980000
35 7.300000
35 4.580000
35 8.650000
35 2.770000
35 1.900000
35 11.060000
35 50.300000
35 2.970000
35 5.370000
35 1.180000
35 6.660000
35 1.580000
35 41.080000
35 12.900000
35 20.960000
35 4.680000
35 3.580000
35 4.100000
35 5.190000
35 0.880000
35 26.540000
35 3.530000
35 0.640000
35 30.710000
35 5.980000
35 2.090000
35 5.910000
35 4.580000
35 16.740000
35 5.490000
35 0.760000
35 4.100000
35 8.550000
35 3.940000
35 10.850000
35 1.490000
35 6.410000
35 4.270000
35 7.610000
35 19.370000
35 3.790000
35 19.660000
35 7.590000
35 11.090000
35 2.600000
35 3.120000
35 4.960000
35 1.270000
35 4.460000
35 1.120000
35 11.240000
35 2.120000
35 12.400000
35 8.380000
35 5.820000
35 11.590000
35 2.350000
35 1.220000
35 8.530000
35 5.290000
35 7.320000
35 7.530000
35 2.770000
35 33.070000
35 2.510000
35 11.010000
35 6.020000
35 16.100000
35 10.200000
35 2.640000
35 27.370000
35 3.080000
35 17.720000
35 3.730000
35 4.590000
35 7.590000
35 4.820000
35 4.980000
35 6.270000
35 3.680000
35 8.020000
35 7.370000
35 6.990000
35 12.110000
35 2.620000
35 2.180000
35 6.830000
35 8.360000
35 7.990000
35 3.040000
35 1.110000
35 80.110000
35 14.290000
35 5.290000
35 0.650000
35 0.810000
35 48.920000
35 11.840000
35 2.890000
35 6.770000
35 4.410000
35 4.500000
35 13.850000
35 25.210000
35 21.870000
35 1.320000
35 5.900000
35 16.140000
35 9.990000
35 4.470000
35 6.820000
35 3.000000
35 1.610000
35 10.000000
35 3.300000
35 11.340000
35 13.870000
35 1.410000
35 10.910000
35 2.660000
35 8.870000
35 1.890000
35 10.330000
35 4.150000
35 13.450000
35 8.960000
35 1.140000
35 34.400000
35 35.530000
35 50.450000
35 1.830000
35 2.610000
35 3.770000
35 18.140000
35 1.860000
35 3.280000
35 3.780000
35 7.030000
35 3.080000
35 5.860000
35 9.560000
35 14.310000
35 2.400000
35 4.660000
35 12.470000
35 15.450000
35 158.150000
35 2.670000
35 7.330000
35 5.620000
35 3.120000
35 10.570000
35 6.520000
35 2.390000
35 5.940000
35 7.670000
35 19.450000
35 14.900000
35 9.220000
35 7.560000
35 7.230000
35 20.930000
35 1.990000
35 1.020000
35 3.800000
35 3.780000
35 2.630000
35 1.480000
35 4.260000
35 13.940000
35 1.560000
35 10.580000
35 4.380000
35 2.530000
35 4.170000
35 19.140000
35 3.990000
35 6.430000
35 8.480000
35 8.300000
35 34.260000
35 7.150000
35 12.910000
35 3.790000
35 7.810000
35 4.250000
35 11.240000
35 4.240000
35 10.140000
35 9.560000
35 8.060000
35 9.110000
35 5.150000
35 13.710000
35 13.700000
35 1.690000
35 7.430000
35 7.650000
35 0.570000
35 2.110000
35 6.280000
35 3.780000
35 4.720000
35 4.150000
35 11.580000
35 6.300000
35 14.610000
35 14.520000
35 3.310000
35 115.510000
35 8.290000
35 6.340000
35 3.050000
35 8.050000
35 1.330000
35 4.650000
35 3.170000
35 15.160000
35 10.800000
35 8.660000
35 11.740000
35 1.120000
35 6.670000
35 1.540000
35 6.070000
35 4.090000
35 10.250000
35 1.400000
35 5.450000
35 3.600000
35 6.550000
35 7.650000
35 14.320000
35 6.470000
35 9.470000
35 6.670000
35 25.060000
35 1.900000
35 3.110000
35 8.200000
35 2.080000
35 2.350000
35 3.740000
35 19.210000
35 10.670000
35 1.630000
35 6.470000
35 2.270000
35 6.720000
35 4.030000
35 11.180000
35 14.130000
35 7.170000
35 10.610000
35 27.360000
35 7.840000
35 8.720000
35 16.400000
35 4.600000
35 16.590000
35 6.830000
35 3.500000
35 8.160000
35 2.510000
35 4.670000
35 7.760000
35 3.430000
35 12.700000
35 5.580000
35 3.950000
35 2.850000
35 15.020000
35 6.960000
35 8.650000
35 4.130000
35 13.140000
35 3.980000
35 5.950000
36 14.040000
36 27.570000
36 3.830000
36 11.220000
36 1.880000
36 18.230000
36 3.710000
36 19.140000
36 12.900000
36 5.070000
36 24.060000
36 31.300000
36 2.010000
36 1.060000
36 2.560000
36 21.330000
36 2.450000
36 3.040000
36 5.860000
36 7.780000
36 5.610000
36 5.130000
36 4.040000
36 3.150000
36 7.820000
36 27.800000
36 46.510000
36 5.160000
36 5.570000
36 6.000000
36 6.890000
36 16.410000
36 26.520000
36 11.510000
36 3.780000
36 2.990000
36 5.710000
36 2.690000
36 13.660000
36 2.870000
36 6.330000
36 17.460000
36 17.510000
36 6.330000
36 6.400000
36 12.830000
36 4.130000
36 2.550000
36 3.640000
36 19.500000
36 6.210000
36 32.860000
36 6.780000
36 11.840000
36 12.090000
36 8.360000
36 8.820000
36 15.930000
36 17.720000
36 25.890000
36 9.940000
36 38.340000
36 3.700000
36 1.900000
36 3.640000
36 8.250000
36 3.380000
36 4.430000
36 3.610000
36 18.060000
36 2.610000
36 14.430000
36 8.490000
36 16.230000
36 6.630000
36 2.640000
36 43.150000
36 23.560000
36 1.970000
36 77.210000
36 7.720000
36 1.670000
36 10.210000
36 26.260000
36 60.000000
36 19.950000
36 9.570000
36 6.160000
36 16.080000
36 7.320000
36 10.750000
36 4.940000
36 15.490000
36 6.470000
36 11.260000
36 1.040000
36 14.270000
36 22.010000
36 11.040000
36 8.940000
36 16.400000
36 4.490000
36 5.120000
36 3.810000
36 4.300000
36 5.170000
36 50.350000
36 9.890000
36 6.400000
36 5.520000
36 12.120000
36 3.760000
36 28.560000
36 3.810000
36 15.980000
36 4.650000
36 9.880000
36 9.210000
36 2.280000
36 2.520000
36 8.060000
36 4.740000
36 9.360000
36 19.750000
36 0.350000
36 2.050000
36 20.240000
36 10.650000
36 8.240000
36 16.230000
36 20.820000
36 6.580000
36 7.700000
36 8.200000
36 20.630000
36 13.370000
36 17.150000
36 8.860000
36 6.440000
36 2.590000
36 6.680000
36 6.630000
36 18.490000
36 7.430000
36 28.760000
36 29.120000
36 7.270000
36 16.560000
36 12.810000
36 9.950000
36 25.440000
36 26.560000
36 22.130000
36 9.070000
36 9.290000
36 28.310000
36 2.300000
36 3.920000
36 2.270000
36 1.950000
36 26.750000
36 19.890000
36 2.760000
36 3.030000
36 5.910000
36 1.350000
36 20.400000
36 5.860000
36 3.740000
36 3.940000
36 4.880000
36 5.100000
36 3.670000
36 6.550000
36 11.790000
36 6.490000
36 20.290000
36 12.590000
36 15.670000
36 4.150000
36 10.820000
36 4.590000
36 3.400000
36 25.550000
36 2.460000
36 3.890000
36 6.140000
36 5.270000
36 3.280000
36 2.750000
36 8.180000
36 0.770000
36 12.750000
36 50.190000
36 6.690000
36 10.800000
36 5.030000
36 6.060000
36 10.460000
36 35.560000
36 5.200000
36 26.560000
36 20.620000
36 4.670000
36 11.390000
36 5.880000
36 12.130000
36 2.540000
36 8.650000
36 34.290000
36 29.890000
36 13.780000
36 17.870000
36 8.640000
36 20.100000
36 3.110000
36 6.720000
36 3.410000
36 11.730000
36 8.460000
36 12.720000
36 1.560000
36 4.900000
36 13.720000
36 2.280000
36 7.370000
36 6.030000
36 10.530000
36 11.230000
36 12.160000
36 4.320000
36 15.700000
36 60.060000
36 12.940000
36 2.100000
36 10.430000
36 7.020000
36 8.480000
36 10.340000
36 9.000000
36 13.560000
36 5.990000
36 11.790000
36 11.180000
36 10.100000
36 479.210000
36 35.100000
36 10.920000
36 2.460000
36 19.180000
36 8.620000
36 1.930000
36 5.870000
36 7.350000
36 4.090000
36 77.020000
36 23.570000
36 12.180000
36 2.660000
36 22.060000
36 16.890000
36 3.740000
36 4.630000
36 6.790000
36 8.600000
36 11.030000
36 2.800000
36 17.850000
36 5.830000
36 6.900000
36 4.230000
36 9.920000
36 3.720000
36 20.190000
36 1.400000
36 5.820000
36 4.410000
36 5.370000
36 4.930000
36 32.610000
36 99.090000
36 4.100000
36 6.080000
36 4.060000
36 5.240000
36 3.820000
36 37.730000
36 4.630000
36 8.280000
36 3.020000
36 42.510000
36 5.490000
36 3.130000
36 8.840000
36 5.320000
36 17.990000
36 6.090000
36 6.870000
36 5.440000
36 6.400000
36 3.160000
36 7.660000
36 9.770000
36 7.430000
36 4.890000
36 14.450000
36 10.000000
36 7.040000
36 8.460000
36 2.100000
36 5.990000
36 3.940000
36 5.620000
36 5.570000
36 3.270000
36 16.630000
36 5.300000
36 5.660000
36 4.890000
36 22.370000
36 8.400000
36 14.160000
36 6.840000
36 32.960000
36 4.110000
36 2.270000
36 4.140000
36 9.630000
36 8.510000
36 3.670000
36 4.010000
36 6.570000
36 5.820000
36 12.100000
36 10.280000
36 8.580000
36 9.740000
36 13.030000
36 7.900000
36 19.740000
36 7.230000
36 2.700000
36 2.720000
36 29.640000
36 5.730000
36 3.730000
36 12.020000
36 4.000000
36 23.620000
36 12.640000
36 2.810000
36 30.340000
36 8.190000
36 3.590000
36 8.910000
36 11.660000
36 5.810000
36 7.560000
36 8.010000
36 9.390000
36 14.790000
36 21.070000
36 3.840000
36 5.680000
36 5.390000
36 14.370000
36 2.220000
36 0.860000
36 6.840000
36 17.940000
36 16.380000
36 12.170000
36 7.240000
36 5.240000
36 4.870000
36 6.180000
36 4.440000
36 1.960000
36 5.870000
36 11.340000
36 15.520000
36 6.150000
36 3.260000
36 3.300000
36 7.060000
36 9.570000
36 6.440000
36 8.980000
36 2.600000
36 13.200000
36 2.830000
36 8.150000
36 50.010000
36 3.270000
36 6.180000
36 7.990000
36 1.920000
36 6.030000
36 26.170000
36 24.880000
36 5.620000
36 7.120000
36 1.540000
36 2.760000
36 7.510000
36 3.980000
36 9.660000
36 19.050000
36 8.930000
36 2.200000
36 12.890000
36 4.690000
36 19.920000
36 7.930000
36 14.760000
36 4.960000
36 7.950000
36 10.420000
36 10.270000
37 17.540000
37 2.730000
37 13.420000
37 47.290000
37 33.560000
37 12.250000
37 8.990000
37 3.060000
37 6.660000
37 7.380000
37 8.460000
37 5.440000
37 6.680000
37 14.060000
37 4.940000
37 1.530000
37 4.480000
37 7.150000
37 6.730000
37 10.140000
37 2.740000
37 5.590000
37 7.710000
37 4.190000
37 6.670000
37 6.900000
37 15.820000
37 54.090000
37 8.060000
37 16.320000
37 33.800000
37 12.280000
37 2.180000
37 7.390000
37 17.470000
37 6.810000
37 10.410000
37 2.400000
37 33.220000
37 38.730000
37 36.190000
37 16.400000
37 15.040000
37 11.570000
37 3.950000
37 26.270000
37 93.340000
37 23.000000
37 7.180000
37 3.010000
37 3.720000
37 3.570000
37 13.920000
37 26.880000
37 23.040000
37 5.210000
37 4.250000
37 47.350000
37 28.180000
37 22.990000
37 11.170000
37 20.160000
37 7.370000
37 13.140000
37 7.540000
37 21.970000
37 7.120000
37 12.600000
37 15.240000
37 38.000000
37 24.490000
37 3.500000
37 16.700000
37 4.980000
37 5.250000
37 15.050000
37 6.610000
37 9.580000
37 9.900000
37 4.790000
37 19.670000
37 9.270000
37 8.410000
37 2.480000
37 1.360000
37 40.990000
37 74.650000
37 15.200000
37 23.500000
37 29.480000
37 15.210000
37 17.910000
37 4.940000
37 17.280000
37 21.580000
37 14.500000
37 4.930000
37 8.610000
37 7.500000
37 15.300000
37 5.160000
37 5.760000
37 20.910000
37 21.050000
37 12.080000
37 8.010000
37 4.610000
37 3.000000
37 4.640000
37 6.480000
37 32.960000
37 7.680000
37 11.050000
37 11.100000
37 19.040000
37 4.730000
37 8.770000
37 7.120000
37 31.180000
37 7.310000
37 15.780000
37 10.800000
37 7.270000
37 8.740000
37 14.720000
37 8.850000
37 6.120000
37 19.730000
37 14.870000
37 13.420000
37 51.610000
37 19.640000
37 5.570000
37 49.430000
37 8.560000
37 9.590000
37 14.010000
37 26.270000
37 18.100000
37 8.150000
37 23.540000
37 1.500000
37 10.430000
37 3.700000
37 10.640000
37 17.610000
37 15.240000
37 8.900000
37 42.060000
37 7.680000
37 36.520000
37 3.410000
37 61.850000
37 3.130000
37 5.720000
37 5.520000
37 6.930000
37 2.870000
37 17.970000
37 44.150000
37 27.170000
37 6.240000
37 20.080000
37 99.770000
37 17.720000
37 14.750000
37 11.210000
37 3.950000
37 0.360000
37 8.120000
37 9.740000
37 11.350000
37 127.930000
37 5.460000
37 10.830000
37 17.150000
37 60.250000
37 9.100000
37 3.480000
37 95.530000
37 2.700000
37 5.860000
37 10.410000
37 20.670000
37 18.500000
37 35.860000
37 7.680000
37 17.740000
37 114.350000
37 13.050000
37 6.580000
37 12.970000
37 20.730000
37 12.840000
37 19.470000
37 33.180000
37 8.690000
37 16.200000
37 8.700000
37 11.650000
37 5.150000
37 27.870000
37 38.800000
37 4.650000
37 17.190000
37 29.120000
37 6.530000
37 13.590000
37 31.430000
37 31.020000
37 6.590000
37 18.590000
37 9.280000
37 3.110000
37 4.940000
37 13.360000
37 30.180000
37 10.580000
37 5.470000
37 13.560000
37 14.050000
37 9.160000
37 13.000000
37 8.320000
37 33.780000
37 10.950000
37 15.400000
37 7.360000
37 20.880000
37 5.440000
37 8.090000
37 9.570000
37 9.330000
37 3.580000
37 4.520000
37 9.520000
37 56.940000
37 10.560000
37 19.670000
37 19.900000
37 10.930000
37 8.350000
37 9.120000
37 16.710000
37 14.520000
37 6.280000
37 6.060000
37 5.200000
37 12.130000
37 11.220000
37 7.060000
37 146.570000
37 7.540000
37 10.540000
37 24.370000
37 33.380000
37 10.730000
37 6.060000
37 0.890000
37 10.520000
37 2.770000
37 6.780000
37 4.240000
37 24.820000
37 4.680000
37 6.910000
37 4.800000
37 4.960000
37 27.850000
37 17.860000
37 9.320000
37 8.160000
37 4.370000
37 7.280000
37 8.940000
37 3.380000
37 33.640000
37 17.210000
37 12.470000
37 41.880000
37 44.950000
37 12.440000
37 20.670000
37 19.730000
37 17.700000
37 28.670000
37 7.580000
37 2.550000
37 3.390000
37 9.450000
37 9.920000
37 9.380000
37 7.560000
37 3.030000
37 13.520000
37 18.230000
37 6.010000
37 4.030000
37 10.600000
37 13.840000
37 14.050000
37 4.880000
37 12.750000
37 7.940000
37 58.300000
37 21.390000
37 6.850000
37 6.380000
37 17.760000
37 2.610000
37 37.110000
37 9.450000
37 124.980000
37 7.050000
37 11.520000
37 6.440000
37 26.820000
37 5.630000
37 43.920000
37 59.850000
37 18.700000
37 4.800000
37 8.320000
37 15.260000
37 19.660000
37 1.190000
37 18.530000
37 13.750000
37 3.310000
37 10.250000
37 9.020000
37 31.380000
37 26.510000
37 7.100000
37 14.420000
37 7.490000
37 2.330000
37 10.220000
37 19.670000
37 2.300000
37 5.900000
37 8.210000
37 12.960000
37 5.580000
37 9.190000
37 12.250000
37 1.300000
37 32.160000
37 8.410000
37 15.390000
37 7.440000
37 7.450000
37 54.210000
37 13.760000
37 1.880000
37 14.560000
37 5.930000
37 2.470000
37 17.310000
37 3.650000
37 8.440000
37 7.530000
37 16.170000
37 9.850000
37 2.730000
37 19.010000
37 47.550000
37 8.580000
37 1.900000
37 5.050000
37 30.950000
37 8.650000
37 21.080000
37 13.830000
37 7.360000
37 1.590000
37 6.330000
37 22.180000
37 6.690000
37 5.550000
37 10.270000
37 7.070000
37 11.280000
37 33.010000
37 16.070000
37 10.260000
37 17.910000
37 6.510000
37 9.260000
37 2.320000
37 4.630000
37 16.310000
37 11.910000
37 3.150000
37 12.230000
37 14.530000
37 12.170000
37 7.120000
37 11.970000
37 13.990000
37 15.940000
37 13.850000
37 11.860000
37 11.680000
37 5.290000
37 24.530000
37 15.500000
37 4.010000
37 7.690000
37 10.970000
37 4.410000
37 6.340000
37 25.170000
37 14.560000
37 9.510000
37 32.550000
37 8.590000
37 14.730000
37 17.440000
37 20.640000
37 6.350000
37 3.960000
37 15.790000
37 5.640000
37 16.220000
37 11.520000
37 16.060000
37 9.350000
37 4.360000
37 29.520000
37 37.580000
37 21.170000
37 19.360000
37 14.550000
37 16.560000
37 27.430000
37 11.300000
37 10.970000
37 3.220000
37 6.720000
37 13.230000
37 14.450000
37 5.340000
37 21.110000
37 3.310000
37 6.970000
37 33.010000
37 25.250000
37 9.740000
37 15.600000
37 9.140000
37 10.690000
37 12.350000
37 3.650000
37 24.580000
37 7.130000
37 6.730000
37 4.680000
37 2.910000
37 17.260000
37 15.460000
37 10.150000
37 3.200000
37 27.290000
37 26.580000
37 25.410000
37 9.820000
37 21.600000
37 13.650000
37 7.190000
37 5.790000
37 3.600000
37 9.140000
37 5.310000
37 10.680000
37 6.900000
37 54.130000
37 6.380000
37 4.830000
37 7.280000
37 2.930000
37 4.170000
37 38.440000
37 10.160000
37 6.170000
37 18.150000
