#n running-time
35 0.020000
36 0.030000
36 0.030000
36 0.010000
36 0.020000
36 0.010000
37 0.020000
37 0.010000
37 0.010000
37 0.020000
37 0.020000
37 0.010000
37 0.020000
37 0.020000
37 0.030000
37 0.010000
37 0.030000
37 0.010000
37 0.020000
37 0.010000
37 0.020000
37 0.020000
37 0.020000
37 0.020000
37 0.020000
37 0.020000
37 0.010000
37 0.010000
37 0.010000
37 0.020000
37 0.010000
37 0.020000
38 0.010000
38 0.020000
38 0.020000
38 0.020000
38 0.010000
38 0.010000
38 0.020000
38 0.020000
38 0.020000
38 0.020000
38 0.010000
38 0.030000
38 0.020000
38 0.020000
38 0.020000
38 0.020000
38 0.010000
38 0.020000
38 0.020000
38 0.010000
38 0.020000
38 0.020000
38 0.020000
38 0.020000
38 0.020000
38 0.020000
38 0.020000
38 0.020000
38 0.020000
38 0.020000
38 0.020000
38 0.020000
38 0.020000
38 0.020000
38 0.020000
38 0.020000
38 0.010000
38 0.020000
38 0.010000
38 0.030000
38 0.010000
38 0.030000
38 0.020000
38 0.020000
38 0.020000
38 0.010000
38 0.020000
38 0.010000
38 0.010000
38 0.020000
38 0.020000
38 0.030000
38 0.010000
38 0.020000
38 0.020000
38 0.020000
38 0.010000
38 0.010000
38 0.020000
38 0.010000
38 0.020000
38 0.020000
38 5.440000
38 0.020000
38 0.020000
38 0.010000
38 0.010000
38 0.010000
38 0.020000
38 0.010000
38 0.020000
38 0.010000
38 0.020000
38 0.010000
38 0.010000
38 0.020000
38 0.020000
38 0.020000
38 0.010000
38 0.020000
38 0.020000
38 0.010000
38 0.020000
38 0.020000
38 0.030000
39 0.020000
39 0.020000
39 0.020000
39 0.020000
39 0.020000
39 0.020000
39 0.020000
39 0.020000
39 0.020000
39 0.020000
39 0.020000
39 0.020000
39 0.010000
39 0.010000
39 0.020000
39 0.010000
39 0.020000
39 0.020000
39 0.020000
39 0.020000
39 0.020000
39 0.010000
39 0.010000
39 0.010000
39 0.020000
39 0.010000
39 0.020000
39 0.020000
39 0.020000
39 0.020000
39 0.020000
39 0.020000
39 0.020000
39 0.020000
39 0.020000
39 0.020000
39 0.020000
39 0.020000
39 0.010000
39 0.010000
39 0.020000
39 0.020000
39 0.020000
39 0.020000
39 0.020000
39 0.010000
39 0.020000
39 0.020000
39 0.020000
39 0.020000
39 0.010000
39 0.020000
39 0.020000
39 0.010000
39 0.010000
39 0.010000
39 0.010000
39 0.010000
39 0.020000
39 0.020000
39 0.020000
39 0.010000
39 0.020000
39 0.020000
39 0.030000
39 0.010000
39 0.020000
39 0.010000
39 0.020000
39 0.010000
39 0.010000
39 0.020000
39 0.010000
39 0.010000
39 0.010000
39 0.020000
39 0.020000
39 0.030000
39 0.030000
39 0.030000
39 0.020000
39 0.010000
39 0.020000
39 0.020000
39 0.020000
39 0.020000
39 0.020000
39 0.020000
39 0.020000
39 0.020000
39 0.010000
39 0.020000
39 0.010000
39 0.030000
39 0.010000
39 0.030000
39 0.020000
39 0.030000
39 0.020000
39 0.020000
39 0.020000
39 0.030000
39 0.020000
39 0.010000
39 0.030000
39 0.010000
39 0.020000
39 0.020000
39 0.020000
39 0.020000
39 0.020000
39 0.020000
39 0.020000
39 0.020000
39 0.020000
39 0.020000
39 0.010000
39 0.020000
39 0.040000
39 0.030000
39 0.020000
39 0.030000
39 0.020000
39 0.010000
39 0.020000
39 0.020000
39 0.020000
39 0.010000
39 0.010000
39 0.020000
39 0.010000
39 0.020000
39 0.020000
39 0.030000
39 0.030000
39 0.140000
39 0.020000
39 0.020000
39 0.020000
39 0.020000
39 0.020000
39 0.010000
39 0.020000
39 0.020000
39 0.020000
39 0.010000
39 0.020000
39 0.010000
39 0.020000
39 0.010000
39 0.010000
39 0.010000
39 0.030000
39 0.020000
39 0.010000
39 0.020000
39 0.010000
39 0.020000
39 0.030000
39 0.030000
39 0.020000
39 0.020000
39 0.020000
39 0.010000
39 0.010000
39 0.020000
39 0.020000
39 0.020000
39 0.020000
39 0.010000
39 0.020000
39 0.010000
39 0.020000
39 0.020000
39 0.020000
39 0.020000
39 0.020000
39 0.010000
39 0.020000
39 0.020000
39 0.020000
39 0.040000
39 0.020000
39 0.030000
39 0.010000
39 0.020000
39 0.030000
39 0.010000
39 0.020000
39 0.020000
39 0.020000
39 0.020000
39 0.020000
39 0.010000
39 0.010000
39 0.020000
40 0.010000
40 0.030000
40 0.020000
40 0.020000
40 0.020000
40 0.020000
40 0.020000
40 0.010000
40 0.010000
40 0.020000
40 0.030000
40 0.010000
40 0.010000
40 0.020000
40 0.030000
40 0.010000
40 0.020000
40 0.010000
40 0.020000
40 0.020000
40 0.030000
40 0.010000
40 0.020000
40 0.020000
40 0.020000
40 0.020000
40 0.010000
40 0.020000
40 0.020000
40 0.020000
40 0.020000
40 0.020000
40 0.020000
40 0.020000
40 0.020000
40 0.020000
40 0.020000
40 0.010000
40 0.020000
40 0.020000
40 0.020000
40 0.030000
40 0.010000
40 0.010000
40 0.010000
40 0.020000
40 0.010000
40 0.020000
40 0.020000
40 0.020000
40 0.010000
40 0.010000
40 0.030000
40 0.020000
40 0.010000
40 0.020000
40 0.030000
40 0.020000
40 0.020000
40 0.010000
40 0.020000
40 0.010000
40 0.010000
40 0.030000
40 0.020000
40 0.020000
40 0.020000
40 0.020000
40 0.020000
40 0.020000
40 0.020000
40 0.020000
40 0.020000
40 0.030000
40 0.020000
40 0.020000
40 0.030000
40 0.030000
40 0.010000
40 0.020000
40 0.020000
40 0.010000
40 0.030000
40 0.020000
40 0.020000
40 0.010000
40 0.020000
40 0.010000
40 0.020000
40 0.020000
40 0.020000
40 0.010000
40 0.010000
40 0.020000
40 0.020000
40 0.020000
40 0.020000
40 0.010000
40 0.010000
40 0.020000
40 0.020000
40 0.020000
40 0.020000
40 0.020000
40 0.020000
40 4.820000
40 0.020000
40 0.020000
40 0.030000
40 0.020000
40 0.030000
40 0.020000
40 0.020000
40 0.020000
40 0.020000
40 0.020000
40 0.020000
40 0.020000
40 0.030000
40 0.010000
40 0.020000
40 0.020000
40 0.010000
40 0.020000
40 0.020000
40 0.010000
40 0.010000
40 0.020000
40 0.020000
40 0.020000
40 0.020000
40 0.020000
40 0.020000
40 0.020000
40 0.010000
40 0.010000
40 0.020000
40 0.020000
40 0.020000
40 0.020000
40 0.020000
40 0.010000
40 0.020000
40 0.020000
40 0.020000
40 0.010000
40 0.010000
40 0.020000
40 0.030000
40 0.020000
40 0.020000
40 0.020000
40 0.010000
40 0.010000
40 0.020000
40 0.020000
40 0.020000
40 0.020000
40 0.030000
40 0.020000
40 0.030000
40 0.020000
40 0.010000
40 0.010000
40 0.010000
40 0.020000
40 0.020000
40 0.020000
40 0.020000
40 0.030000
40 0.020000
40 0.010000
40 0.010000
40 0.030000
40 0.020000
40 0.020000
40 0.020000
40 0.010000
40 0.010000
40 0.020000
40 0.020000
40 0.020000
40 0.010000
40 0.020000
40 0.020000
40 0.030000
40 0.020000
40 0.010000
40 0.020000
40 0.020000
40 0.030000
40 0.020000
40 0.020000
40 0.030000
40 0.030000
40 0.020000
40 0.010000
40 0.020000
40 0.010000
40 0.020000
40 0.020000
40 0.020000
40 0.020000
40 0.020000
40 0.020000
40 0.020000
40 0.020000
40 0.020000
40 0.020000
40 0.010000
40 0.020000
40 0.020000
40 0.020000
40 0.020000
40 0.030000
40 0.030000
40 0.020000
40 0.010000
40 0.010000
40 0.020000
40 0.020000
40 0.020000
40 0.010000
40 0.020000
40 0.020000
40 0.020000
40 0.020000
40 0.010000
40 0.010000
40 0.030000
40 0.020000
40 0.020000
40 0.040000
40 0.020000
40 0.020000
40 0.020000
40 0.020000
40 0.020000
40 0.040000
40 0.010000
40 0.020000
40 0.010000
40 0.020000
40 0.020000
40 0.020000
40 0.020000
40 0.020000
40 0.010000
40 0.020000
40 0.010000
40 0.020000
40 0.020000
40 0.020000
40 0.020000
40 0.020000
40 0.020000
40 0.020000
40 0.010000
40 0.020000
40 0.010000
40 0.030000
40 0.010000
40 0.020000
40 0.010000
40 0.010000
40 0.040000
40 0.010000
40 0.020000
40 0.020000
40 0.040000
40 0.020000
40 0.010000
40 0.020000
40 0.020000
40 0.020000
40 0.020000
40 0.010000
40 0.020000
40 0.020000
40 0.020000
40 0.020000
40 0.020000
40 0.010000
40 0.010000
40 0.020000
40 0.010000
40 0.020000
40 0.020000
40 0.010000
40 0.020000
40 0.010000
40 0.010000
40 0.010000
40 0.020000
40 0.020000
40 0.030000
40 0.020000
40 0.020000
40 0.030000
40 0.020000
40 0.020000
40 0.020000
40 0.020000
40 0.020000
40 0.010000
40 0.020000
40 0.020000
40 0.020000
40 0.020000
40 0.020000
40 0.020000
40 0.020000
40 0.020000
40 0.040000
40 0.020000
40 0.020000
40 0.020000
40 0.020000
40 0.010000
40 0.010000
40 0.020000
40 0.040000
40 0.020000
40 0.020000
40 0.010000
40 0.020000
40 0.010000
40 0.020000
40 0.020000
40 0.020000
40 0.020000
40 0.020000
40 0.010000
40 0.020000
40 0.010000
41 0.020000
41 0.020000
41 0.020000
41 0.020000
41 0.020000
41 0.020000
41 0.010000
41 0.030000
41 0.020000
41 0.020000
41 0.020000
41 0.020000
41 0.020000
41 0.030000
41 0.030000
41 0.020000
41 0.030000
41 0.030000
41 0.020000
41 0.020000
41 0.010000
41 0.020000
41 0.010000
41 0.020000
41 0.010000
41 0.030000
41 0.020000
41 0.020000
41 0.010000
41 0.020000
41 0.020000
41 0.020000
41 0.020000
41 0.020000
41 0.030000
41 0.020000
41 0.010000
41 0.030000
41 0.010000
41 0.020000
41 0.020000
41 0.010000
41 0.010000
41 0.020000
41 0.020000
41 0.020000
41 0.020000
41 0.010000
41 0.020000
41 0.010000
41 0.020000
41 0.020000
41 0.020000
41 0.030000
41 0.020000
41 0.020000
41 0.020000
41 0.020000
41 0.020000
41 0.010000
41 0.010000
41 0.020000
41 0.020000
41 0.030000
41 0.020000
41 0.020000
41 0.030000
41 0.020000
41 0.020000
41 0.020000
41 0.020000
41 0.020000
41 0.030000
41 0.010000
41 0.020000
41 0.020000
41 0.030000
41 0.020000
41 0.010000
41 0.020000
41 0.020000
41 0.020000
41 0.010000
41 0.020000
41 0.020000
41 0.010000
41 0.020000
41 0.020000
41 0.020000
41 0.020000
41 0.020000
41 0.060000
41 0.010000
41 0.020000
41 0.020000
41 0.010000
41 0.020000
41 0.020000
41 0.010000
41 0.020000
41 0.010000
41 0.010000
41 0.010000
41 0.020000
41 0.020000
41 0.020000
41 0.020000
41 0.020000
41 0.010000
41 0.020000
41 0.010000
41 0.020000
41 0.020000
41 0.020000
41 0.010000
41 0.020000
41 0.020000
41 0.020000
41 0.020000
41 0.030000
41 0.020000
41 0.010000
41 0.020000
41 0.020000
41 0.020000
41 0.020000
41 0.020000
41 0.020000
41 0.020000
41 0.020000
41 0.020000
41 0.010000
41 0.010000
41 0.020000
41 0.020000
41 0.010000
41 0.010000
41 0.010000
41 0.010000
41 0.020000
41 0.020000
41 0.020000
41 0.020000
41 0.020000
41 0.020000
41 0.020000
41 0.020000
41 0.030000
41 0.020000
41 0.020000
41 0.020000
41 0.020000
41 0.020000
41 0.010000
41 0.020000
41 0.010000
41 0.020000
41 0.020000
41 0.020000
41 0.020000
41 0.020000
41 0.030000
41 0.020000
41 0.020000
41 0.020000
41 0.040000
41 0.020000
41 0.020000
41 0.020000
41 0.020000
41 0.020000
41 0.020000
41 0.010000
41 0.020000
41 0.020000
41 0.020000
41 0.020000
41 0.020000
41 0.010000
41 0.020000
41 0.020000
41 0.020000
41 0.010000
41 0.020000
41 0.020000
41 0.010000
41 0.030000
41 0.020000
41 0.020000
41 0.020000
41 0.020000
41 0.010000
41 0.020000
41 0.010000
41 0.020000
41 0.010000
41 0.020000
41 0.020000
41 0.020000
41 0.020000
41 0.020000
41 0.040000
41 0.020000
41 0.020000
41 0.020000
41 0.020000
41 0.020000
41 0.020000
41 0.020000
41 0.020000
41 0.020000
41 0.020000
41 0.010000
41 0.020000
41 0.010000
41 0.030000
41 0.020000
41 0.020000
41 0.020000
41 0.020000
41 0.020000
41 0.020000
41 0.010000
41 0.030000
41 0.020000
41 0.010000
41 0.010000
41 0.010000
41 0.020000
41 0.060000
41 0.020000
41 0.010000
41 0.020000
41 0.020000
41 0.010000
41 0.020000
41 0.020000
41 0.020000
41 0.010000
41 0.020000
41 0.020000
41 0.010000
41 0.010000
41 0.020000
41 0.020000
41 0.020000
41 0.010000
41 0.020000
41 0.010000
41 0.010000
41 0.020000
41 0.020000
41 0.050000
41 0.020000
41 0.030000
41 0.020000
41 0.010000
41 0.010000
41 0.020000
41 0.020000
41 0.010000
41 0.020000
41 0.030000
41 0.010000
41 0.020000
41 0.010000
41 0.020000
41 0.010000
41 0.030000
41 0.020000
41 0.020000
41 0.030000
41 0.020000
41 0.010000
41 0.020000
41 0.020000
41 0.020000
41 0.020000
41 0.010000
41 0.020000
41 0.020000
41 0.020000
41 0.020000
41 0.020000
41 0.010000
41 0.020000
41 0.020000
41 0.020000
41 0.030000
41 0.020000
41 0.030000
41 0.050000
41 0.020000
41 0.020000
41 0.020000
41 0.010000
41 0.020000
41 0.020000
41 0.020000
41 0.020000
41 0.020000
41 0.010000
41 0.020000
41 0.020000
41 0.010000
41 0.020000
41 0.010000
41 0.030000
41 0.020000
41 0.010000
41 0.020000
41 0.020000
41 0.010000
41 0.020000
41 0.010000
41 0.020000
41 0.020000
41 0.020000
41 0.010000
41 0.020000
41 0.010000
41 0.030000
41 0.010000
41 0.020000
41 0.020000
41 0.020000
41 0.020000
41 0.010000
41 0.020000
41 0.010000
41 0.020000
41 0.020000
41 0.020000
41 0.020000
41 0.020000
41 0.020000
41 0.020000
41 0.010000
41 0.020000
41 0.020000
41 0.020000
41 0.010000
41 0.020000
41 0.030000
41 0.020000
41 0.020000
41 0.020000
41 0.020000
41 0.020000
41 0.020000
41 0.020000
41 0.020000
41 0.010000
41 0.020000
41 0.030000
41 0.010000
41 0.020000
41 0.020000
41 0.030000
41 0.020000
41 0.020000
41 0.020000
41 0.010000
41 0.020000
41 0.020000
41 0.020000
41 0.010000
41 0.020000
41 0.050000
41 0.020000
41 0.010000
41 0.020000
41 0.020000
41 0.010000
41 0.020000
41 0.020000
41 0.020000
41 0.020000
41 0.010000
41 0.010000
41 0.020000
41 0.020000
41 0.020000
41 0.010000
41 0.020000
41 0.020000
41 0.020000
41 0.020000
41 0.020000
41 0.020000
41 0.020000
41 0.020000
41 0.020000
41 0.020000
41 0.020000
41 0.020000
41 0.020000
41 0.020000
41 0.020000
41 0.020000
41 0.020000
41 0.020000
41 0.010000
41 0.010000
41 0.010000
41 0.010000
41 0.010000
41 0.020000
41 0.020000
41 0.020000
41 0.020000
41 0.010000
41 0.020000
41 0.020000
42 0.030000
42 0.020000
42 0.020000
42 0.020000
42 0.020000
42 0.020000
42 0.010000
42 0.020000
42 0.020000
42 0.010000
42 0.020000
42 0.020000
42 0.020000
42 0.020000
42 0.020000
42 0.010000
42 0.010000
42 0.020000
42 0.020000
42 0.020000
42 0.010000
42 0.010000
42 0.020000
42 0.020000
42 0.020000
42 0.020000
42 0.020000
42 0.020000
42 0.020000
42 0.020000
42 0.010000
42 0.020000
42 0.030000
42 0.020000
42 0.020000
42 0.020000
42 0.020000
42 0.020000
42 0.020000
42 0.010000
42 0.020000
42 0.020000
42 0.020000
42 0.020000
42 0.020000
42 0.020000
42 0.020000
42 0.020000
42 0.020000
42 0.020000
42 0.020000
42 0.020000
42 0.020000
42 0.020000
42 0.020000
42 0.020000
42 0.020000
42 0.010000
42 0.010000
42 0.020000
42 0.010000
42 0.010000
42 0.010000
42 0.030000
42 0.010000
42 0.020000
42 0.030000
42 0.020000
42 0.020000
42 0.020000
42 0.020000
42 0.010000
42 0.020000
42 0.020000
42 0.020000
42 0.020000
42 0.020000
42 0.020000
42 0.020000
42 0.010000
42 0.020000
42 0.030000
42 0.010000
42 0.020000
42 0.030000
42 0.020000
42 0.020000
42 0.030000
42 0.020000
42 0.040000
42 0.020000
42 0.020000
42 0.020000
42 0.020000
42 0.020000
42 0.020000
42 0.030000
42 0.020000
42 0.030000
42 0.020000
42 0.030000
42 0.020000
42 0.020000
42 0.020000
42 0.020000
42 0.020000
42 0.020000
42 0.020000
42 0.020000
42 0.020000
42 0.010000
42 0.020000
42 0.020000
42 0.020000
42 0.020000
42 0.020000
42 0.020000
42 0.020000
42 0.020000
42 0.020000
42 0.020000
42 0.020000
42 0.020000
42 0.020000
42 0.020000
42 0.020000
42 0.020000
42 0.030000
42 0.020000
42 0.010000
42 0.020000
42 0.010000
42 0.010000
42 0.020000
42 0.020000
42 0.020000
42 0.060000
42 0.020000
42 0.010000
42 0.020000
42 0.020000
42 0.020000
42 0.020000
42 0.040000
42 0.020000
42 0.030000
42 0.020000
42 0.020000
42 0.020000
42 0.020000
42 0.010000
42 0.010000
42 0.010000
42 0.020000
42 0.020000
42 0.020000
42 0.010000
42 0.020000
42 0.020000
42 0.010000
42 0.020000
42 0.020000
42 0.020000
42 0.020000
42 0.020000
42 0.020000
42 0.010000
42 0.020000
42 0.010000
42 0.020000
42 0.020000
42 0.020000
42 0.020000
42 0.020000
42 0.020000
42 0.030000
42 0.020000
42 0.020000
42 0.020000
42 0.020000
42 0.080000
42 0.010000
42 0.020000
42 0.020000
42 0.020000
42 0.060000
42 0.010000
42 0.020000
42 0.020000
42 0.020000
42 0.010000
42 0.020000
42 0.020000
42 0.010000
42 0.020000
42 0.030000
42 0.010000
42 0.030000
42 0.030000
42 0.020000
42 0.020000
42 0.020000
42 0.020000
42 0.020000
42 0.020000
42 0.020000
42 0.020000
42 0.020000
42 0.020000
42 0.020000
42 0.020000
42 0.020000
42 0.020000
42 0.030000
42 0.010000
42 0.030000
42 0.020000
42 0.020000
42 0.020000
42 0.020000
42 0.040000
42 0.020000
42 0.020000
42 0.020000
42 0.020000
42 0.020000
42 0.020000
42 0.020000
42 0.010000
42 0.020000
42 0.020000
42 0.020000
42 0.020000
42 0.020000
42 0.020000
42 0.020000
42 0.020000
42 0.020000
42 0.020000
42 0.020000
42 0.020000
42 0.020000
42 0.020000
42 0.010000
42 0.010000
42 0.860000
42 0.020000
42 0.020000
42 0.020000
42 0.020000
42 0.010000
42 0.020000
42 0.010000
42 0.020000
42 0.010000
42 0.020000
42 0.020000
42 0.020000
42 0.040000
42 0.030000
42 0.010000
42 0.020000
42 0.020000
42 0.020000
42 0.020000
42 0.020000
42 0.010000
42 0.020000
42 0.020000
42 0.020000
42 0.010000
42 0.020000
42 0.020000
42 0.020000
42 0.020000
42 0.030000
42 0.020000
42 0.020000
42 0.020000
42 0.020000
42 0.020000
42 0.020000
42 0.020000
42 0.020000
42 0.020000
42 0.020000
42 0.010000
42 0.020000
42 0.020000
42 0.010000
42 0.020000
42 0.020000
42 0.020000
42 0.020000
42 0.020000
42 0.020000
42 0.020000
42 0.020000
42 0.010000
42 0.020000
42 0.020000
42 0.020000
42 0.020000
42 0.020000
42 0.010000
42 0.020000
42 0.020000
42 0.030000
42 0.010000
42 0.020000
42 0.020000
42 0.020000
42 0.020000
42 0.010000
42 0.020000
42 0.020000
42 0.020000
42 0.020000
42 0.020000
42 0.020000
42 0.020000
42 0.010000
42 0.020000
42 0.010000
42 0.020000
42 0.020000
42 0.030000
42 0.020000
42 0.020000
42 0.020000
42 0.030000
42 0.020000
42 0.030000
42 0.020000
42 0.020000
42 0.020000
42 0.020000
42 0.020000
42 0.020000
42 0.020000
42 0.010000
42 0.020000
42 0.020000
42 0.020000
42 0.020000
42 0.020000
42 0.020000
42 0.030000
42 0.030000
42 0.020000
42 0.020000
42 0.020000
42 0.020000
42 0.020000
42 0.020000
42 0.020000
42 0.020000
42 0.020000
42 0.020000
42 0.020000
42 0.010000
42 0.020000
42 0.020000
42 0.020000
42 0.020000
42 0.020000
42 0.020000
42 0.020000
42 0.020000
42 0.020000
42 0.020000
42 0.010000
42 0.020000
42 0.010000
42 0.020000
42 0.020000
42 0.020000
42 0.010000
42 0.020000
42 0.020000
42 0.030000
42 0.010000
42 0.020000
42 0.020000
42 0.020000
42 0.030000
42 0.030000
42 0.020000
42 0.020000
42 0.030000
42 0.030000
42 0.010000
42 0.010000
42 0.010000
42 0.020000
42 0.010000
42 0.140000
42 0.020000
42 0.020000
42 0.030000
42 0.020000
42 0.020000
42 0.020000
42 0.030000
42 0.010000
42 0.020000
42 0.020000
42 0.020000
42 0.020000
42 0.030000
42 0.020000
42 0.020000
42 0.020000
42 0.010000
42 0.020000
42 0.020000
42 0.020000
42 0.020000
42 0.020000
42 0.020000
42 0.020000
42 0.020000
42 0.020000
42 0.010000
42 0.020000
42 0.020000
42 0.020000
42 0.010000
42 0.030000
42 0.010000
42 0.020000
42 0.020000
42 0.020000
42 0.020000
42 0.020000
42 0.030000
42 0.010000
42 0.020000
42 0.020000
42 0.030000
42 0.010000
42 0.030000
42 0.020000
42 0.010000
42 0.020000
42 0.010000
42 0.030000
42 0.020000
42 0.020000
42 0.020000
42 0.020000
42 0.020000
42 0.020000
42 0.020000
42 0.020000
42 0.020000
42 0.010000
42 0.020000
42 0.040000
42 0.020000
42 0.020000
42 0.020000
42 0.020000
42 0.020000
42 0.020000
42 0.020000
42 0.030000
42 0.010000
42 0.020000
42 0.020000
42 0.010000
42 0.020000
42 0.020000
42 0.020000
42 0.010000
42 0.030000
42 0.020000
42 0.020000
42 0.090000
42 0.020000
42 0.020000
42 0.020000
42 0.010000
42 0.020000
42 0.020000
42 0.020000
42 0.020000
42 0.030000
42 0.020000
42 0.020000
42 0.020000
42 0.030000
42 0.020000
42 0.010000
42 0.010000
42 0.020000
42 0.020000
42 0.020000
42 0.010000
42 0.020000
42 0.020000
42 0.030000
42 0.020000
42 0.020000
42 0.020000
42 0.030000
42 0.020000
42 0.020000
42 0.020000
42 0.020000
42 0.030000
42 0.010000
42 0.020000
42 0.020000
42 0.020000
42 0.020000
42 0.010000
42 0.020000
42 0.020000
42 0.020000
42 0.020000
42 0.020000
42 0.010000
42 0.020000
42 0.020000
42 0.010000
42 0.010000
42 0.030000
42 0.020000
42 0.020000
42 0.010000
42 0.020000
42 0.010000
42 0.020000
42 0.020000
42 0.010000
42 0.020000
42 0.010000
42 0.020000
42 0.010000
42 0.020000
42 0.020000
42 0.020000
42 0.020000
42 0.010000
42 0.020000
42 0.010000
42 0.020000
42 0.010000
42 0.010000
42 0.020000
42 0.020000
42 0.020000
42 0.010000
42 0.020000
42 0.020000
42 0.020000
42 0.020000
42 0.020000
