#n running-time
22 0.390000
22 0.540000
23 0.180000
23 0.150000
23 0.330000
23 0.180000
23 0.120000
23 0.330000
23 0.390000
23 1.790000
23 0.420000
24 0.400000
24 0.390000
24 0.970000
24 0.290000
24 0.240000
24 0.760000
24 0.700000
24 0.470000
24 0.310000
24 0.430000
24 0.340000
24 0.500000
24 0.220000
24 0.080000
24 0.580000
24 0.480000
24 0.420000
24 0.150000
24 0.540000
24 0.170000
24 0.480000
24 0.510000
24 0.680000
24 0.960000
24 0.280000
24 0.400000
24 0.680000
24 0.960000
24 0.410000
24 0.370000
24 0.320000
24 0.310000
24 0.570000
24 0.320000
24 0.240000
24 0.120000
24 0.410000
24 0.320000
25 0.470000
25 0.990000
25 0.370000
25 0.260000
25 0.430000
25 0.320000
25 0.490000
25 0.970000
25 0.640000
25 0.590000
25 0.490000
25 0.460000
25 1.110000
25 0.540000
25 0.270000
25 0.880000
25 0.440000
25 0.260000
25 0.410000
25 0.190000
25 6.060000
25 0.170000
25 0.120000
25 0.960000
25 0.460000
25 0.410000
25 0.200000
25 0.430000
25 0.740000
25 0.850000
25 0.870000
25 0.300000
25 0.330000
25 0.560000
25 0.090000
25 0.260000
25 0.350000
25 0.940000
25 0.350000
25 0.300000
25 6.030000
25 0.610000
25 0.070000
25 0.470000
25 0.320000
25 0.460000
25 3.330000
25 0.290000
25 0.170000
25 0.820000
25 0.250000
25 0.350000
25 0.770000
25 0.180000
25 0.220000
25 0.300000
25 0.570000
25 0.200000
25 0.430000
25 0.070000
25 0.170000
25 0.830000
25 0.890000
25 1.130000
25 0.630000
25 0.790000
25 0.390000
25 0.210000
25 0.110000
25 0.710000
25 0.450000
25 0.230000
25 0.330000
25 0.860000
25 0.480000
25 2.000000
25 0.700000
25 0.440000
25 0.530000
25 0.810000
25 0.520000
25 0.750000
25 0.980000
25 0.240000
25 0.670000
25 0.730000
25 0.540000
25 0.160000
25 0.460000
26 0.250000
26 0.630000
26 1.440000
26 0.840000
26 0.320000
26 0.340000
26 1.230000
26 0.200000
26 0.460000
26 0.790000
26 0.610000
26 0.470000
26 0.300000
26 0.220000
26 0.220000
26 1.430000
26 0.450000
26 0.680000
26 0.350000
26 0.130000
26 0.510000
26 0.950000
26 0.090000
26 1.320000
26 0.620000
26 0.590000
26 0.380000
26 1.430000
26 1.130000
26 1.300000
26 1.000000
26 1.800000
26 0.160000
26 0.340000
26 0.590000
26 0.540000
26 0.540000
26 2.260000
26 0.920000
26 1.110000
26 0.270000
26 0.450000
26 0.640000
26 0.430000
26 1.050000
26 0.520000
26 0.970000
26 0.740000
26 1.060000
26 0.620000
26 0.620000
26 0.660000
26 1.430000
26 1.540000
26 0.710000
26 0.430000
26 0.290000
26 0.190000
26 0.340000
26 0.720000
26 1.990000
26 0.420000
26 0.810000
26 0.920000
26 0.240000
26 0.600000
26 0.570000
26 0.120000
26 4.210000
26 3.680000
26 0.310000
26 0.160000
26 0.390000
26 0.660000
26 0.530000
26 0.590000
26 0.550000
26 0.630000
26 1.060000
26 0.560000
26 1.010000
26 0.690000
26 1.470000
26 0.150000
26 0.130000
26 0.270000
26 0.350000
26 0.310000
26 0.910000
26 0.560000
26 0.630000
26 1.090000
26 0.180000
26 0.700000
26 0.300000
26 0.830000
26 0.670000
26 0.720000
26 2.360000
26 0.810000
26 0.950000
26 0.820000
26 0.850000
26 0.240000
26 0.820000
26 1.700000
26 0.150000
26 0.360000
26 1.120000
26 1.010000
26 1.600000
26 0.630000
26 1.270000
26 1.140000
26 0.830000
26 0.680000
26 0.710000
26 0.500000
26 0.230000
26 0.140000
26 0.720000
26 0.610000
26 0.850000
26 0.230000
26 0.530000
26 0.400000
26 1.840000
26 0.510000
26 0.530000
26 0.950000
26 0.430000
26 0.990000
26 0.920000
26 0.770000
26 1.300000
26 1.830000
26 1.050000
26 1.360000
26 1.020000
26 0.430000
26 0.550000
26 1.750000
26 1.410000
26 0.870000
26 1.210000
26 0.190000
26 0.710000
26 1.200000
26 0.850000
26 0.350000
26 2.780000
26 0.450000
26 1.130000
26 0.570000
26 0.710000
26 0.340000
26 0.260000
26 0.490000
26 1.170000
26 0.990000
26 0.860000
26 1.520000
26 0.720000
26 0.370000
26 0.810000
26 1.290000
26 1.310000
26 0.110000
26 0.720000
26 0.550000
26 0.070000
26 0.410000
26 1.080000
26 0.760000
26 0.780000
26 1.050000
26 2.320000
26 0.460000
26 0.410000
26 0.250000
26 1.070000
26 0.230000
26 0.790000
26 0.380000
27 1.810000
27 1.800000
27 0.510000
27 0.420000
27 0.250000
27 1.700000
27 0.370000
27 1.680000
27 0.900000
27 0.810000
27 0.630000
27 1.880000
27 0.870000
27 0.900000
27 0.380000
27 2.230000
27 0.960000
27 1.630000
27 1.060000
27 0.410000
27 0.810000
27 1.180000
27 3.180000
27 0.940000
27 0.780000
27 1.210000
27 0.440000
27 0.440000
27 0.530000
27 0.570000
27 0.290000
27 0.550000
27 0.470000
27 0.810000
27 0.640000
27 1.200000
27 0.310000
27 0.310000
27 0.560000
27 1.130000
27 0.430000
27 4.670000
27 1.040000
27 0.510000
27 0.610000
27 0.320000
27 0.870000
27 0.640000
27 0.580000
27 0.700000
27 1.460000
27 2.390000
27 1.160000
27 0.450000
27 0.860000
27 0.640000
27 0.620000
27 0.640000
27 0.300000
27 0.580000
27 0.920000
27 0.490000
27 2.070000
27 0.620000
27 0.850000
27 0.370000
27 0.740000
27 0.430000
27 0.620000
27 1.490000
27 1.980000
27 0.780000
27 0.620000
27 0.390000
27 0.440000
27 1.690000
27 0.590000
27 0.720000
27 0.410000
27 1.730000
27 1.190000
27 0.640000
27 0.900000
27 0.400000
27 4.940000
27 0.750000
27 1.620000
27 0.860000
27 0.960000
27 0.310000
27 0.730000
27 0.700000
27 1.960000
27 0.330000
27 0.630000
27 1.570000
27 1.960000
27 0.820000
27 0.780000
27 0.210000
27 0.230000
27 1.100000
27 0.510000
27 1.700000
27 0.500000
27 0.900000
27 0.860000
27 1.510000
27 0.330000
27 2.410000
27 0.680000
27 1.130000
27 0.200000
27 1.550000
27 0.870000
27 0.360000
27 1.280000
27 1.110000
27 0.480000
27 0.880000
27 1.000000
27 1.290000
27 0.850000
27 1.480000
27 1.700000
27 0.460000
27 0.420000
27 0.430000
27 0.900000
27 0.780000
27 0.440000
27 0.890000
27 0.190000
27 1.250000
27 0.860000
27 0.460000
27 0.680000
27 0.860000
27 0.760000
27 0.330000
27 0.490000
27 1.080000
27 0.690000
27 0.210000
27 1.130000
27 1.210000
27 0.150000
27 0.890000
27 0.670000
27 3.170000
27 0.370000
27 1.290000
27 0.720000
27 0.620000
27 3.430000
27 0.360000
27 0.210000
27 1.170000
27 1.080000
27 0.490000
27 0.550000
27 0.410000
27 0.700000
27 0.650000
27 0.590000
27 0.660000
27 0.760000
27 0.580000
27 1.200000
27 0.570000
27 1.340000
27 2.260000
27 0.950000
27 0.430000
27 1.460000
27 0.230000
27 0.680000
27 0.920000
27 0.590000
27 4.540000
27 0.280000
27 0.950000
27 1.290000
27 0.330000
27 0.460000
27 0.270000
27 0.180000
27 0.800000
27 1.870000
27 0.530000
27 0.410000
27 2.980000
27 2.800000
27 2.700000
27 0.440000
27 0.500000
27 1.170000
27 0.600000
27 2.880000
27 0.430000
27 2.690000
27 2.480000
27 0.520000
27 0.390000
27 0.720000
27 0.800000
27 1.650000
27 1.090000
27 0.260000
27 0.410000
27 0.590000
27 0.700000
27 1.040000
27 0.570000
27 1.090000
27 2.740000
27 0.670000
27 0.410000
27 0.480000
27 0.170000
27 0.630000
27 0.400000
27 1.120000
27 0.820000
27 0.510000
27 0.930000
27 1.070000
27 2.140000
27 0.540000
27 1.880000
27 1.010000
27 1.170000
27 0.350000
27 0.330000
27 1.060000
27 0.510000
27 1.120000
27 0.860000
27 0.340000
27 0.120000
27 1.670000
27 1.310000
27 0.530000
27 0.670000
27 1.210000
27 0.520000
27 5.640000
27 0.480000
27 0.570000
27 0.720000
27 1.460000
27 0.810000
27 1.100000
27 1.100000
27 0.410000
27 1.090000
27 1.010000
27 2.770000
27 0.610000
27 0.760000
27 0.520000
27 0.650000
27 2.150000
27 1.020000
27 1.390000
27 0.400000
27 0.950000
27 1.820000
27 0.620000
27 0.540000
27 0.560000
27 0.780000
27 0.740000
27 0.650000
28 1.390000
28 0.860000
28 0.900000
28 0.330000
28 0.240000
28 1.370000
28 2.020000
28 0.870000
28 1.530000
28 2.010000
28 0.360000
28 2.830000
28 1.280000
28 0.940000
28 2.120000
28 0.570000
28 3.380000
28 0.870000
28 0.770000
28 1.970000
28 0.610000
28 0.390000
28 2.410000
28 0.310000
28 0.300000
28 1.990000
28 2.390000
28 1.540000
28 1.400000
28 0.360000
28 1.380000
28 3.020000
28 1.690000
28 0.860000
28 1.500000
28 0.850000
28 0.750000
28 1.720000
28 3.690000
28 1.050000
28 0.950000
28 1.960000
28 1.120000
28 0.560000
28 0.510000
28 0.580000
28 1.070000
28 0.640000
28 1.330000
28 1.090000
28 1.580000
28 1.580000
28 2.380000
28 0.590000
28 1.740000
28 0.590000
28 1.680000
28 1.250000
28 2.660000
28 0.820000
28 1.780000
28 0.530000
28 0.740000
28 0.740000
28 0.260000
28 1.990000
28 1.850000
28 1.340000
28 1.560000
28 0.910000
28 0.550000
28 0.360000
28 1.670000
28 2.050000
28 0.860000
28 0.510000
28 0.590000
28 0.820000
28 1.240000
28 0.590000
28 0.420000
28 0.620000
28 1.360000
28 0.690000
28 1.570000
28 0.810000
28 0.500000
28 0.230000
28 1.430000
28 0.440000
28 1.210000
28 1.480000
28 0.200000
28 0.620000
28 1.530000
28 1.680000
28 0.820000
28 0.570000
28 1.840000
28 0.770000
28 0.740000
28 2.910000
28 0.450000
28 0.930000
28 0.430000
28 0.260000
28 1.950000
28 0.870000
28 0.510000
28 0.580000
28 0.950000
28 1.210000
28 1.510000
28 1.090000
28 0.800000
28 1.070000
28 3.870000
28 3.060000
28 1.790000
28 0.290000
28 1.250000
28 0.740000
28 0.670000
28 1.280000
28 0.880000
28 1.910000
28 0.450000
28 1.000000
28 0.840000
28 0.810000
28 0.340000
28 0.680000
28 0.700000
28 2.220000
28 0.630000
28 0.990000
28 0.570000
28 0.870000
28 0.360000
28 1.270000
28 0.960000
28 1.990000
28 0.610000
28 1.440000
28 1.420000
28 1.810000
28 1.870000
28 1.440000
28 0.890000
28 1.050000
28 0.780000
28 0.440000
28 2.470000
28 0.950000
28 0.750000
28 2.740000
28 4.810000
28 2.950000
28 0.290000
28 0.800000
28 0.850000
28 0.570000
28 2.270000
28 1.740000
28 0.580000
28 1.360000
28 0.650000
28 0.740000
28 2.290000
28 1.430000
28 1.070000
28 0.630000
28 1.200000
28 2.160000
28 1.220000
28 0.500000
28 1.370000
28 0.530000
28 1.130000
28 0.840000
28 1.190000
28 1.770000
28 1.770000
28 2.390000
28 0.970000
28 1.110000
28 0.940000
28 0.460000
28 0.360000
28 0.620000
28 1.020000
28 1.840000
28 2.290000
28 0.610000
28 0.850000
28 0.310000
28 0.410000
28 0.980000
28 1.280000
28 1.520000
28 1.360000
28 0.630000
28 5.030000
28 0.620000
28 1.810000
28 1.420000
28 0.610000
28 0.580000
28 0.480000
28 1.640000
28 1.640000
28 1.470000
28 1.210000
28 1.310000
28 1.150000
28 0.510000
28 1.730000
28 0.270000
28 0.350000
28 0.900000
28 0.630000
28 0.210000
28 2.520000
28 2.970000
28 1.150000
28 0.860000
28 0.320000
28 0.910000
28 0.770000
28 0.530000
28 1.010000
28 0.150000
28 1.120000
28 0.400000
28 1.790000
28 1.720000
28 0.380000
28 1.970000
28 0.670000
28 2.240000
28 1.250000
28 1.190000
28 0.670000
28 1.000000
28 0.690000
28 1.670000
28 0.170000
28 2.650000
28 0.670000
28 0.770000
28 0.430000
28 0.500000
28 1.850000
28 3.380000
28 2.110000
28 1.040000
28 1.050000
28 2.050000
28 0.670000
28 0.370000
28 0.790000
28 2.220000
28 1.570000
28 0.210000
28 0.620000
28 0.650000
28 0.610000
28 2.040000
28 1.840000
28 0.520000
28 2.270000
28 0.510000
28 1.170000
28 3.480000
28 0.970000
28 0.610000
28 1.070000
28 1.070000
28 1.820000
28 1.000000
28 0.960000
28 0.280000
28 0.290000
28 0.750000
28 2.650000
28 0.470000
28 0.850000
28 0.660000
28 1.050000
28 0.540000
28 2.750000
28 0.360000
28 1.940000
28 1.260000
28 1.060000
28 2.730000
28 0.560000
28 0.360000
28 0.720000
28 0.520000
28 0.750000
28 1.070000
28 0.340000
28 0.760000
28 1.540000
28 1.830000
28 1.140000
28 0.490000
28 0.730000
28 1.970000
28 0.950000
28 0.430000
28 0.210000
28 0.520000
28 0.310000
28 0.610000
28 0.680000
28 4.670000
28 1.180000
28 0.370000
28 0.580000
28 2.880000
28 1.140000
28 0.750000
28 0.690000
28 1.610000
28 2.360000
28 1.280000
28 3.030000
28 1.430000
28 0.800000
28 1.790000
28 1.490000
28 1.860000
28 0.530000
28 1.290000
28 1.140000
28 0.920000
28 1.160000
28 0.280000
28 1.070000
28 0.950000
28 1.390000
28 0.250000
28 0.660000
28 2.290000
28 0.470000
28 1.950000
28 1.230000
28 0.620000
29 3.200000
29 1.120000
29 0.910000
29 0.600000
29 1.640000
29 1.240000
29 1.080000
29 1.220000
29 2.630000
29 1.940000
29 0.260000
29 1.130000
29 1.360000
29 1.270000
29 0.950000
29 0.630000
29 2.320000
29 1.210000
29 1.450000
29 1.080000
29 1.340000
29 2.950000
29 0.840000
29 0.650000
29 0.720000
29 2.220000
29 0.760000
29 4.610000
29 1.160000
29 0.340000
29 1.090000
29 0.400000
29 1.420000
29 1.070000
29 0.510000
29 1.390000
29 1.080000
29 1.230000
29 1.000000
29 0.460000
29 1.070000
29 0.560000
29 0.960000
29 4.270000
29 1.140000
29 1.250000
29 1.110000
29 1.060000
29 1.640000
29 0.490000
29 0.510000
29 0.650000
29 0.620000
29 1.190000
29 0.680000
29 2.810000
29 1.940000
29 2.260000
29 2.780000
29 0.780000
29 1.510000
29 1.310000
29 0.740000
29 1.040000
29 0.910000
29 1.280000
29 0.760000
29 0.860000
29 1.540000
29 4.950000
29 1.000000
29 3.610000
29 1.030000
29 1.320000
29 2.040000
29 1.080000
29 0.930000
29 2.730000
29 2.190000
29 0.490000
29 2.510000
29 1.450000
29 2.000000
29 0.830000
29 1.280000
29 0.380000
29 0.930000
29 2.040000
29 1.210000
29 1.620000
29 0.700000
29 1.320000
29 0.490000
29 1.060000
29 0.650000
29 1.290000
29 0.510000
29 1.300000
29 2.440000
29 1.410000
29 1.780000
29 1.450000
29 1.660000
29 2.180000
29 0.410000
29 1.650000
29 1.240000
29 1.580000
29 0.850000
29 0.540000
29 1.150000
29 0.420000
29 0.400000
29 1.270000
29 3.580000
29 0.290000
29 3.500000
29 1.100000
29 1.350000
29 2.830000
29 1.900000
29 3.650000
29 0.190000
29 0.870000
29 1.110000
29 1.480000
29 1.100000
29 1.120000
29 2.020000
29 1.060000
29 0.660000
29 0.960000
29 0.440000
29 1.920000
29 2.570000
29 0.950000
29 1.390000
29 1.530000
29 0.780000
29 1.430000
29 1.170000
29 0.640000
29 2.820000
29 0.770000
29 0.900000
29 1.280000
29 1.790000
29 1.270000
29 1.210000
29 0.510000
29 1.330000
29 1.150000
29 0.290000
29 2.000000
29 0.460000
29 1.070000
29 2.620000
29 0.540000
29 0.380000
29 2.380000
29 1.350000
29 1.140000
29 1.050000
29 1.510000
29 0.620000
29 0.650000
29 0.820000
29 0.770000
29 0.530000
29 0.760000
29 2.920000
29 0.790000
29 0.890000
29 0.620000
29 2.910000
29 1.600000
29 1.040000
29 0.810000
29 4.380000
29 0.780000
29 0.670000
29 1.230000
29 2.340000
29 0.650000
29 2.440000
29 1.200000
29 2.270000
29 1.850000
29 1.300000
29 0.870000
29 0.540000
29 1.670000
29 1.440000
29 2.310000
29 0.490000
29 2.860000
29 3.010000
29 2.590000
29 0.330000
29 1.320000
29 1.110000
29 1.480000
29 0.770000
29 2.380000
29 0.250000
29 0.850000
29 1.650000
29 0.460000
29 0.400000
29 1.590000
29 4.250000
29 0.880000
29 1.580000
29 0.520000
29 1.170000
29 1.630000
29 1.630000
29 0.920000
29 1.640000
29 0.350000
29 0.770000
29 1.670000
29 1.220000
29 1.140000
29 1.980000
29 0.930000
29 1.150000
29 1.100000
29 0.760000
29 2.110000
29 1.070000
29 0.520000
29 0.590000
29 0.960000
29 0.670000
29 0.820000
29 1.060000
29 2.040000
29 2.070000
29 1.250000
29 4.210000
29 0.970000
29 2.420000
29 0.810000
29 0.940000
29 0.870000
29 0.580000
29 1.440000
29 1.380000
29 0.700000
29 2.610000
29 0.750000
29 1.320000
29 0.330000
29 2.510000
29 0.680000
29 0.970000
29 1.180000
29 0.930000
29 1.260000
29 0.830000
29 0.720000
29 1.310000
29 1.200000
29 2.240000
29 2.930000
29 1.350000
29 5.570000
29 1.060000
29 1.020000
29 1.950000
29 1.200000
29 1.890000
29 1.980000
29 0.500000
29 0.870000
29 1.100000
29 2.690000
29 0.990000
29 1.130000
29 0.580000
29 3.710000
29 1.520000
29 2.300000
29 1.360000
29 1.570000
29 1.090000
29 2.100000
29 1.660000
29 0.760000
29 0.590000
29 0.890000
29 1.460000
29 1.610000
29 0.620000
29 2.940000
29 1.360000
29 1.550000
29 0.370000
29 2.280000
29 2.550000
29 2.510000
29 3.960000
29 2.430000
29 1.620000
29 1.310000
29 3.370000
29 1.150000
29 1.110000
29 1.270000
29 0.760000
29 2.930000
29 4.360000
29 1.210000
29 3.240000
29 0.660000
29 1.180000
29 1.500000
29 0.460000
29 1.910000
29 0.880000
29 0.880000
29 0.620000
29 0.550000
29 0.340000
29 0.890000
29 2.610000
29 1.420000
29 0.770000
29 1.020000
29 0.340000
29 0.700000
29 0.270000
29 0.490000
29 1.090000
29 0.620000
29 3.930000
29 1.430000
29 1.400000
29 1.760000
29 1.070000
29 3.240000
29 0.580000
29 1.750000
29 1.500000
29 1.180000
29 4.590000
29 1.750000
29 0.770000
29 2.210000
29 0.620000
29 1.250000
29 0.770000
29 0.490000
29 0.430000
29 2.650000
29 2.040000
29 1.010000
29 0.700000
29 0.280000
29 0.260000
29 0.620000
29 0.270000
29 3.620000
29 2.170000
29 0.620000
29 1.970000
29 1.900000
29 2.470000
29 1.320000
29 3.640000
29 1.540000
29 0.970000
29 1.060000
29 2.640000
29 0.530000
29 0.640000
29 0.950000
29 1.490000
29 1.530000
29 2.250000
29 0.450000
29 0.410000
29 1.580000
29 1.470000
29 5.380000
29 1.210000
29 0.520000
29 0.750000
29 0.410000
29 1.050000
29 1.080000
29 0.730000
29 2.510000
29 1.070000
29 1.330000
29 3.810000
29 1.380000
29 0.890000
29 0.370000
29 2.000000
29 0.720000
29 1.000000
29 1.390000
29 0.430000
29 1.220000
29 0.700000
29 1.940000
29 0.680000
29 6.050000
29 0.400000
29 1.450000
29 0.490000
29 2.070000
29 1.200000
30 1.720000
30 0.800000
30 1.630000
30 0.970000
30 1.310000
30 2.000000
30 2.650000
30 0.630000
30 2.670000
30 0.760000
30 0.670000
30 1.260000
30 6.030000
30 3.350000
30 3.550000
30 2.020000
30 1.120000
30 1.660000
30 2.920000
30 1.610000
30 2.540000
30 2.860000
30 1.520000
30 1.010000
30 2.740000
30 2.940000
30 0.460000
30 1.700000
30 1.700000
30 5.380000
30 0.840000
30 2.340000
30 1.610000
30 1.450000
30 4.160000
30 0.870000
30 1.310000
30 1.550000
30 11.300000
30 2.440000
30 1.230000
30 1.320000
30 1.240000
30 1.780000
30 0.940000
30 1.650000
30 2.270000
30 0.400000
30 1.300000
30 2.500000
30 1.530000
30 3.690000
30 0.640000
30 0.330000
30 0.880000
30 1.920000
30 1.640000
30 1.070000
30 0.830000
30 4.290000
30 0.880000
30 1.570000
30 2.010000
30 0.870000
30 1.240000
30 1.190000
30 2.170000
30 2.050000
30 3.820000
30 3.890000
30 0.680000
30 2.830000
30 1.670000
30 2.550000
30 1.580000
30 2.340000
30 0.410000
30 3.250000
30 1.640000
30 2.190000
30 0.750000
30 0.930000
30 2.870000
30 2.130000
30 2.140000
30 1.770000
30 1.460000
30 0.750000
30 1.760000
30 4.330000
30 1.210000
30 1.330000
30 2.810000
30 0.530000
30 1.340000
30 1.450000
30 1.130000
30 2.090000
30 2.740000
30 1.570000
30 0.410000
30 3.120000
30 0.400000
30 2.170000
30 1.630000
30 0.420000
30 1.590000
30 0.660000
30 2.640000
30 3.170000
30 1.160000
30 1.500000
30 2.730000
30 2.210000
30 1.870000
30 0.380000
30 2.060000
30 1.180000
30 0.420000
30 3.560000
30 2.870000
30 2.200000
30 1.720000
30 3.340000
30 1.860000
30 8.420000
30 1.100000
30 0.570000
30 1.350000
30 1.700000
30 1.710000
30 2.370000
30 1.720000
30 3.270000
30 1.770000
30 0.870000
30 2.190000
30 0.340000
30 1.550000
30 1.650000
30 4.090000
30 0.150000
30 0.810000
30 1.460000
30 1.350000
30 0.840000
30 0.870000
30 1.160000
30 3.320000
30 1.290000
30 1.050000
30 2.200000
30 2.350000
30 0.640000
30 2.490000
30 1.850000
30 0.470000
30 1.660000
30 4.220000
30 6.430000
30 1.260000
30 3.050000
30 0.400000
30 1.070000
30 1.030000
30 0.530000
30 1.640000
30 1.720000
30 2.490000
30 2.020000
30 1.880000
30 2.100000
30 4.860000
30 1.850000
30 0.600000
30 2.460000
30 1.560000
30 4.950000
30 2.030000
30 1.750000
30 2.900000
30 1.900000
30 0.880000
30 1.510000
30 1.440000
30 2.770000
30 1.120000
30 2.600000
30 5.160000
30 1.910000
30 0.400000
30 2.120000
30 2.200000
30 2.900000
30 1.300000
30 8.700000
30 3.530000
30 3.040000
30 0.600000
30 2.240000
30 2.350000
30 1.430000
30 4.960000
30 1.220000
30 3.080000
30 1.390000
30 4.060000
30 1.110000
30 1.280000
30 1.690000
30 1.310000
30 1.520000
30 0.430000
30 0.750000
30 0.870000
30 0.470000
30 2.780000
30 1.860000
30 1.320000
30 1.680000
30 2.160000
30 0.360000
30 3.430000
30 1.170000
30 4.470000
30 0.980000
30 4.210000
30 1.720000
30 1.170000
30 2.690000
30 0.870000
30 1.500000
30 1.940000
30 0.760000
30 2.370000
30 2.760000
30 1.410000
30 0.240000
30 1.360000
30 2.010000
30 0.840000
30 1.860000
30 4.420000
30 0.590000
30 1.580000
30 1.500000
30 2.280000
30 1.070000
30 1.890000
30 1.840000
30 3.580000
30 1.120000
30 3.760000
30 3.500000
30 1.700000
30 5.250000
30 1.460000
30 1.210000
30 0.700000
30 1.030000
30 2.510000
30 0.970000
30 3.570000
30 2.570000
30 1.110000
30 7.130000
30 1.890000
30 0.820000
30 1.820000
30 1.260000
30 2.840000
30 1.780000
30 1.040000
30 7.330000
30 2.060000
30 1.320000
30 1.060000
30 3.290000
30 4.940000
30 3.010000
30 1.840000
30 0.860000
30 0.670000
30 3.440000
30 1.310000
30 2.700000
30 1.180000
30 0.880000
30 1.450000
30 1.370000
30 5.620000
30 0.570000
30 0.910000
30 1.120000
30 3.240000
30 4.100000
30 2.390000
30 0.450000
30 2.340000
30 2.310000
30 2.320000
30 0.720000
30 0.700000
30 3.770000
30 2.630000
30 1.200000
30 0.870000
30 1.050000
30 1.020000
30 1.570000
30 3.330000
30 1.500000
30 0.450000
30 0.540000
30 1.630000
30 0.900000
30 2.240000
30 2.700000
30 1.120000
30 1.420000
30 0.640000
30 0.580000
30 1.350000
30 2.940000
30 1.290000
30 2.930000
30 4.250000
30 0.600000
30 1.650000
30 0.560000
30 2.900000
30 2.140000
30 0.990000
30 2.620000
30 1.990000
30 0.710000
30 0.310000
30 1.230000
30 1.540000
30 6.690000
30 3.080000
30 0.690000
30 2.050000
30 4.470000
30 0.540000
30 4.830000
30 1.800000
30 2.580000
30 2.250000
30 2.020000
30 3.440000
30 1.860000
30 0.920000
30 0.690000
30 1.180000
30 1.350000
30 7.430000
30 1.590000
30 0.850000
30 1.030000
30 1.370000
30 2.090000
30 0.860000
30 4.730000
30 2.020000
30 1.220000
30 2.000000
30 1.160000
30 1.680000
30 1.540000
30 1.040000
30 1.320000
30 1.360000
30 2.800000
30 1.560000
30 1.830000
30 1.950000
30 2.530000
30 2.190000
30 1.570000
30 1.060000
30 1.490000
30 2.170000
30 2.020000
30 0.430000
30 2.070000
30 0.700000
30 1.940000
30 0.900000
30 0.670000
30 1.400000
30 2.890000
30 1.030000
30 1.070000
30 3.150000
30 1.020000
30 1.240000
30 2.230000
30 2.480000
30 2.630000
30 2.690000
30 0.650000
30 0.600000
30 1.260000
30 1.360000
30 1.070000
30 1.450000
30 4.920000
30 1.850000
30 0.860000
30 2.850000
30 1.410000
30 4.120000
30 11.010000
30 1.090000
30 0.900000
30 1.200000
30 1.560000
30 0.990000
30 0.560000
30 3.770000
30 5.290000
30 1.510000
30 3.380000
30 3.730000
30 3.640000
30 1.700000
30 1.670000
30 1.390000
30 1.220000
30 4.270000
30 0.580000
30 1.660000
30 0.410000
30 0.580000
30 2.010000
30 1.020000
30 2.080000
30 1.490000
30 1.710000
30 2.030000
30 4.190000
30 0.810000
30 0.460000
30 1.000000
30 1.490000
30 1.430000
30 2.470000
30 1.060000
30 2.870000
30 2.980000
30 0.570000
30 1.420000
30 1.130000
30 1.980000
30 1.290000
30 4.060000
30 2.240000
30 2.310000
30 5.650000
30 6.110000
30 0.680000
30 3.480000
30 1.400000
30 1.940000
30 1.510000
30 0.940000
30 2.510000
30 3.560000
30 3.240000
30 1.220000
30 1.690000
30 1.770000
30 2.630000
30 2.870000
30 0.660000
