#n running-time
32 0.810000
32 0.530000
33 1.900000
33 0.990000
33 6.280000
33 2.500000
33 2.760000
33 0.740000
33 2.460000
33 5.110000
33 0.180000
33 5.730000
34 6.440000
34 2.260000
34 6.240000
34 0.380000
34 1.080000
34 0.820000
34 0.220000
34 0.750000
34 4.170000
34 4.180000
34 2.510000
34 1.900000
34 1.690000
34 6.430000
34 1.150000
34 2.930000
34 0.530000
34 0.330000
34 3.480000
34 1.270000
34 1.680000
34 4.370000
34 9.490000
34 1.380000
34 0.630000
34 2.330000
34 2.150000
34 1.630000
34 5.770000
34 4.500000
34 2.090000
34 0.610000
34 1.960000
34 0.440000
34 0.790000
34 0.900000
34 3.960000
34 0.440000
35 3.490000
35 1.590000
35 0.740000
35 8.770000
35 7.310000
35 6.800000
35 2.080000
35 3.730000
35 2.210000
35 9.450000
35 3.620000
35 3.860000
35 2.350000
35 5.230000
35 2.540000
35 1.130000
35 4.120000
35 0.900000
35 1.310000
35 2.810000
35 2.800000
35 2.830000
35 2.270000
35 1.860000
35 2.040000
35 5.320000
35 1.660000
35 20.120000
35 1.970000
35 1.150000
35 2.800000
35 1.200000
35 0.470000
35 4.860000
35 10.400000
35 4.580000
35 3.310000
35 0.690000
35 2.790000
35 0.700000
35 2.600000
35 0.810000
35 1.040000
35 0.990000
35 8.430000
35 6.220000
35 0.990000
35 4.090000
35 2.010000
35 2.640000
35 32.670000
35 1.730000
35 2.250000
35 1.220000
35 12.180000
35 4.990000
35 1.290000
35 5.160000
35 0.430000
35 8.380000
35 1.240000
35 1.390000
35 2.940000
35 9.430000
35 4.630000
35 2.120000
35 2.660000
35 0.500000
35 1.980000
35 2.570000
35 2.960000
35 2.370000
35 2.770000
35 2.930000
35 4.990000
35 2.390000
35 3.980000
35 1.690000
35 6.470000
35 5.670000
35 2.430000
35 0.880000
35 0.770000
35 1.150000
35 3.870000
35 0.390000
35 0.560000
35 1.840000
35 1.430000
35 4.600000
35 1.480000
35 0.880000
35 1.030000
35 1.210000
35 1.100000
35 2.640000
35 1.210000
35 1.530000
35 6.260000
35 1.570000
35 4.130000
35 4.770000
35 0.830000
35 0.950000
35 3.440000
35 4.830000
35 0.840000
35 2.770000
36 5.700000
36 4.250000
36 9.300000
36 1.640000
36 2.990000
36 1.980000
36 12.160000
36 2.800000
36 2.320000
36 1.190000
36 4.210000
36 1.170000
36 0.680000
36 1.850000
36 9.710000
36 4.360000
36 3.160000
36 1.720000
36 2.060000
36 2.030000
36 1.940000
36 2.770000
36 2.980000
36 0.650000
36 7.460000
36 2.840000
36 1.660000
36 1.030000
36 1.130000
36 42.720000
36 3.850000
36 6.390000
36 25.890000
36 3.590000
36 7.210000
36 2.370000
36 0.820000
36 2.380000
36 2.350000
36 1.860000
36 7.630000
36 2.400000
36 3.540000
36 10.890000
36 39.000000
36 1.400000
36 4.160000
36 0.810000
36 0.830000
36 4.320000
36 9.600000
36 3.650000
36 3.760000
36 2.450000
36 23.950000
36 3.620000
36 1.670000
36 1.820000
36 4.080000
36 12.300000
36 4.590000
36 5.340000
36 1.720000
36 36.130000
36 3.500000
36 1.010000
36 1.730000
36 4.020000
36 4.800000
36 2.610000
36 3.190000
36 3.720000
36 1.330000
36 3.810000
36 3.740000
36 1.740000
36 4.760000
36 2.450000
36 15.850000
36 3.590000
36 3.420000
36 7.800000
36 4.700000
36 15.280000
36 1.850000
36 3.780000
36 1.020000
36 7.560000
36 2.640000
36 3.790000
36 1.200000
36 3.020000
36 0.840000
36 1.830000
36 2.480000
36 8.510000
36 1.570000
36 2.930000
36 0.720000
36 1.360000
36 2.750000
36 13.160000
36 1.270000
36 1.130000
36 9.680000
36 4.390000
36 63.910000
36 1.590000
36 6.900000
36 1.710000
36 8.530000
36 1.620000
36 1.400000
36 1.930000
36 2.990000
36 6.330000
36 26.000000
36 2.080000
36 2.970000
36 2.960000
36 2.720000
36 2.250000
36 6.880000
36 3.570000
36 2.160000
36 2.760000
36 1.700000
36 13.890000
36 7.060000
36 0.570000
36 0.570000
36 0.990000
36 13.200000
36 2.380000
36 3.750000
36 3.660000
36 4.640000
36 3.330000
36 2.300000
36 0.660000
36 11.420000
36 0.650000
36 2.250000
36 1.620000
36 7.510000
36 5.380000
36 3.770000
36 1.120000
36 6.210000
36 0.640000
36 13.370000
36 1.990000
36 2.040000
36 4.280000
36 1.600000
36 6.020000
36 1.560000
36 45.540000
36 3.850000
36 1.940000
36 1.860000
36 7.490000
36 1.180000
36 5.880000
36 1.930000
36 2.870000
36 1.690000
36 5.900000
36 1.020000
36 0.480000
36 3.160000
36 8.290000
36 3.850000
36 1.770000
36 1.980000
36 2.250000
36 4.220000
36 3.780000
36 2.430000
36 6.650000
36 3.890000
36 3.060000
36 5.000000
36 5.740000
36 1.370000
36 2.470000
36 1.510000
36 5.860000
36 6.840000
36 4.330000
36 4.540000
36 2.420000
36 0.790000
36 8.860000
36 3.580000
36 5.630000
36 0.790000
36 0.820000
36 1.030000
36 1.770000
36 1.920000
36 2.930000
36 1.360000
36 14.030000
36 0.900000
36 7.400000
36 3.380000
36 0.910000
36 4.030000
36 3.410000
36 5.070000
36 4.380000
36 0.670000
36 3.030000
36 3.000000
36 1.030000
36 1.680000
36 13.820000
36 12.620000
36 4.270000
36 1.280000
36 1.220000
36 3.440000
36 2.840000
36 7.770000
36 6.850000
36 0.890000
36 3.230000
36 2.570000
36 0.980000
36 6.150000
36 3.300000
36 1.040000
36 1.220000
36 1.380000
36 12.880000
36 1.940000
36 1.470000
36 1.550000
36 2.800000
36 6.790000
36 1.240000
37 9.040000
37 3.370000
37 1.100000
37 5.640000
37 8.110000
37 2.130000
37 9.440000
37 7.870000
37 3.020000
37 11.060000
37 16.170000
37 8.830000
37 5.400000
37 11.020000
37 4.190000
37 2.590000
37 3.650000
37 4.320000
37 3.320000
37 3.620000
37 3.010000
37 1.050000
37 5.610000
37 71.260000
37 2.720000
37 0.710000
37 9.960000
37 12.350000
37 24.110000
37 15.720000
37 6.170000
37 1.680000
37 13.580000
37 1.220000
37 2.090000
37 6.740000
37 4.760000
37 3.370000
37 10.090000
37 1.290000
37 3.060000
37 11.380000
37 18.470000
37 4.030000
37 8.340000
37 4.860000
37 3.420000
37 9.660000
37 3.160000
37 8.030000
37 5.460000
37 10.900000
37 14.910000
37 5.230000
37 5.830000
37 10.330000
37 1.920000
37 4.390000
37 14.870000
37 5.550000
37 5.830000
37 9.200000
37 5.710000
37 0.730000
37 3.390000
37 6.130000
37 7.380000
37 2.410000
37 5.070000
37 1.530000
37 4.470000
37 4.800000
37 5.690000
37 1.130000
37 0.500000
37 11.050000
37 2.310000
37 7.330000
37 2.980000
37 53.130000
37 7.920000
37 1.870000
37 2.180000
37 2.290000
37 1.750000
37 3.570000
37 14.660000
37 4.550000
37 2.470000
37 0.900000
37 2.410000
37 2.250000
37 2.420000
37 7.760000
37 5.690000
37 2.190000
37 7.770000
37 0.730000
37 6.940000
37 13.720000
37 8.340000
37 14.350000
37 48.370000
37 3.950000
37 4.110000
37 12.950000
37 4.340000
37 8.660000
37 3.830000
37 2.730000
37 9.170000
37 3.500000
37 6.400000
37 1.750000
37 0.920000
37 2.660000
37 8.700000
37 7.850000
37 5.670000
37 4.710000
37 4.760000
37 25.310000
37 2.320000
37 7.710000
37 3.700000
37 9.100000
37 2.490000
37 2.460000
37 1.000000
37 2.790000
37 12.910000
37 5.360000
37 38.950000
37 9.560000
37 5.430000
37 5.280000
37 3.290000
37 2.430000
37 0.680000
37 20.600000
37 1.690000
37 2.560000
37 1.430000
37 4.950000
37 1.040000
37 2.220000
37 1.650000
37 4.920000
37 2.610000
37 9.100000
37 2.850000
37 6.280000
37 7.480000
37 2.230000
37 10.740000
37 5.200000
37 2.800000
37 3.150000
37 7.400000
37 4.830000
37 2.100000
37 5.380000
37 1.110000
37 9.430000
37 2.680000
37 1.170000
37 5.410000
37 4.190000
37 13.980000
37 3.220000
37 1.330000
37 6.090000
37 1.330000
37 7.250000
37 3.170000
37 5.790000
37 1.790000
37 35.230000
37 5.300000
37 13.480000
37 11.770000
37 1.700000
37 14.240000
37 4.290000
37 7.320000
37 1.450000
37 11.350000
37 9.200000
37 5.500000
37 2.450000
37 10.910000
37 1.920000
37 7.790000
37 10.880000
37 2.480000
37 2.410000
37 2.890000
37 3.470000
37 7.910000
37 2.370000
37 13.040000
37 0.860000
37 4.860000
37 10.260000
37 2.000000
37 3.860000
37 22.490000
37 11.630000
37 5.160000
37 1.480000
37 4.930000
37 2.050000
37 9.090000
37 4.790000
37 2.520000
37 4.520000
37 9.170000
37 2.190000
37 20.700000
37 4.710000
37 2.440000
37 5.900000
37 24.680000
37 2.080000
37 18.900000
37 1.710000
37 4.770000
37 22.160000
37 3.220000
37 13.030000
37 5.000000
37 4.750000
37 0.850000
37 1.190000
37 3.280000
37 26.640000
37 4.340000
37 14.670000
37 2.920000
37 3.310000
37 1.570000
37 7.780000
37 6.040000
37 4.630000
37 2.910000
37 4.710000
37 13.210000
37 2.110000
37 6.710000
37 9.810000
37 3.410000
37 3.330000
37 8.130000
37 2.790000
37 22.840000
37 5.170000
37 6.270000
37 8.440000
37 3.610000
37 1.700000
37 12.490000
37 12.580000
37 8.360000
37 4.870000
37 23.730000
37 1.570000
37 3.440000
37 2.010000
37 1.670000
37 0.880000
37 2.980000
37 6.950000
37 26.790000
37 8.490000
37 4.700000
37 1.470000
37 2.840000
37 2.420000
37 11.030000
37 2.320000
37 6.410000
37 8.310000
37 5.380000
37 23.190000
37 4.190000
37 2.640000
37 6.870000
37 4.220000
37 5.010000
37 4.470000
37 4.180000
37 2.610000
37 3.360000
37 3.470000
37 1.750000
37 8.440000
37 1.130000
37 8.200000
37 15.620000
37 1.290000
37 2.640000
37 2.650000
37 6.940000
37 7.650000
37 88.790000
37 5.900000
37 16.790000
37 3.260000
37 5.540000
37 32.010000
37 3.710000
37 4.680000
37 10.750000
37 6.980000
37 18.930000
37 1.460000
37 29.760000
37 8.480000
37 5.600000
37 0.630000
37 1.930000
37 1.730000
37 2.420000
37 7.830000
37 5.900000
37 4.800000
37 3.690000
37 2.900000
37 6.240000
37 5.880000
37 23.550000
37 6.700000
37 1.580000
37 5.960000
37 7.490000
37 1.220000
37 14.480000
37 6.050000
37 2.630000
37 24.310000
37 1.680000
37 18.440000
37 6.120000
37 7.530000
37 5.970000
37 3.090000
37 5.550000
37 25.150000
37 7.490000
37 9.790000
37 1.110000
37 8.960000
37 11.650000
37 8.850000
37 6.720000
37 0.600000
37 5.950000
37 2.770000
37 4.420000
37 5.610000
37 6.540000
37 3.030000
37 9.700000
37 1.050000
38 6.210000
38 4.260000
38 2.480000
38 2.450000
38 3.870000
38 4.180000
38 1.250000
38 7.840000
38 2.010000
38 1.540000
38 1.970000
38 25.080000
38 50.610000
38 5.830000
38 4.130000
38 14.760000
38 7.680000
38 57.530000
38 5.210000
38 15.500000
38 1.720000
38 7.520000
38 11.100000
38 21.620000
38 8.090000
38 3.370000
38 1.910000
38 5.720000
38 4.590000
38 7.990000
38 0.650000
38 4.730000
38 2.640000
38 25.090000
38 3.460000
38 11.110000
38 5.700000
38 2.910000
38 1.020000
38 7.720000
38 40.190000
38 7.250000
38 23.850000
38 5.490000
38 6.090000
38 4.410000
38 5.000000
38 5.730000
38 6.190000
38 1.630000
38 3.970000
38 1.320000
38 1.440000
38 4.580000
38 6.460000
38 37.560000
38 3.760000
38 3.030000
38 7.390000
38 9.800000
38 11.650000
38 2.230000
38 4.500000
38 0.760000
38 4.200000
38 8.900000
38 26.520000
38 2.670000
38 6.010000
38 12.400000
38 13.870000
38 2.130000
38 5.020000
38 2.040000
38 5.530000
38 18.240000
38 0.760000
38 8.550000
38 1.120000
38 2.620000
38 1.340000
38 2.410000
38 1.210000
38 6.840000
38 2.180000
38 14.390000
38 16.230000
38 2.870000
38 7.210000
38 3.180000
38 12.690000
38 4.710000
38 4.590000
38 27.670000
38 1.600000
38 5.780000
38 15.520000
38 3.130000
38 9.520000
38 5.990000
38 1.540000
38 2.470000
38 29.880000
38 8.920000
38 13.760000
38 4.680000
38 4.230000
38 7.210000
38 2.110000
38 1.610000
38 0.810000
38 5.040000
38 2.250000
38 11.650000
38 7.090000
38 3.870000
38 9.130000
38 1.640000
38 6.460000
38 2.050000
38 9.220000
38 2.320000
38 8.980000
38 140.620000
38 5.030000
38 9.340000
38 2.350000
38 5.330000
38 4.980000
38 6.040000
38 9.080000
38 1.060000
38 15.260000
38 14.370000
38 19.420000
38 5.430000
38 2.050000
38 1.700000
38 4.680000
38 2.010000
38 3.820000
38 8.100000
38 2.490000
38 83.860000
38 11.220000
38 13.680000
38 18.990000
38 3.630000
38 4.630000
38 6.690000
38 10.300000
38 16.570000
38 3.880000
38 4.730000
38 2.860000
38 4.140000
38 1.300000
38 8.620000
38 3.140000
38 18.340000
38 24.960000
38 35.160000
38 15.160000
38 65.900000
38 2.970000
38 5.540000
38 0.840000
38 9.350000
38 6.470000
38 16.060000
38 2.170000
38 37.220000
38 26.220000
38 3.370000
38 3.350000
38 20.510000
38 6.830000
38 10.190000
38 18.110000
38 2.330000
38 1.670000
38 3.920000
38 12.390000
38 16.700000
38 3.640000
38 9.210000
38 2.390000
38 4.540000
38 1.630000
38 2.840000
38 3.720000
38 10.150000
38 1.300000
38 5.030000
38 14.380000
38 16.960000
38 6.810000
38 2.590000
38 3.690000
38 5.440000
38 0.910000
38 7.910000
38 15.150000
38 7.670000
38 4.660000
38 6.020000
38 1.850000
38 5.380000
38 1.710000
38 21.400000
38 34.630000
38 2.550000
38 42.400000
38 57.880000
38 2.280000
38 2.180000
38 39.290000
38 3.620000
38 3.030000
38 7.760000
38 2.610000
38 2.090000
38 15.560000
38 16.040000
38 3.220000
38 1.800000
38 10.930000
38 8.580000
38 2.540000
38 6.150000
38 32.810000
38 3.790000
38 5.750000
38 8.190000
38 18.380000
38 2.450000
38 2.080000
38 10.740000
38 14.720000
38 5.920000
38 23.210000
38 2.480000
38 6.770000
38 3.500000
38 7.950000
38 10.850000
38 2.690000
38 3.230000
38 4.760000
38 19.540000
38 2.070000
38 5.410000
38 1.240000
38 9.170000
38 5.290000
38 5.050000
38 8.620000
38 10.920000
38 8.860000
38 6.350000
38 19.650000
38 6.910000
38 9.800000
38 5.560000
38 1.710000
38 2.550000
38 3.670000
38 6.100000
38 2.910000
38 1.810000
38 4.250000
38 0.930000
38 42.510000
38 5.120000
38 0.880000
38 4.440000
38 19.160000
38 11.130000
38 10.910000
38 12.700000
38 3.460000
38 20.250000
38 4.400000
38 3.630000
38 9.350000
38 6.530000
38 15.240000
38 9.390000
38 40.670000
38 7.870000
38 4.280000
38 1.710000
38 2.950000
38 3.620000
38 24.910000
38 1.760000
38 4.480000
38 6.650000
38 1.640000
38 6.770000
38 22.890000
38 19.060000
38 8.660000
38 17.170000
38 9.000000
38 8.070000
38 9.540000
38 12.190000
38 1.850000
38 7.350000
38 5.770000
38 7.710000
38 14.600000
38 9.620000
38 15.460000
38 4.440000
38 6.080000
38 5.910000
38 16.270000
38 4.960000
38 5.730000
38 11.290000
38 1.640000
38 2.500000
38 4.330000
38 6.440000
38 2.250000
38 22.230000
38 3.370000
38 2.430000
38 36.110000
38 2.230000
38 4.220000
38 62.680000
38 18.710000
38 2.630000
38 17.770000
38 3.290000
38 5.500000
38 4.770000
38 3.590000
38 1.400000
38 5.490000
38 1.830000
38 5.890000
38 6.710000
38 73.140000
38 3.880000
38 26.560000
38 7.230000
38 5.130000
38 4.440000
38 8.160000
38 0.880000
38 30.120000
38 1.370000
38 4.990000
38 20.220000
38 52.320000
38 8.490000
38 22.440000
38 3.800000
38 4.510000
38 5.090000
38 2.810000
38 1.810000
38 4.800000
38 11.080000
38 16.470000
38 9.960000
38 15.250000
38 1.230000
38 2.170000
38 12.310000
38 3.400000
38 2.460000
38 15.020000
38 3.420000
38 1.430000
38 5.580000
38 5.820000
38 3.740000
38 10.570000
38 1.950000
38 2.130000
38 2.680000
38 9.950000
38 10.990000
38 1.840000
38 34.730000
38 7.740000
38 6.840000
38 2.160000
38 6.030000
38 0.680000
38 17.530000
38 3.340000
38 13.930000
38 5.610000
38 9.460000
38 1.550000
38 8.160000
38 2.620000
38 18.060000
38 3.120000
38 11.260000
38 2.240000
38 6.200000
38 2.550000
38 2.470000
38 3.190000
38 7.660000
38 4.150000
38 13.500000
38 9.070000
38 18.980000
38 16.630000
38 7.520000
38 0.780000
38 5.860000
38 6.420000
38 3.540000
38 7.930000
38 7.020000
38 1.830000
38 2.580000
38 17.060000
38 4.130000
38 6.260000
38 2.990000
38 10.240000
38 10.430000
38 5.770000
38 5.260000
38 7.980000
38 23.980000
38 8.570000
38 1.080000
38 31.320000
38 5.010000
38 10.710000
38 42.180000
38 2.930000
38 3.500000
38 2.110000
38 3.230000
38 6.500000
38 2.070000
38 2.800000
38 3.880000
38 1.920000
38 3.100000
38 12.150000
38 90.360000
38 3.530000
38 20.430000
38 4.850000
38 22.160000
38 4.590000
38 10.400000
38 6.440000
38 8.730000
38 4.890000
38 3.890000
38 2.130000
38 2.590000
38 3.580000
38 10.970000
38 14.720000
38 6.140000
38 1.450000
38 2.420000
38 8.150000
38 2.660000
38 2.990000
38 8.240000
38 1.900000
38 0.750000
38 7.110000
38 2.340000
38 12.920000
38 6.130000
39 25.550000
39 4.780000
39 12.210000
39 8.810000
39 5.820000
39 5.420000
39 6.670000
39 10.320000
39 5.440000
39 12.660000
39 10.860000
39 22.110000
39 9.210000
39 5.500000
39 2.980000
39 4.950000
39 5.760000
39 3.990000
39 3.410000
39 7.980000
39 21.400000
39 12.000000
39 10.170000
39 12.660000
39 3.660000
39 8.840000
39 18.120000
39 2.500000
39 9.960000
39 5.630000
39 13.100000
39 3.850000
39 10.990000
39 5.720000
39 17.220000
39 8.370000
39 2.500000
39 10.450000
39 2.690000
39 5.160000
39 31.210000
39 5.740000
39 5.230000
39 7.090000
39 15.260000
39 6.070000
39 8.600000
39 3.940000
39 5.310000
39 3.200000
39 4.670000
39 31.500000
39 3.710000
39 63.050000
39 8.590000
39 2.320000
39 9.360000
39 7.410000
39 34.360000
39 31.760000
39 3.720000
39 2.310000
39 8.370000
39 5.170000
39 4.800000
39 2.160000
39 7.700000
39 2.050000
39 11.560000
39 3.540000
39 6.350000
39 13.140000
39 11.210000
39 2.200000
39 8.860000
39 3.970000
39 4.200000
39 6.200000
39 5.940000
39 8.470000
39 9.420000
39 8.680000
39 21.720000
39 14.340000
39 1.400000
39 0.420000
39 2.900000
39 11.150000
39 14.650000
39 5.320000
39 2.490000
39 3.420000
39 11.000000
39 2.150000
39 3.370000
39 5.870000
39 9.340000
39 7.590000
39 10.550000
39 19.200000
39 2.650000
39 2.160000
39 7.990000
39 3.800000
39 11.040000
39 11.020000
39 5.030000
39 3.200000
39 5.550000
39 2.690000
39 3.690000
39 1.270000
39 5.020000
39 6.820000
39 4.460000
39 1.490000
39 5.500000
39 1.400000
39 1.880000
39 27.720000
39 10.080000
39 7.590000
39 14.080000
39 100.430000
39 6.260000
39 12.550000
39 13.490000
39 2.570000
39 3.500000
39 20.980000
39 5.080000
39 114.860000
39 1.880000
39 22.300000
39 9.510000
39 13.730000
39 9.140000
39 14.730000
39 3.250000
39 5.330000
39 9.150000
39 2.650000
39 3.120000
39 6.530000
39 2.950000
39 7.180000
39 9.930000
39 17.750000
39 4.620000
39 13.060000
39 79.780000
39 8.650000
39 6.600000
39 3.220000
39 9.220000
39 17.940000
39 9.980000
39 6.620000
39 4.060000
39 3.480000
39 1.250000
39 3.680000
39 7.230000
39 15.880000
39 1.870000
39 2.760000
39 2.840000
39 6.730000
39 18.740000
39 145.230000
39 31.290000
39 4.660000
39 14.880000
39 4.960000
39 12.860000
39 3.600000
39 15.190000
39 12.000000
39 6.710000
39 19.090000
39 9.570000
39 64.770000
39 4.980000
39 12.080000
39 44.450000
39 4.010000
39 13.880000
39 3.720000
39 5.720000
39 8.530000
39 6.310000
39 6.090000
39 8.390000
39 23.250000
39 7.570000
39 17.710000
39 11.400000
39 2.800000
39 3.610000
39 9.000000
39 14.060000
39 11.870000
39 7.830000
39 9.010000
39 15.890000
39 7.720000
39 4.640000
39 6.060000
39 5.820000
39 26.720000
39 1.310000
39 6.940000
39 25.950000
39 7.600000
39 4.680000
39 21.650000
39 14.750000
39 11.700000
39 5.340000
39 4.260000
39 2.430000
39 1.310000
39 2.650000
39 4.990000
39 13.280000
39 13.380000
39 12.220000
39 6.620000
39 39.640000
39 7.430000
39 4.500000
39 4.720000
39 5.450000
39 8.780000
39 5.870000
39 15.820000
39 8.040000
39 5.470000
39 6.830000
39 7.880000
39 4.400000
39 9.020000
39 8.950000
39 14.170000
39 5.110000
39 5.590000
39 24.660000
39 5.500000
39 13.790000
39 6.310000
39 23.890000
39 8.040000
39 6.940000
39 8.230000
39 3.540000
39 4.440000
39 3.880000
39 7.030000
39 10.240000
39 11.870000
39 2.680000
39 11.350000
39 38.640000
39 1.870000
39 7.620000
39 6.630000
39 28.490000
39 19.030000
39 3.940000
39 10.280000
39 13.970000
39 3.920000
39 24.510000
39 5.140000
39 8.370000
39 17.280000
39 5.910000
39 2.590000
39 1.430000
39 3.150000
39 5.200000
39 2.990000
39 2.900000
39 7.430000
39 4.440000
39 18.290000
39 12.290000
39 20.330000
39 9.280000
39 12.750000
39 2.810000
39 8.290000
39 4.100000
39 2.850000
39 7.620000
39 5.750000
39 2.310000
39 10.840000
39 4.630000
39 6.800000
39 7.050000
39 7.180000
39 7.780000
39 7.480000
39 4.330000
39 11.720000
39 2.730000
39 20.750000
39 8.520000
39 2.670000
39 3.630000
39 3.670000
39 14.250000
39 15.850000
39 238.880000
39 3.620000
39 5.990000
39 6.910000
39 8.040000
39 8.160000
39 2.780000
39 8.180000
39 14.510000
39 1.880000
39 7.600000
39 7.380000
39 1.530000
39 1.460000
39 13.670000
39 7.420000
39 44.720000
39 6.940000
39 10.420000
39 18.310000
39 2.860000
39 3.660000
39 13.540000
39 31.490000
39 5.700000
39 31.780000
39 1.280000
39 4.830000
39 7.920000
39 5.020000
39 32.840000
39 10.920000
39 3.510000
39 15.380000
39 7.490000
39 3.120000
39 9.800000
39 21.940000
39 0.760000
39 10.120000
39 3.620000
39 6.590000
39 6.830000
39 5.300000
39 5.460000
39 4.110000
39 6.520000
39 4.510000
39 2.320000
39 12.370000
39 27.650000
39 14.250000
39 15.170000
39 2.890000
39 3.110000
39 2.880000
39 7.600000
39 53.730000
39 3.100000
39 8.510000
39 14.240000
39 4.970000
39 22.080000
39 14.530000
39 12.610000
39 8.940000
39 73.380000
39 4.380000
39 3.050000
39 17.460000
39 4.930000
39 24.090000
39 2.730000
39 28.350000
39 5.440000
39 9.160000
39 6.090000
39 6.250000
39 16.640000
39 0.810000
39 23.330000
39 10.030000
39 8.780000
39 4.910000
39 11.250000
39 12.000000
39 60.730000
39 8.520000
39 18.510000
39 4.540000
39 8.350000
39 1.370000
39 3.470000
39 4.150000
39 9.760000
39 3.380000
39 3.340000
39 62.760000
39 11.880000
39 9.530000
39 17.800000
39 10.600000
39 5.360000
39 4.990000
39 2.060000
39 0.980000
39 1.830000
39 10.820000
39 12.650000
39 2.340000
39 28.040000
39 1.490000
39 6.280000
39 3.320000
39 8.190000
39 9.700000
39 3.040000
39 7.050000
39 4.880000
39 17.750000
39 7.620000
39 6.590000
39 2.930000
39 7.860000
39 29.450000
39 6.730000
39 2.730000
39 11.600000
39 9.880000
39 3.090000
39 8.340000
39 4.940000
39 4.570000
39 6.410000
39 3.580000
39 6.290000
39 11.560000
39 10.740000
39 12.450000
39 1.710000
39 24.450000
39 7.250000
39 3.900000
39 7.880000
39 8.750000
39 4.690000
39 12.460000
39 5.840000
39 18.020000
39 9.710000
39 11.100000
39 11.750000
39 11.990000
39 2.250000
39 7.830000
39 6.190000
39 6.320000
39 22.220000
39 3.210000
39 2.220000
39 22.470000
39 12.590000
39 7.940000
39 7.150000
39 26.970000
39 7.430000
39 7.180000
39 23.040000
39 11.540000
39 3.880000
39 15.650000
39 27.670000
39 6.310000
39 43.350000
39 2.630000
39 0.920000
39 13.240000
39 1.450000
39 1.910000
39 12.250000
39 2.590000
39 8.270000
39 4.520000
