#n running-time
22 0.890000
22 0.860000
23 1.150000
23 1.040000
23 1.970000
23 1.240000
23 2.430000
23 1.090000
23 1.530000
23 1.470000
23 2.790000
24 2.320000
24 1.140000
24 2.850000
24 0.740000
24 2.260000
24 2.150000
24 0.400000
24 1.270000
24 1.700000
24 0.970000
24 1.730000
24 1.050000
24 3.640000
24 5.030000
24 0.910000
24 1.100000
24 1.610000
24 2.290000
24 0.770000
24 1.460000
24 4.560000
24 0.980000
24 2.480000
24 2.630000
24 2.090000
24 1.760000
24 3.610000
24 3.180000
24 1.250000
24 5.140000
24 3.740000
24 1.500000
24 1.700000
24 1.090000
24 2.200000
24 0.950000
24 7.490000
24 1.570000
25 1.360000
25 3.080000
25 2.220000
25 4.740000
25 2.910000
25 4.580000
25 1.060000
25 1.620000
25 2.340000
25 2.600000
25 6.330000
25 3.360000
25 1.810000
25 0.860000
25 4.520000
25 2.400000
25 4.700000
25 5.290000
25 0.650000
25 1.820000
25 0.750000
25 5.250000
25 1.600000
25 2.730000
25 14.940000
25 8.900000
25 2.300000
25 1.220000
25 4.170000
25 2.240000
25 2.520000
25 4.480000
25 4.100000
25 2.160000
25 2.940000
25 10.270000
25 12.450000
25 3.730000
25 4.740000
25 4.750000
25 7.060000
25 4.500000
25 6.130000
25 5.260000
25 2.400000
25 4.500000
25 2.660000
25 1.470000
25 6.170000
25 2.600000
25 3.820000
25 2.060000
25 2.060000
25 2.110000
25 3.580000
25 2.770000
25 6.760000
25 1.650000
25 2.020000
25 1.840000
25 0.900000
25 3.050000
25 1.440000
25 1.200000
25 2.930000
25 1.690000
25 3.720000
25 10.760000
25 3.200000
25 4.130000
25 4.220000
25 3.910000
25 2.950000
25 5.360000
25 5.900000
25 2.890000
25 4.160000
25 2.550000
25 10.700000
25 1.990000
25 2.370000
25 1.510000
25 6.050000
25 5.700000
25 1.910000
25 3.670000
25 1.110000
25 1.250000
25 7.890000
26 3.270000
26 6.750000
26 3.130000
26 10.010000
26 5.560000
26 7.110000
26 5.390000
26 3.600000
26 3.640000
26 17.600000
26 9.720000
26 6.710000
26 3.220000
26 1.720000
26 12.220000
26 6.620000
26 4.160000
26 1.960000
26 9.640000
26 4.850000
26 4.120000
26 7.360000
26 5.830000
26 8.140000
26 4.240000
26 10.460000
26 5.580000
26 2.140000
26 7.270000
26 6.240000
26 1.870000
26 6.220000
26 2.980000
26 6.320000
26 6.430000
26 1.500000
26 1.900000
26 5.540000
26 6.850000
26 10.890000
26 4.440000
26 2.530000
26 5.590000
26 3.870000
26 7.810000
26 7.810000
26 4.030000
26 3.420000
26 9.100000
26 8.200000
26 6.080000
26 3.460000
26 3.350000
26 5.780000
26 3.950000
26 6.270000
26 3.350000
26 4.070000
26 3.170000
26 1.040000
26 5.700000
26 11.750000
26 5.450000
26 5.420000
26 3.590000
26 5.040000
26 7.340000
26 4.870000
26 3.330000
26 7.120000
26 1.720000
26 5.630000
26 2.970000
26 9.280000
26 12.090000
26 7.160000
26 1.490000
26 6.070000
26 1.580000
26 7.070000
26 3.220000
26 4.520000
26 8.770000
26 6.060000
26 1.560000
26 1.890000
26 7.920000
26 9.830000
26 12.570000
26 3.780000
26 5.400000
26 8.780000
26 6.350000
26 1.720000
26 1.550000
26 1.340000
26 12.290000
26 15.900000
26 3.260000
26 5.550000
26 4.100000
26 8.520000
26 6.520000
26 14.710000
26 5.990000
26 6.860000
26 6.450000
26 14.000000
26 1.140000
26 8.130000
26 3.820000
26 13.290000
26 4.380000
26 16.410000
26 7.000000
26 2.660000
26 2.000000
26 4.490000
26 6.690000
26 10.990000
26 1.880000
26 3.620000
26 1.450000
26 9.380000
26 3.010000
26 12.430000
26 4.940000
26 5.080000
26 1.450000
26 5.250000
26 2.990000
26 3.130000
26 6.080000
26 0.950000
26 25.290000
26 5.240000
26 1.880000
26 6.000000
26 4.390000
26 3.110000
26 0.430000
26 4.440000
26 2.340000
26 8.330000
26 2.340000
26 1.620000
26 3.980000
26 2.880000
26 5.490000
26 7.360000
26 10.660000
26 2.730000
26 6.990000
26 0.900000
26 3.780000
26 4.080000
26 3.880000
26 9.140000
26 3.670000
26 1.740000
26 2.570000
26 18.510000
26 8.390000
26 5.430000
26 5.170000
26 9.340000
26 1.950000
26 8.930000
26 10.360000
26 9.370000
26 6.850000
26 2.270000
26 7.500000
26 12.690000
26 10.760000
26 2.990000
26 4.250000
26 5.120000
26 5.940000
26 15.210000
26 13.930000
26 3.130000
26 11.080000
26 3.630000
27 6.190000
27 1.490000
27 5.760000
27 21.620000
27 6.170000
27 5.310000
27 6.190000
27 7.370000
27 5.180000
27 11.680000
27 5.070000
27 9.570000
27 3.350000
27 8.960000
27 7.960000
27 4.450000
27 14.750000
27 6.320000
27 5.560000
27 10.050000
27 9.220000
27 14.600000
27 5.200000
27 7.250000
27 3.810000
27 7.780000
27 23.610000
27 8.280000
27 18.630000
27 4.720000
27 7.110000
27 5.420000
27 5.440000
27 7.380000
27 8.370000
27 5.070000
27 42.390000
27 5.660000
27 12.320000
27 8.280000
27 6.070000
27 3.130000
27 4.120000
27 8.520000
27 4.320000
27 4.620000
27 2.540000
27 7.770000
27 7.510000
27 3.360000
27 9.880000
27 5.480000
27 14.180000
27 5.790000
27 8.980000
27 8.040000
27 8.410000
27 5.470000
27 10.210000
27 10.770000
27 4.080000
27 7.220000
27 2.420000
27 8.000000
27 7.150000
27 9.940000
27 3.960000
27 6.660000
27 8.430000
27 4.900000
27 4.790000
27 9.070000
27 7.080000
27 5.140000
27 19.660000
27 12.130000
27 7.070000
27 2.310000
27 6.330000
27 10.970000
27 4.000000
27 10.830000
27 5.970000
27 15.920000
27 1.820000
27 3.460000
27 7.650000
27 10.780000
27 3.250000
27 11.460000
27 13.460000
27 1.670000
27 5.150000
27 7.970000
27 1.630000
27 4.810000
27 3.380000
27 11.060000
27 6.210000
27 7.380000
27 5.130000
27 8.980000
27 2.820000
27 3.560000
27 7.240000
27 6.500000
27 11.150000
27 6.960000
27 11.780000
27 4.630000
27 5.100000
27 17.670000
27 27.580000
27 11.590000
27 15.620000
27 4.830000
27 9.310000
27 5.180000
27 5.460000
27 10.040000
27 6.610000
27 19.500000
27 2.760000
27 5.930000
27 8.850000
27 9.750000
27 9.490000
27 7.270000
27 10.200000
27 4.960000
27 8.180000
27 4.130000
27 10.050000
27 7.250000
27 10.090000
27 4.350000
27 7.630000
27 14.570000
27 6.380000
27 20.230000
27 6.530000
27 16.610000
27 3.600000
27 7.580000
27 1.990000
27 15.120000
27 14.170000
27 10.690000
27 8.990000
27 13.950000
27 3.780000
27 16.120000
27 11.950000
27 10.330000
27 4.390000
27 7.900000
27 5.120000
27 8.860000
27 6.510000
27 6.580000
27 6.130000
27 8.360000
27 8.320000
27 3.330000
27 3.240000
27 2.910000
27 10.650000
27 15.630000
27 4.470000
27 6.830000
27 19.270000
27 2.640000
27 13.120000
27 10.480000
27 14.480000
27 1.680000
27 3.400000
27 3.390000
27 3.330000
27 2.680000
27 24.090000
27 14.950000
27 4.460000
27 12.760000
27 6.930000
27 38.790000
27 3.050000
27 17.110000
27 1.080000
27 3.750000
27 7.140000
27 2.650000
27 3.550000
27 8.430000
27 3.920000
27 8.970000
27 6.620000
27 21.930000
27 6.100000
27 10.930000
27 4.750000
27 12.280000
27 11.800000
27 11.260000
27 21.620000
27 16.040000
27 5.690000
27 6.780000
27 16.210000
27 6.610000
27 5.360000
27 15.690000
27 7.930000
27 12.540000
27 7.640000
27 8.740000
27 1.750000
27 4.550000
27 5.940000
27 5.770000
27 1.950000
27 5.420000
27 12.040000
27 5.480000
27 9.430000
27 7.110000
27 7.080000
27 4.870000
27 5.540000
27 5.720000
27 6.970000
27 14.790000
27 14.090000
27 6.240000
27 3.140000
27 2.140000
27 2.980000
27 9.910000
27 16.810000
27 12.480000
27 7.890000
27 4.900000
27 2.940000
27 14.100000
27 6.840000
27 4.440000
27 8.350000
27 15.580000
27 3.120000
27 14.870000
27 13.450000
27 8.490000
27 22.870000
27 2.670000
27 14.770000
27 5.040000
27 9.130000
27 11.290000
27 4.200000
27 9.400000
27 4.870000
27 39.050000
27 5.060000
27 6.510000
27 10.310000
27 7.260000
27 2.680000
27 6.150000
27 12.540000
27 14.710000
27 4.310000
27 5.760000
27 6.040000
27 2.540000
28 8.140000
28 19.770000
28 20.020000
28 1.230000
28 16.330000
28 5.540000
28 6.830000
28 6.470000
28 5.850000
28 9.500000
28 14.800000
28 9.320000
28 10.960000
28 11.730000
28 13.490000
28 8.340000
28 18.700000
28 14.240000
28 3.650000
28 10.110000
28 2.050000
28 3.640000
28 27.380000
28 14.150000
28 10.460000
28 12.210000
28 8.630000
28 9.960000
28 11.320000
28 7.990000
28 16.410000
28 6.740000
28 11.010000
28 8.020000
28 9.970000
28 12.880000
28 27.120000
28 5.000000
28 6.730000
28 18.430000
28 17.440000
28 6.790000
28 10.160000
28 16.240000
28 15.510000
28 3.500000
28 7.030000
28 18.270000
28 14.380000
28 8.850000
28 4.540000
28 9.810000
28 17.920000
28 7.740000
28 10.990000
28 32.740000
28 10.150000
28 16.590000
28 15.910000
28 14.560000
28 16.480000
28 16.760000
28 9.060000
28 22.390000
28 7.530000
28 10.040000
28 16.730000
28 9.160000
28 17.940000
28 12.120000
28 10.970000
28 18.770000
28 7.400000
28 18.130000
28 7.640000
28 10.160000
28 9.080000
28 18.260000
28 18.930000
28 34.100000
28 9.360000
28 6.930000
28 12.780000
28 6.020000
28 3.210000
28 3.130000
28 8.730000
28 8.660000
28 2.580000
28 9.610000
28 14.600000
28 15.190000
28 22.580000
28 13.840000
28 37.100000
28 17.600000
28 25.420000
28 16.140000
28 19.130000
28 51.260000
28 17.390000
28 19.570000
28 8.540000
28 4.340000
28 31.900000
28 15.260000
28 9.680000
28 3.630000
28 10.290000
28 4.300000
28 15.420000
28 8.370000
28 6.020000
28 22.700000
28 8.790000
28 14.300000
28 14.460000
28 20.930000
28 10.800000
28 12.030000
28 17.550000
28 1.380000
28 5.050000
28 19.580000
28 3.940000
28 9.710000
28 11.310000
28 17.730000
28 20.170000
28 17.780000
28 6.170000
28 11.680000
28 10.110000
28 5.500000
28 7.280000
28 10.640000
28 36.350000
28 20.010000
28 14.480000
28 8.040000
28 32.710000
28 6.670000
28 11.660000
28 8.930000
28 33.030000
28 6.310000
28 9.940000
28 6.440000
28 36.070000
28 12.750000
28 9.660000
28 10.100000
28 18.930000
28 10.550000
28 19.370000
28 12.580000
28 18.170000
28 17.100000
28 5.050000
28 5.510000
28 18.680000
28 3.620000
28 3.400000
28 14.750000
28 6.150000
28 12.830000
28 13.630000
28 5.020000
28 12.500000
28 10.370000
28 10.630000
28 12.820000
28 11.310000
28 5.340000
28 10.280000
28 8.960000
28 7.530000
28 14.230000
28 8.500000
28 3.720000
28 12.160000
28 16.970000
28 6.970000
28 5.700000
28 17.500000
28 24.130000
28 8.050000
28 3.470000
28 21.470000
28 23.850000
28 10.910000
28 18.740000
28 17.210000
28 17.880000
28 10.430000
28 14.070000
28 9.400000
28 9.580000
28 10.750000
28 32.570000
28 8.210000
28 10.640000
28 4.990000
28 6.580000
28 7.960000
28 9.350000
28 7.400000
28 15.020000
28 6.980000
28 4.430000
28 6.560000
28 10.600000
28 6.450000
28 9.090000
28 19.380000
28 20.440000
28 14.920000
28 4.790000
28 22.620000
28 6.140000
28 37.330000
28 9.830000
28 3.390000
28 11.760000
28 9.870000
28 8.590000
28 12.700000
28 5.760000
28 5.470000
28 12.610000
28 6.340000
28 22.170000
28 16.250000
28 7.770000
28 9.540000
28 7.000000
28 14.360000
28 7.730000
28 8.640000
28 9.110000
28 5.830000
28 19.610000
28 19.760000
28 22.740000
28 14.810000
28 11.020000
28 18.460000
28 18.250000
28 17.010000
28 8.350000
28 4.860000
28 6.850000
28 6.660000
28 26.530000
28 9.170000
28 11.190000
28 12.140000
28 1.920000
28 12.830000
28 24.690000
28 3.170000
28 14.180000
28 36.620000
28 8.020000
28 10.350000
28 11.360000
28 13.470000
28 16.170000
28 10.200000
28 28.230000
28 29.180000
28 11.210000
28 7.480000
28 9.360000
28 6.010000
28 30.790000
28 5.510000
28 4.340000
28 8.940000
28 11.290000
28 8.180000
28 6.210000
28 18.880000
28 11.650000
28 19.610000
28 22.550000
28 26.980000
28 19.800000
28 11.190000
28 24.500000
28 5.140000
28 6.230000
28 11.810000
28 4.640000
28 8.950000
28 33.340000
28 4.340000
28 7.110000
28 6.110000
28 8.890000
28 21.460000
28 10.940000
28 27.580000
28 8.190000
28 14.640000
28 14.350000
28 5.250000
28 12.410000
28 14.090000
28 30.220000
28 7.590000
28 23.090000
28 9.590000
28 14.240000
28 8.290000
28 15.680000
28 4.600000
28 7.410000
28 4.600000
28 4.580000
28 26.160000
28 8.600000
28 7.790000
28 3.720000
28 12.110000
28 5.470000
28 15.450000
28 32.350000
28 2.230000
28 6.570000
28 11.920000
28 7.910000
28 6.270000
28 17.320000
28 7.830000
28 24.980000
28 7.050000
28 21.340000
28 6.840000
28 6.230000
28 7.330000
28 17.810000
28 13.930000
28 7.400000
28 12.630000
28 13.000000
28 14.430000
28 10.380000
28 6.710000
28 14.540000
29 78.290000
29 4.980000
29 39.000000
29 6.890000
29 20.880000
29 15.670000
29 9.770000
29 59.140000
29 22.020000
29 16.260000
29 13.490000
29 7.180000
29 17.470000
29 11.880000
29 15.650000
29 23.880000
29 11.120000
29 21.170000
29 19.020000
29 45.680000
29 6.670000
29 9.540000
29 26.090000
29 8.500000
29 19.310000
29 25.640000
29 30.650000
29 72.340000
29 19.550000
29 29.180000
29 28.700000
29 34.950000
29 15.320000
29 16.360000
29 15.650000
29 6.900000
29 8.870000
29 11.000000
29 11.120000
29 39.180000
29 12.960000
29 22.500000
29 14.110000
29 72.860000
29 8.140000
29 10.230000
29 8.170000
29 9.030000
29 7.430000
29 49.680000
29 25.600000
29 4.100000
29 29.000000
29 14.460000
29 19.730000
29 34.270000
29 4.500000
29 8.630000
29 26.340000
29 3.520000
29 37.900000
29 5.190000
29 16.260000
29 16.680000
29 12.370000
29 6.560000
29 13.750000
29 10.010000
29 35.230000
29 14.260000
29 10.950000
29 11.080000
29 9.210000
29 5.680000
29 8.930000
29 30.310000
29 32.150000
29 13.430000
29 10.480000
29 12.840000
29 11.890000
29 53.340000
29 12.160000
29 3.090000
29 11.570000
29 50.040000
29 12.890000
29 17.600000
29 25.080000
29 34.760000
29 20.030000
29 15.480000
29 12.890000
29 46.480000
29 18.710000
29 15.520000
29 15.060000
29 27.130000
29 10.210000
29 16.160000
29 14.490000
29 30.270000
29 6.170000
29 21.110000
29 8.280000
29 9.750000
29 21.780000
29 21.310000
29 9.150000
29 10.720000
29 10.650000
29 42.300000
29 13.690000
29 47.340000
29 13.230000
29 23.250000
29 9.650000
29 21.890000
29 25.010000
29 19.960000
29 11.570000
29 39.080000
29 31.330000
29 16.210000
29 29.100000
29 20.820000
29 26.220000
29 12.080000
29 8.810000
29 5.590000
29 38.640000
29 21.810000
29 14.510000
29 9.980000
29 14.630000
29 5.130000
29 17.960000
29 8.800000
29 2.870000
29 13.130000
29 41.370000
29 39.310000
29 19.380000
29 12.470000
29 37.980000
29 11.800000
29 14.700000
29 7.980000
29 15.930000
29 92.350000
29 60.310000
29 21.180000
29 11.550000
29 15.970000
29 17.770000
29 6.260000
29 10.800000
29 39.590000
29 36.290000
29 79.860000
29 27.550000
29 13.110000
29 16.770000
29 12.040000
29 10.760000
29 15.480000
29 10.800000
29 36.960000
29 9.820000
29 12.020000
29 6.600000
29 6.900000
29 7.640000
29 9.370000
29 18.380000
29 7.370000
29 14.900000
29 21.080000
29 5.120000
29 40.820000
29 11.020000
29 12.420000
29 27.180000
29 23.730000
29 18.340000
29 9.640000
29 6.480000
29 25.710000
29 6.170000
29 5.970000
29 61.510000
29 16.720000
29 31.190000
29 12.720000
29 6.330000
29 34.310000
29 13.650000
29 16.060000
29 15.280000
29 31.290000
29 17.200000
29 12.400000
29 45.870000
29 22.450000
29 8.020000
29 50.900000
29 14.580000
29 4.180000
29 9.170000
29 26.390000
29 12.140000
29 13.950000
29 19.080000
29 24.400000
29 19.550000
29 33.440000
29 31.880000
29 18.390000
29 35.150000
29 11.820000
29 13.800000
29 44.250000
29 14.570000
29 7.280000
29 18.900000
29 20.770000
29 15.100000
29 12.320000
29 50.780000
29 16.770000
29 6.360000
29 11.970000
29 36.940000
29 7.950000
29 6.250000
29 32.010000
29 5.690000
29 23.990000
29 15.890000
29 13.630000
29 5.920000
29 36.000000
29 17.460000
29 39.740000
29 7.640000
29 9.520000
29 24.090000
29 11.690000
29 12.640000
29 14.140000
29 12.750000
29 8.010000
29 5.040000
29 7.570000
29 12.640000
29 14.850000
29 18.250000
29 13.500000
29 36.610000
29 15.870000
29 23.630000
29 7.790000
29 24.820000
29 26.200000
29 42.120000
29 51.140000
29 14.270000
29 41.930000
29 7.320000
29 11.210000
29 15.070000
29 21.860000
29 8.450000
29 94.190000
29 21.460000
29 9.890000
29 53.260000
29 17.650000
29 18.750000
29 14.010000
29 4.250000
29 9.680000
29 7.220000
29 18.910000
29 18.740000
29 13.150000
29 13.090000
29 17.800000
29 7.690000
29 31.180000
29 12.060000
29 20.230000
29 17.100000
29 24.530000
29 28.450000
29 5.870000
29 4.170000
29 16.080000
29 16.990000
29 19.580000
29 7.970000
29 5.160000
29 25.220000
29 6.140000
29 32.190000
29 18.600000
29 30.070000
29 37.770000
29 7.420000
29 12.580000
29 11.450000
29 14.760000
29 13.790000
29 16.430000
29 30.090000
29 18.230000
29 43.170000
29 6.600000
29 67.580000
29 9.800000
29 34.350000
29 16.110000
29 17.750000
29 23.770000
29 16.440000
29 27.140000
29 19.190000
29 38.240000
29 1.720000
29 39.310000
29 5.290000
29 40.010000
29 13.030000
29 17.740000
29 37.950000
29 23.800000
29 14.750000
29 15.330000
29 6.910000
29 10.660000
29 16.930000
29 22.160000
29 21.280000
29 44.010000
29 12.490000
29 17.020000
29 9.300000
29 34.140000
29 15.720000
29 11.640000
29 24.260000
29 17.540000
29 16.170000
29 13.440000
29 36.340000
29 23.140000
29 9.970000
29 15.540000
29 17.340000
29 28.490000
29 13.370000
29 17.870000
29 18.030000
29 14.770000
29 33.270000
29 22.080000
29 27.650000
29 11.070000
29 17.070000
29 8.270000
29 61.850000
29 22.730000
29 17.460000
29 10.290000
29 11.590000
29 15.250000
29 8.350000
29 7.650000
29 12.420000
29 12.000000
29 12.790000
29 43.270000
29 18.720000
29 23.310000
29 17.300000
29 20.870000
29 48.800000
29 6.750000
29 15.610000
29 13.590000
29 10.630000
29 6.920000
29 24.520000
29 9.390000
29 18.000000
29 25.760000
29 33.590000
29 27.840000
29 14.840000
29 6.790000
29 5.330000
29 36.050000
29 15.800000
29 28.560000
29 15.600000
29 50.220000
29 8.070000
29 5.260000
29 29.070000
29 25.350000
29 21.430000
29 7.440000
29 20.000000
29 7.320000
29 36.520000
30 44.490000
30 27.430000
30 9.010000
30 22.670000
30 56.710000
30 24.250000
30 19.090000
30 33.550000
30 22.750000
30 13.950000
30 16.880000
30 38.810000
30 38.040000
30 11.720000
30 40.800000
30 37.880000
30 5.720000
30 52.150000
30 46.090000
30 13.980000
30 44.820000
30 30.830000
30 5.780000
30 10.680000
30 35.830000
30 29.770000
30 38.810000
30 3.910000
30 16.580000
30 14.470000
30 31.160000
30 31.220000
30 62.480000
30 49.910000
30 52.350000
30 13.310000
30 8.930000
30 63.740000
30 15.960000
30 46.300000
30 101.860000
30 16.590000
30 24.600000
30 17.670000
30 20.480000
30 50.920000
30 44.420000
30 42.410000
30 41.180000
30 12.140000
30 69.650000
30 17.400000
30 14.890000
30 110.860000
30 37.390000
30 30.310000
30 23.680000
30 6.700000
30 30.160000
30 25.590000
30 10.930000
30 12.310000
30 60.650000
30 12.920000
30 23.260000
30 15.870000
30 47.190000
30 29.290000
30 6.320000
30 124.050000
30 38.450000
30 39.330000
30 35.240000
30 12.540000
30 27.460000
30 30.020000
30 37.560000
30 33.980000
30 21.340000
30 20.100000
30 11.740000
30 19.260000
30 15.190000
30 10.190000
30 40.880000
30 54.870000
30 32.960000
30 21.700000
30 21.610000
30 34.120000
30 24.970000
30 36.590000
30 36.770000
30 48.050000
30 49.200000
30 32.850000
30 5.690000
30 37.490000
30 44.480000
30 54.150000
30 17.470000
30 38.050000
30 24.440000
30 9.420000
30 38.130000
30 22.820000
30 10.700000
30 17.590000
30 9.640000
30 13.630000
30 26.930000
30 29.010000
30 33.920000
30 16.300000
30 48.120000
30 62.770000
30 7.300000
30 9.700000
30 23.320000
30 14.590000
30 41.170000
30 11.230000
30 13.330000
30 26.000000
30 53.200000
30 16.360000
30 34.140000
30 46.730000
30 19.980000
30 22.700000
30 31.430000
30 71.360000
30 26.490000
30 28.740000
30 17.820000
30 26.900000
30 11.060000
30 13.080000
30 35.600000
30 40.670000
30 8.970000
30 41.350000
30 25.590000
30 18.590000
30 21.990000
30 22.450000
30 17.450000
30 66.380000
30 18.010000
30 68.810000
30 45.370000
30 20.570000
30 39.560000
30 16.740000
30 42.080000
30 39.480000
30 26.140000
30 39.080000
30 32.110000
30 70.760000
30 14.850000
30 24.130000
30 20.630000
30 39.170000
30 33.190000
30 24.990000
30 25.810000
30 41.730000
30 13.230000
30 11.920000
30 19.950000
30 59.040000
30 32.860000
30 43.120000
30 14.120000
30 5.500000
30 12.300000
30 71.170000
30 25.150000
30 16.930000
30 52.110000
30 28.300000
30 16.340000
30 18.800000
30 35.440000
30 10.780000
30 22.150000
30 41.330000
30 40.650000
30 65.920000
30 46.540000
30 30.050000
30 29.870000
30 23.450000
30 38.160000
30 51.710000
30 13.650000
30 22.920000
30 51.690000
30 21.110000
30 16.290000
30 37.680000
30 30.300000
30 9.550000
30 11.090000
30 72.760000
30 18.360000
30 17.380000
30 39.840000
30 20.990000
30 27.230000
30 13.680000
30 43.730000
30 42.960000
30 16.590000
30 13.480000
30 55.380000
30 40.620000
30 22.480000
30 16.350000
30 33.050000
30 48.160000
30 30.430000
30 127.700000
30 47.770000
30 56.590000
30 14.930000
30 25.670000
30 58.580000
30 28.070000
30 78.290000
30 16.080000
30 9.570000
30 55.280000
30 33.200000
30 9.430000
30 21.480000
30 60.540000
30 31.990000
30 36.560000
30 14.280000
30 29.820000
30 17.400000
30 47.110000
30 12.210000
30 20.170000
30 16.030000
30 52.960000
30 7.630000
30 46.360000
30 27.750000
30 30.270000
30 34.660000
30 41.510000
30 29.720000
30 5.600000
30 42.170000
30 21.210000
30 52.160000
30 36.560000
30 21.220000
30 25.060000
30 29.100000
30 13.120000
30 21.770000
30 28.540000
30 26.380000
30 35.010000
30 20.120000
30 37.100000
30 33.430000
30 45.950000
30 16.670000
30 17.850000
30 21.710000
30 23.980000
30 50.620000
30 12.810000
30 21.160000
30 19.210000
30 29.090000
30 15.870000
30 19.150000
30 14.170000
30 22.910000
30 34.350000
30 32.220000
30 15.520000
30 12.290000
30 16.280000
30 23.580000
30 40.240000
30 6.350000
30 15.570000
30 44.890000
30 54.180000
30 47.110000
30 18.130000
30 72.950000
30 31.680000
30 31.690000
30 105.210000
30 28.480000
30 7.750000
30 10.420000
30 26.260000
30 11.080000
30 54.910000
30 23.690000
30 19.220000
30 16.620000
30 119.180000
30 10.100000
30 20.980000
30 71.780000
30 28.060000
30 51.450000
30 33.890000
30 34.300000
30 20.310000
30 20.870000
30 14.400000
30 15.290000
30 81.470000
30 17.300000
30 49.500000
30 25.200000
30 11.360000
30 38.750000
30 12.900000
30 23.820000
30 17.490000
30 23.380000
30 106.040000
30 20.310000
30 27.700000
30 22.470000
30 34.000000
30 16.430000
30 27.810000
30 55.750000
30 39.670000
30 30.460000
30 14.360000
30 44.450000
30 14.830000
30 54.740000
30 12.870000
30 5.680000
30 23.840000
30 22.620000
30 16.110000
30 21.070000
30 24.920000
30 12.990000
30 9.640000
30 69.170000
30 21.100000
30 25.310000
30 36.260000
30 38.910000
30 27.950000
30 44.740000
30 34.100000
30 28.110000
30 37.090000
30 23.700000
30 9.020000
30 69.770000
30 24.300000
30 39.490000
30 28.180000
30 49.130000
30 64.070000
30 8.860000
30 23.580000
30 23.180000
30 37.500000
30 35.530000
30 25.910000
30 38.650000
30 10.340000
30 16.510000
30 17.670000
30 39.920000
30 42.800000
30 18.360000
30 30.560000
30 48.910000
30 15.430000
30 9.860000
30 23.800000
30 15.710000
30 24.600000
30 19.820000
30 19.230000
30 28.690000
30 28.050000
30 26.170000
30 32.460000
30 18.290000
30 64.490000
30 35.190000
30 39.320000
30 20.110000
30 19.860000
30 11.110000
30 22.930000
30 8.550000
30 37.490000
30 46.480000
30 29.360000
30 13.750000
30 21.140000
30 86.520000
30 33.650000
30 17.940000
30 26.620000
30 11.180000
30 29.640000
30 33.300000
30 31.080000
30 40.690000
30 15.640000
30 29.550000
30 33.310000
30 129.700000
30 52.370000
30 35.280000
30 26.690000
30 16.250000
30 13.250000
30 30.130000
30 63.160000
30 30.300000
30 85.120000
30 38.760000
30 11.910000
30 41.830000
30 10.870000
30 13.680000
30 66.970000
30 7.250000
30 35.970000
30 18.090000
30 20.590000
30 36.770000
30 43.160000
30 34.340000
30 22.560000
30 24.060000
30 23.420000
30 23.680000
30 27.020000
30 100.570000
30 16.790000
30 40.660000
30 28.240000
30 57.290000
30 23.100000
30 20.590000
30 38.810000
30 46.740000
30 24.140000
30 34.810000
30 37.540000
30 69.320000
30 29.390000
30 93.100000
30 25.530000
30 7.820000
30 33.800000
30 10.020000
30 9.430000
30 42.600000
30 21.310000
