#n running-time
27 0.110000
28 0.040000
28 0.050000
28 0.070000
28 0.110000
29 0.120000
29 0.060000
29 0.060000
29 0.110000
29 0.170000
29 0.200000
29 0.070000
29 0.170000
29 0.150000
29 0.900000
29 0.050000
29 0.080000
29 0.260000
29 0.460000
29 0.100000
29 0.110000
29 0.230000
29 0.210000
29 0.060000
29 0.430000
29 0.060000
30 0.080000
30 0.100000
30 0.050000
30 0.060000
30 0.050000
30 0.200000
30 0.060000
30 0.210000
30 0.040000
30 0.120000
30 0.150000
30 0.210000
30 0.120000
30 0.050000
30 0.860000
30 0.050000
30 0.100000
30 0.030000
30 0.090000
30 0.390000
30 0.080000
30 0.410000
30 0.110000
30 0.020000
30 0.120000
30 0.180000
30 0.040000
30 0.230000
30 0.150000
30 0.290000
30 0.030000
30 0.400000
30 0.230000
30 0.040000
30 0.080000
30 0.170000
30 0.080000
30 0.100000
30 0.050000
30 0.200000
30 0.090000
30 0.140000
30 0.040000
30 0.150000
30 0.060000
30 0.200000
30 0.040000
30 0.050000
30 0.140000
30 0.090000
30 0.130000
30 0.140000
30 0.200000
30 0.210000
30 0.260000
30 0.140000
30 0.090000
30 0.060000
30 0.350000
30 0.080000
31 0.140000
31 0.210000
31 0.140000
31 0.310000
31 0.210000
31 0.250000
31 0.200000
31 0.100000
31 0.290000
31 0.210000
31 0.160000
31 0.210000
31 0.310000
31 0.020000
31 0.310000
31 0.120000
31 0.120000
31 0.060000
31 0.110000
31 0.100000
31 0.070000
31 0.200000
31 0.110000
31 0.200000
31 0.370000
31 0.050000
31 0.340000
31 0.120000
31 0.160000
31 0.140000
31 0.210000
31 0.120000
31 0.220000
31 0.350000
31 0.310000
31 0.070000
31 0.080000
31 0.210000
31 0.130000
31 0.090000
31 0.330000
31 0.100000
31 0.140000
31 0.330000
31 0.260000
31 0.070000
31 0.130000
31 0.160000
31 0.070000
31 0.160000
31 0.090000
31 0.160000
31 0.850000
31 0.300000
31 0.210000
31 0.080000
31 0.650000
31 0.130000
31 0.030000
31 0.190000
31 0.050000
31 0.350000
31 0.370000
31 0.140000
31 0.060000
31 0.150000
31 0.220000
31 0.080000
31 0.270000
31 0.160000
31 0.310000
31 0.280000
31 0.260000
31 0.170000
31 0.090000
31 0.450000
31 0.050000
31 0.390000
31 0.040000
31 0.110000
31 0.140000
31 0.230000
31 0.260000
31 0.030000
31 0.100000
31 0.120000
31 0.140000
31 0.060000
31 0.180000
31 0.260000
31 0.480000
31 0.070000
31 0.510000
31 0.080000
31 0.080000
31 0.190000
31 0.070000
31 0.120000
31 0.100000
31 0.200000
31 0.160000
31 0.120000
31 0.140000
31 0.300000
31 0.070000
31 0.180000
31 0.100000
31 0.110000
31 0.060000
31 0.120000
31 0.270000
31 0.270000
31 0.190000
31 0.270000
31 0.070000
31 0.130000
31 0.280000
31 0.120000
31 0.120000
31 0.050000
31 0.080000
31 0.050000
31 0.030000
31 0.040000
31 0.660000
31 0.030000
31 0.190000
32 0.050000
32 0.610000
32 0.080000
32 0.540000
32 0.030000
32 0.230000
32 0.080000
32 0.190000
32 0.140000
32 0.220000
32 0.110000
32 0.330000
32 0.350000
32 0.050000
32 0.090000
32 0.140000
32 0.090000
32 0.140000
32 0.070000
32 0.100000
32 0.340000
32 0.080000
32 0.060000
32 0.750000
32 0.400000
32 0.190000
32 0.320000
32 0.130000
32 0.210000
32 0.330000
32 0.620000
32 0.100000
32 0.120000
32 0.450000
32 0.070000
32 0.620000
32 0.090000
32 0.100000
32 0.550000
32 0.450000
32 0.070000
32 0.710000
32 0.100000
32 0.590000
32 0.410000
32 0.120000
32 0.150000
32 0.300000
32 0.510000
32 0.220000
32 0.570000
32 0.160000
32 0.380000
32 0.070000
32 0.080000
32 1.120000
32 0.280000
32 0.650000
32 0.170000
32 0.020000
32 0.070000
32 0.120000
32 0.280000
32 0.240000
32 0.060000
32 0.160000
32 0.060000
32 0.620000
32 0.040000
32 0.330000
32 0.050000
32 0.030000
32 0.020000
32 0.080000
32 0.170000
32 0.180000
32 0.180000
32 0.220000
32 0.090000
32 0.290000
32 0.320000
32 0.260000
32 0.210000
32 0.200000
32 0.180000
32 0.340000
32 0.070000
32 0.860000
32 0.110000
32 0.100000
32 0.220000
32 0.330000
32 0.190000
32 0.110000
32 0.170000
32 0.190000
32 0.500000
32 0.280000
32 0.140000
32 0.380000
32 0.030000
32 0.350000
32 0.280000
32 0.240000
32 0.150000
32 0.380000
32 0.460000
32 0.770000
32 0.140000
32 0.210000
32 0.270000
32 0.040000
32 0.460000
32 0.450000
32 0.110000
32 0.050000
32 0.330000
32 0.130000
32 0.340000
32 1.110000
32 0.210000
32 0.250000
32 0.040000
32 0.520000
32 1.540000
32 0.340000
32 0.120000
32 0.210000
32 0.150000
32 0.050000
32 0.120000
32 0.120000
32 0.150000
32 0.610000
32 0.150000
32 0.130000
32 0.050000
32 0.100000
32 0.070000
32 0.030000
32 0.510000
32 0.230000
32 0.140000
32 0.230000
32 0.180000
32 0.100000
32 0.160000
32 0.070000
32 0.420000
32 0.100000
32 0.150000
32 0.150000
32 0.080000
32 0.830000
32 0.190000
32 0.180000
32 0.210000
32 0.200000
32 0.830000
32 0.140000
32 0.180000
32 0.470000
32 0.190000
32 0.350000
32 0.510000
32 0.650000
32 0.620000
32 0.120000
32 0.230000
32 0.060000
32 0.090000
32 0.070000
32 0.150000
32 0.280000
32 0.290000
32 0.230000
32 0.110000
32 0.060000
32 0.570000
32 0.100000
32 0.370000
32 0.190000
32 0.210000
32 0.240000
32 0.090000
32 0.260000
32 0.120000
32 0.060000
32 0.080000
32 0.100000
32 0.230000
32 0.340000
32 0.250000
32 0.080000
32 0.400000
32 0.380000
32 0.080000
32 0.350000
32 0.190000
32 0.170000
32 0.070000
32 0.210000
32 0.090000
32 0.300000
32 0.310000
32 0.210000
32 0.130000
32 0.070000
32 0.050000
32 0.150000
32 0.120000
32 0.140000
32 0.060000
32 0.210000
32 0.220000
32 0.100000
32 0.100000
32 0.520000
32 0.080000
32 0.090000
32 0.050000
32 0.630000
32 0.030000
32 0.100000
32 0.130000
32 0.300000
32 0.440000
32 0.240000
32 0.370000
32 0.100000
32 0.070000
32 0.150000
32 0.130000
32 0.180000
32 0.110000
32 0.060000
32 0.120000
32 0.550000
32 0.100000
32 0.410000
32 0.120000
32 0.120000
32 0.200000
32 0.150000
32 0.100000
32 0.060000
32 0.220000
32 0.080000
32 0.340000
32 0.140000
32 0.080000
33 0.440000
33 0.060000
33 1.820000
33 0.110000
33 0.040000
33 1.270000
33 0.500000
33 0.160000
33 0.040000
33 0.410000
33 0.270000
33 0.070000
33 0.040000
33 0.370000
33 0.220000
33 0.490000
33 0.360000
33 0.290000
33 0.150000
33 0.110000
33 0.080000
33 0.090000
33 0.080000
33 0.400000
33 1.120000
33 0.090000
33 0.440000
33 0.080000
33 0.100000
33 0.460000
33 0.200000
33 0.110000
33 0.310000
33 0.170000
33 0.840000
33 0.060000
33 0.060000
33 0.500000
33 0.090000
33 0.190000
33 0.320000
33 0.510000
33 0.460000
33 0.110000
33 0.320000
33 0.090000
33 0.040000
33 1.380000
33 1.110000
33 0.550000
33 0.080000
33 0.190000
33 0.240000
33 0.150000
33 0.090000
33 0.060000
33 0.630000
33 0.210000
33 0.160000
33 0.200000
33 0.910000
33 0.640000
33 1.070000
33 0.230000
33 0.290000
33 0.080000
33 0.120000
33 0.040000
33 0.220000
33 0.140000
33 0.060000
33 0.270000
33 0.110000
33 0.710000
33 0.390000
33 0.060000
33 0.150000
33 0.240000
33 0.280000
33 0.260000
33 0.080000
33 0.550000
33 0.150000
33 0.130000
33 0.160000
33 0.340000
33 0.420000
33 0.220000
33 0.610000
33 0.720000
33 0.310000
33 0.380000
33 0.270000
33 0.140000
33 0.090000
33 0.130000
33 0.600000
33 0.450000
33 0.290000
33 0.170000
33 0.290000
33 0.170000
33 0.110000
33 0.100000
33 0.540000
33 0.750000
33 0.120000
33 0.140000
33 0.510000
33 0.160000
33 0.080000
33 0.060000
33 0.170000
33 0.070000
33 0.100000
33 0.160000
33 0.070000
33 0.200000
33 0.340000
33 0.140000
33 0.130000
33 0.500000
33 0.830000
33 0.130000
33 0.370000
33 0.120000
33 0.300000
33 0.140000
33 0.040000
33 0.540000
33 0.280000
33 0.130000
33 0.140000
33 0.040000
33 0.380000
33 0.220000
33 0.450000
33 0.150000
33 0.140000
33 0.290000
33 0.140000
33 0.220000
33 0.080000
33 0.300000
33 0.120000
33 0.260000
33 0.420000
33 0.180000
33 0.210000
33 0.180000
33 0.950000
33 0.220000
33 0.060000
33 0.190000
33 0.150000
33 0.170000
33 0.080000
33 0.430000
33 0.630000
33 0.420000
33 0.310000
33 0.320000
33 0.140000
33 0.270000
33 0.510000
33 0.050000
33 0.180000
33 0.480000
33 0.120000
33 0.120000
33 0.420000
33 0.370000
33 0.090000
33 0.170000
33 0.020000
33 0.040000
33 0.380000
33 0.320000
33 0.110000
33 0.110000
33 0.150000
33 0.440000
33 0.190000
33 0.200000
33 0.090000
33 0.370000
33 0.160000
33 0.060000
33 0.240000
33 1.170000
33 0.290000
33 0.130000
33 0.910000
33 0.150000
33 0.530000
33 0.330000
33 0.080000
33 0.340000
33 0.130000
33 0.110000
33 0.080000
33 0.120000
33 0.370000
33 0.100000
33 0.330000
33 0.210000
33 0.120000
33 0.140000
33 0.270000
33 0.050000
33 0.060000
33 0.110000
33 0.140000
33 0.170000
33 0.160000
33 0.640000
33 0.170000
33 0.330000
33 0.350000
33 0.140000
33 0.310000
33 0.030000
33 0.410000
33 0.070000
33 0.250000
33 0.370000
33 0.510000
33 0.250000
33 0.150000
33 0.360000
33 0.480000
33 0.420000
33 0.280000
33 0.170000
33 0.120000
33 0.060000
33 0.150000
33 0.090000
33 0.410000
33 0.190000
33 0.190000
33 0.200000
33 0.180000
33 0.210000
33 0.120000
33 0.160000
33 0.330000
33 0.090000
33 0.130000
33 0.270000
33 0.440000
33 0.030000
33 0.240000
33 0.820000
33 0.100000
33 0.660000
33 0.110000
33 0.240000
33 0.100000
33 0.500000
33 0.130000
33 0.080000
33 0.330000
33 0.180000
33 0.270000
33 0.280000
33 0.290000
33 0.170000
33 0.100000
33 0.100000
33 0.670000
33 0.050000
33 0.390000
33 0.260000
33 0.130000
33 0.360000
33 0.150000
33 0.400000
33 0.070000
33 0.470000
33 0.060000
33 0.090000
33 0.400000
33 1.010000
33 0.160000
33 0.090000
33 0.770000
33 0.310000
33 0.230000
33 0.380000
33 0.060000
33 0.430000
33 0.080000
33 0.070000
33 0.390000
33 0.090000
33 0.860000
33 0.300000
33 0.700000
33 0.900000
33 0.430000
33 0.100000
33 0.050000
33 0.480000
33 0.130000
33 0.190000
33 0.430000
33 0.090000
33 0.390000
33 0.350000
33 0.230000
33 0.220000
33 0.070000
33 0.570000
33 0.140000
33 0.320000
33 0.410000
33 0.110000
33 0.130000
33 0.150000
33 0.030000
33 0.240000
33 0.240000
33 0.070000
33 0.180000
33 0.120000
33 0.070000
33 0.430000
33 0.140000
33 0.250000
33 0.200000
33 0.400000
33 0.050000
33 0.080000
33 0.330000
33 0.390000
33 0.120000
33 0.300000
34 0.390000
34 0.190000
34 0.240000
34 0.050000
34 0.080000
34 0.210000
34 0.130000
34 0.110000
34 0.380000
34 0.220000
34 0.740000
34 0.480000
34 0.190000
34 0.110000
34 0.410000
34 0.110000
34 0.630000
34 0.390000
34 0.430000
34 0.370000
34 0.340000
34 0.260000
34 0.090000
34 0.100000
34 0.160000
34 0.420000
34 0.140000
34 0.080000
34 0.100000
34 0.700000
34 0.230000
34 0.800000
34 0.500000
34 0.200000
34 0.200000
34 0.340000
34 0.520000
34 0.290000
34 0.160000
34 0.090000
34 0.080000
34 0.660000
34 0.150000
34 0.140000
34 0.210000
34 0.730000
34 0.520000
34 0.140000
34 0.040000
34 0.290000
34 0.100000
34 0.150000
34 0.140000
34 0.180000
34 0.210000
34 0.330000
34 0.500000
34 1.220000
34 0.410000
34 0.620000
34 0.320000
34 0.340000
34 1.060000
34 0.110000
34 0.240000
34 0.140000
34 0.220000
34 0.110000
34 0.220000
34 0.420000
34 0.130000
34 0.170000
34 0.200000
34 0.110000
34 0.200000
34 0.160000
34 0.540000
34 0.050000
34 0.250000
34 0.260000
34 0.510000
34 0.290000
34 0.220000
34 0.890000
34 0.130000
34 0.040000
34 0.110000
34 0.260000
34 0.350000
34 0.840000
34 0.420000
34 0.670000
34 0.520000
34 0.140000
34 0.080000
34 0.610000
34 0.590000
34 0.830000
34 0.460000
34 0.190000
34 0.110000
34 0.250000
34 0.040000
34 0.090000
34 0.280000
34 0.370000
34 0.140000
34 0.170000
34 0.270000
34 0.590000
34 0.140000
34 0.520000
34 0.570000
34 0.310000
34 0.200000
34 0.280000
34 0.590000
34 0.040000
34 0.420000
34 0.370000
34 0.300000
34 1.460000
34 0.180000
34 0.950000
34 0.370000
34 0.290000
34 0.050000
34 0.320000
34 0.240000
34 0.170000
34 0.650000
34 0.190000
34 0.150000
34 0.230000
34 0.060000
34 0.500000
34 0.090000
34 0.230000
34 0.210000
34 0.140000
34 0.060000
34 0.610000
34 0.310000
34 0.240000
34 0.320000
34 0.320000
34 0.300000
34 0.100000
34 0.800000
34 0.130000
34 0.110000
34 0.290000
34 0.590000
34 0.200000
34 0.910000
34 0.130000
34 0.150000
34 0.060000
34 0.390000
34 0.400000
34 0.340000
34 0.050000
34 0.130000
34 0.180000
34 0.190000
34 0.220000
34 0.860000
34 0.140000
34 0.190000
34 0.510000
34 0.200000
34 0.350000
34 0.220000
34 0.170000
34 0.800000
34 0.590000
34 0.180000
34 0.250000
34 0.080000
34 0.150000
34 0.540000
34 0.240000
34 0.190000
34 0.150000
34 0.060000
34 1.590000
34 0.080000
34 0.160000
34 0.110000
34 0.340000
34 0.130000
34 0.670000
34 0.140000
34 0.210000
34 0.160000
34 1.160000
34 0.160000
34 0.210000
34 1.520000
34 0.430000
34 0.350000
34 0.160000
34 0.090000
34 0.150000
34 0.520000
34 0.860000
34 0.250000
34 0.130000
34 0.390000
34 0.100000
34 0.050000
34 0.260000
34 0.250000
34 0.130000
34 0.600000
34 0.250000
34 0.280000
34 1.020000
34 0.040000
34 0.460000
34 0.480000
34 0.310000
34 0.250000
34 0.080000
34 0.400000
34 0.240000
34 0.080000
34 0.100000
34 0.220000
34 0.260000
34 0.080000
34 0.430000
34 0.490000
34 0.660000
34 0.140000
34 0.080000
34 0.200000
34 0.250000
34 0.100000
34 0.100000
34 0.190000
34 0.440000
34 0.720000
34 0.270000
34 0.190000
34 0.190000
34 0.140000
34 0.270000
34 0.210000
34 0.310000
34 0.420000
34 0.420000
34 0.050000
34 0.280000
34 0.050000
34 0.050000
34 0.080000
34 0.210000
34 0.110000
34 0.300000
34 0.150000
34 0.540000
34 0.110000
34 0.160000
34 0.080000
34 0.460000
34 0.140000
34 0.290000
34 0.140000
34 0.070000
34 0.180000
34 0.160000
34 0.500000
34 0.790000
34 0.320000
34 0.070000
34 1.060000
34 1.140000
34 0.520000
34 0.230000
34 0.380000
34 0.270000
34 0.090000
34 0.140000
34 0.380000
34 0.120000
34 0.110000
34 0.460000
34 0.060000
34 0.170000
34 0.130000
34 0.510000
34 0.090000
34 0.360000
34 0.220000
34 0.390000
34 1.180000
34 0.290000
34 0.190000
34 0.130000
34 1.020000
34 0.350000
34 0.310000
34 0.280000
34 0.120000
34 0.850000
34 0.100000
34 0.150000
34 0.170000
34 0.180000
34 0.140000
34 0.560000
34 0.540000
34 0.320000
34 0.150000
34 0.080000
34 0.270000
34 0.590000
34 0.540000
34 0.280000
34 0.430000
34 0.270000
34 0.080000
34 0.100000
34 0.300000
34 0.490000
34 0.370000
34 0.180000
34 0.150000
34 0.190000
34 0.220000
34 0.180000
34 0.170000
34 0.090000
34 0.100000
34 0.110000
34 0.120000
34 0.250000
34 0.170000
34 0.700000
34 0.410000
34 1.950000
34 0.180000
34 0.220000
34 0.110000
34 0.110000
34 0.370000
34 0.320000
34 0.210000
34 0.290000
34 1.400000
34 0.370000
34 0.840000
34 0.090000
34 0.220000
34 0.120000
34 0.090000
34 0.310000
34 0.340000
34 0.220000
34 0.820000
34 1.000000
34 0.230000
34 0.190000
34 0.190000
34 0.630000
34 0.050000
34 0.220000
34 0.070000
34 0.270000
34 0.110000
34 0.050000
34 0.070000
34 0.230000
34 0.060000
34 0.270000
34 0.200000
34 0.600000
34 0.210000
34 0.240000
34 0.090000
34 0.190000
34 0.340000
34 0.150000
34 0.570000
34 0.270000
34 0.330000
34 0.350000
34 0.530000
34 0.180000
34 0.180000
34 0.220000
34 0.480000
34 0.120000
34 0.500000
34 0.140000
34 0.160000
34 0.300000
34 0.210000
34 0.160000
34 0.380000
34 0.520000
34 0.090000
34 0.440000
34 0.120000
34 1.360000
34 0.310000
34 1.060000
34 0.280000
34 0.250000
34 0.140000
34 0.180000
34 0.230000
34 0.570000
34 0.120000
34 0.440000
34 0.190000
34 0.200000
34 0.680000
34 0.830000
34 0.190000
34 0.110000
34 1.020000
34 0.160000
34 0.500000
34 0.160000
34 0.060000
34 0.150000
34 0.300000
34 0.400000
34 0.200000
34 0.500000
34 0.580000
34 0.950000
34 0.100000
34 0.720000
34 0.290000
34 0.120000
34 0.210000
34 0.090000
34 0.340000
34 0.110000
34 0.260000
34 0.070000
34 0.270000
34 0.190000
34 0.180000
34 0.390000
34 1.250000
34 0.180000
34 0.460000
34 8.970000
34 0.870000
34 0.050000
34 0.170000
34 0.470000
34 0.500000
34 0.570000
35 0.550000
35 0.440000
35 0.200000
35 0.170000
35 0.160000
35 0.350000
35 0.230000
35 0.040000
35 0.390000
35 0.090000
35 0.340000
35 0.560000
35 0.420000
35 0.550000
35 0.600000
35 0.280000
35 0.120000
35 0.960000
35 0.800000
35 0.480000
35 0.120000
35 0.180000
35 0.530000
35 0.580000
35 0.600000
35 0.470000
35 0.890000
35 0.210000
35 0.420000
35 0.910000
35 0.270000
35 0.270000
35 1.550000
35 0.240000
35 0.580000
35 0.170000
35 1.150000
35 0.310000
35 1.190000
35 0.280000
35 0.210000
35 0.590000
35 0.420000
35 0.190000
35 0.060000
35 0.310000
35 0.840000
35 0.750000
35 0.130000
35 0.530000
35 0.420000
35 0.370000
35 0.290000
35 0.230000
35 0.160000
35 0.210000
35 0.200000
35 0.120000
35 0.180000
35 0.040000
35 0.290000
35 0.400000
35 0.260000
35 0.090000
35 0.550000
35 0.240000
35 0.100000
35 0.110000
35 0.170000
35 0.340000
35 0.140000
35 0.610000
35 0.380000
35 0.410000
35 0.140000
35 0.600000
35 0.190000
35 0.870000
35 0.400000
35 0.400000
35 0.630000
35 0.150000
35 0.310000
35 0.360000
35 0.110000
35 0.120000
35 0.420000
35 0.250000
35 0.800000
35 0.840000
35 0.410000
35 0.160000
35 0.300000
35 0.150000
35 0.670000
35 0.270000
35 0.600000
35 0.180000
35 0.320000
35 0.220000
35 0.080000
35 0.710000
35 0.090000
35 0.140000
35 0.100000
35 0.430000
35 0.080000
35 0.370000
35 0.420000
35 0.250000
35 0.270000
35 0.510000
35 0.930000
35 0.070000
35 0.170000
35 0.320000
35 0.120000
35 0.120000
35 0.350000
35 0.120000
35 0.470000
35 0.210000
35 0.180000
35 0.430000
35 0.900000
35 0.630000
35 0.210000
35 0.190000
35 0.750000
35 0.270000
35 0.190000
35 0.070000
35 0.220000
35 0.210000
35 0.140000
35 0.400000
35 0.250000
35 0.210000
35 0.320000
35 0.160000
35 0.130000
35 0.250000
35 0.440000
35 0.120000
35 0.430000
35 0.720000
35 0.050000
35 0.310000
35 0.380000
35 0.620000
35 0.150000
35 0.290000
35 0.140000
35 0.610000
35 0.370000
35 0.500000
35 0.410000
35 0.140000
35 0.510000
35 0.410000
35 0.060000
35 0.410000
35 1.310000
35 0.680000
35 0.610000
35 0.130000
35 0.310000
35 0.420000
35 0.040000
35 0.280000
35 0.180000
35 0.330000
35 0.250000
35 0.260000
35 0.470000
35 0.340000
35 0.140000
35 0.760000
35 0.280000
35 0.460000
35 0.320000
35 0.620000
35 0.490000
35 0.210000
35 0.060000
35 0.130000
35 0.390000
35 0.400000
35 0.070000
35 0.790000
35 0.450000
35 0.090000
35 0.360000
35 0.640000
35 0.070000
35 0.410000
35 0.630000
35 0.420000
35 1.600000
35 0.080000
35 0.790000
35 0.440000
35 0.230000
35 0.090000
35 0.070000
35 0.130000
35 0.170000
35 0.660000
35 0.110000
35 0.180000
35 0.550000
35 0.070000
35 0.340000
35 0.290000
35 0.420000
35 0.120000
35 0.380000
35 0.210000
35 0.430000
35 0.460000
35 0.210000
35 0.800000
35 0.330000
35 0.230000
35 0.130000
35 0.040000
35 0.380000
35 0.110000
35 0.490000
35 0.400000
35 1.500000
35 0.120000
35 0.520000
35 0.140000
35 0.140000
35 0.200000
35 0.410000
35 0.100000
35 0.260000
35 0.900000
35 0.590000
35 0.640000
35 0.850000
35 1.260000
35 0.700000
35 1.790000
35 0.130000
35 0.270000
35 0.380000
35 0.160000
35 0.620000
35 0.390000
35 0.100000
35 0.100000
35 0.200000
35 0.870000
35 0.370000
35 0.090000
35 0.770000
35 0.400000
35 0.210000
35 0.350000
35 0.570000
35 0.400000
35 0.130000
35 0.470000
35 0.720000
35 0.220000
35 0.400000
35 0.440000
35 0.200000
35 0.160000
35 0.120000
35 0.120000
35 0.210000
35 0.270000
35 0.220000
35 0.460000
35 0.270000
35 0.250000
35 0.320000
35 0.250000
35 0.400000
35 0.770000
35 0.120000
35 0.120000
35 0.130000
35 0.320000
35 0.480000
35 0.240000
35 0.180000
35 0.180000
35 0.310000
35 0.100000
35 0.170000
35 0.550000
35 0.350000
35 0.240000
35 0.210000
35 0.030000
35 0.160000
35 0.470000
35 0.060000
35 0.240000
35 0.300000
35 0.250000
35 0.280000
35 0.440000
35 0.550000
35 0.430000
35 0.370000
35 0.070000
35 0.410000
35 0.200000
35 0.440000
35 0.130000
35 0.160000
35 0.630000
35 0.870000
35 0.260000
35 0.090000
35 0.330000
35 0.280000
35 0.420000
35 0.320000
35 0.520000
35 0.310000
35 0.150000
35 0.110000
35 1.050000
35 0.110000
35 0.270000
35 0.730000
35 0.210000
35 0.090000
35 0.270000
35 0.170000
35 0.140000
35 0.300000
35 1.270000
35 0.960000
35 0.530000
35 0.300000
35 0.120000
35 0.510000
35 0.150000
35 0.170000
35 0.660000
35 0.250000
35 0.260000
35 0.110000
35 0.710000
35 0.170000
35 0.050000
35 0.820000
35 0.230000
35 0.160000
35 0.790000
35 0.340000
35 1.320000
35 0.160000
35 0.160000
35 0.480000
35 0.130000
35 0.530000
35 1.160000
35 0.070000
35 0.270000
35 0.300000
35 0.170000
35 0.140000
35 0.640000
35 0.140000
35 0.340000
35 0.790000
35 0.450000
35 0.070000
35 3.500000
35 0.610000
35 0.250000
35 0.100000
35 1.000000
35 0.060000
35 0.220000
35 0.070000
35 0.330000
35 0.160000
35 0.950000
35 0.260000
35 1.370000
35 0.230000
35 0.060000
35 0.330000
35 0.060000
35 0.600000
35 0.260000
35 0.470000
35 0.330000
35 0.080000
35 0.200000
35 0.300000
35 0.890000
35 0.300000
35 0.340000
35 0.240000
35 0.790000
35 0.230000
35 0.080000
35 0.450000
35 0.190000
35 0.530000
35 0.440000
35 0.140000
35 0.250000
35 0.070000
35 0.830000
35 0.260000
35 0.450000
35 0.280000
35 0.310000
35 0.870000
35 0.420000
35 0.840000
35 0.410000
35 0.220000
35 0.140000
35 0.120000
35 0.360000
35 0.150000
35 0.180000
35 0.530000
35 0.230000
35 0.760000
35 0.660000
35 0.970000
35 0.660000
35 0.490000
35 0.260000
35 0.510000
35 0.830000
35 0.130000
35 0.100000
35 0.330000
35 0.800000
35 0.520000
35 0.370000
35 0.250000
35 0.300000
35 0.220000
35 0.090000
35 0.270000
35 0.640000
35 0.680000
35 0.110000
35 0.280000
35 0.460000
35 0.240000
35 0.530000
35 0.100000
35 1.190000
35 0.230000
35 0.410000
35 0.100000
35 0.580000
35 0.240000
35 0.280000
35 0.120000
35 0.660000
35 0.320000
35 0.310000
35 0.230000
35 0.270000
35 0.180000
35 0.160000
35 0.130000
35 0.280000
35 0.240000
35 0.200000
35 0.190000
35 0.760000
35 0.230000
35 0.210000
35 0.250000
35 0.420000
35 0.340000
35 0.150000
35 0.730000
35 0.210000
35 0.250000
35 0.350000
35 0.070000
35 0.360000
35 0.320000
35 0.610000
