#n running-time
200 0.000500
1607 0.008000
3196 0.042000
6135 0.096000
10337 0.192000
15336 0.372000
20457 0.604000
25578 0.726000
30699 0.868000
35820 0.950000
40941 1.186000
46062 1.362000
51183 1.502000
56304 1.872000
61425 2.008000
66546 3.144000
71667 2.672000
76788 3.106000
81909 3.366000
87030 4.664000
92151 4.634000
97272 4.800000
102393 5.212000
107514 5.330000
112635 5.660000
117756 6.328000
122877 6.502000
127998 6.866000
133119 7.214000
138240 7.092000
143361 8.670000
148482 8.044000
153603 7.918000
158724 8.312000
163845 8.428000
168966 8.416000
174087 7.596000
179208 11.840000
184329 10.060000
189450 9.840000
194571 10.248000
199692 11.574000
204813 13.022000
209934 13.714000
215055 13.736000
220176 14.108000
225297 27.618000
230418 24.460000
235539 15.390000
240660 12.140000
245781 13.024000
250902 26.838000
256023 18.800000
261144 29.112000
266265 32.270000
271386 18.120000
276507 16.628000
281628 16.654000
286749 25.158000
291870 36.992000
296991 21.114000
302112 30.012000
307233 28.240000
312354 30.712000
317475 37.546000
322596 37.452000
327717 30.878000
332838 31.046000
337959 34.128000
343080 24.314000
348201 53.026000
353322 35.340000
358443 21.768000
363564 24.646000
368685 34.298000
373806 28.966000
378927 37.460000
384048 36.212000
389169 27.578000
394290 34.600000
399411 33.898000
404532 40.894000
409653 58.604000
414774 38.642000
419895 24.080000
425016 36.364000
430137 32.334000
435258 40.452000
440379 39.312000
445500 43.496000
450621 52.414000
455742 45.138000
460863 47.572000
465984 41.502000
471105 46.594000
476226 65.046000
481347 70.562000
486468 47.544000
491589 63.600000
496710 39.490000
501831 70.014000
506952 62.424000
512073 84.288000
517194 64.514000
522315 38.722000
527436 35.738000
532557 52.734000
537678 51.266000
542799 83.290000
547920 117.314000
553041 45.688000
558162 99.414000
563283 123.678000
568404 102.902000
573525 101.638000
578646 52.198000
583767 147.573000
588888 57.630000
594009 93.254000
599130 115.592000
604251 97.790000
609372 89.470000
614493 144.962000
619614 142.856000
624735 99.710000
629856 103.210000
634977 101.938000
640098 90.574000
645219 134.078000
650340 118.980000
655461 142.876000
660582 138.856000
665703 66.602000
670824 159.256000
675945 95.308000
681066 196.640000
686187 154.930000
691308 107.014000
696429 131.662000
701550 143.882000
706671 102.548000
711792 210.714000
716913 123.336000
722034 117.368000
727155 132.110000
732276 137.300000
737397 224.586000
742518 306.582000
747639 209.098000
752760 356.672000
757881 261.268000
