#n running-time
32 0.430000
32 0.490000
33 0.460000
33 0.580000
33 0.500000
33 0.460000
33 0.470000
33 0.570000
33 0.460000
33 1.300000
33 0.480000
33 0.440000
34 0.500000
34 0.540000
34 0.490000
34 0.460000
34 0.510000
34 0.490000
34 0.520000
34 0.470000
34 0.460000
34 0.510000
34 0.550000
34 0.500000
34 0.460000
34 0.480000
34 0.520000
34 0.440000
34 0.560000
34 0.500000
34 0.460000
34 0.500000
34 0.510000
34 0.500000
34 0.500000
34 0.530000
34 0.540000
34 0.480000
34 0.480000
34 0.490000
34 0.620000
34 0.530000
34 0.480000
34 0.500000
34 0.510000
34 0.490000
34 0.480000
34 0.520000
34 0.470000
34 0.570000
35 0.490000
35 0.490000
35 0.500000
35 0.510000
35 0.430000
35 0.480000
35 0.490000
35 0.440000
35 0.480000
35 0.420000
35 0.470000
35 0.470000
35 0.740000
35 0.480000
35 0.470000
35 0.510000
35 0.490000
35 0.510000
35 0.490000
35 0.520000
35 0.470000
35 0.500000
35 0.580000
35 0.510000
35 0.520000
35 0.540000
35 0.550000
35 0.550000
35 0.530000
35 0.570000
35 0.570000
35 0.480000
35 0.560000
35 0.590000
35 0.440000
35 0.480000
35 0.460000
35 0.510000
35 0.490000
35 0.500000
35 0.470000
35 0.550000
35 0.510000
35 0.480000
35 0.470000
35 0.560000
35 0.520000
35 0.520000
35 0.530000
35 0.480000
35 0.480000
35 0.530000
35 0.520000
35 0.460000
35 0.510000
35 0.510000
35 0.570000
35 0.490000
35 0.560000
35 0.560000
35 0.500000
35 0.500000
35 0.430000
35 0.460000
35 0.490000
35 0.460000
35 0.570000
35 0.500000
35 0.530000
35 0.490000
35 0.440000
35 0.600000
35 0.480000
35 0.490000
35 0.440000
35 0.670000
35 0.500000
35 0.530000
35 0.460000
35 0.480000
35 0.550000
35 0.490000
35 0.490000
35 0.500000
35 0.530000
35 0.520000
35 0.470000
35 0.450000
35 0.550000
35 0.650000
35 0.520000
35 0.530000
35 0.600000
35 0.520000
35 0.510000
35 0.490000
35 0.500000
35 0.540000
35 0.510000
35 0.470000
35 0.510000
35 0.500000
35 0.620000
35 0.490000
35 0.490000
35 0.450000
35 0.530000
35 0.500000
36 0.560000
36 0.430000
36 0.460000
36 0.530000
36 0.490000
36 0.520000
36 0.510000
36 0.530000
36 0.510000
36 0.570000
36 0.540000
36 0.470000
36 0.540000
36 0.640000
36 0.470000
36 0.510000
36 0.510000
36 0.590000
36 0.570000
36 0.460000
36 0.490000
36 0.530000
36 0.530000
36 0.600000
36 0.490000
36 0.560000
36 0.520000
36 0.480000
36 0.520000
36 0.540000
36 0.540000
36 1.550000
36 0.500000
36 0.520000
36 0.450000
36 0.540000
36 0.530000
36 0.490000
36 0.500000
36 0.490000
36 0.480000
36 0.470000
36 0.560000
36 0.560000
36 0.480000
36 0.470000
36 0.500000
36 0.560000
36 0.500000
36 0.510000
36 0.540000
36 0.530000
36 0.500000
36 0.540000
36 0.440000
36 0.500000
36 0.480000
36 0.530000
36 0.570000
36 0.510000
36 0.480000
36 0.580000
36 0.590000
36 0.610000
36 0.570000
36 0.530000
36 0.490000
36 0.530000
36 0.470000
36 0.450000
36 0.440000
36 0.470000
36 0.590000
36 0.470000
36 0.540000
36 0.500000
36 0.560000
36 0.620000
36 0.640000
36 0.550000
36 0.670000
36 0.490000
36 0.980000
36 0.490000
36 0.510000
36 0.500000
36 0.480000
36 0.470000
36 0.530000
36 0.430000
36 0.620000
36 0.590000
36 0.470000
36 0.550000
36 0.550000
36 0.510000
36 0.470000
36 0.540000
36 0.480000
36 0.610000
36 0.660000
36 0.560000
36 3.180000
36 0.560000
36 0.470000
36 0.630000
36 0.540000
36 0.450000
36 0.470000
36 0.510000
36 0.510000
36 0.510000
36 0.480000
36 0.610000
36 0.540000
36 0.500000
36 0.470000
36 0.510000
36 0.540000
36 0.510000
36 0.550000
36 0.610000
36 0.510000
36 0.630000
36 0.490000
36 0.540000
36 0.530000
36 0.500000
36 0.500000
36 0.530000
36 0.610000
36 0.500000
36 0.530000
36 0.480000
36 0.470000
36 0.490000
36 0.650000
36 0.510000
36 0.470000
36 0.490000
36 0.500000
36 0.500000
36 0.500000
36 0.550000
36 0.490000
36 0.470000
36 0.480000
36 0.490000
36 0.470000
36 0.500000
36 0.490000
36 0.510000
36 0.550000
36 0.460000
36 0.480000
36 0.500000
36 0.490000
36 0.550000
36 0.540000
36 0.560000
36 0.490000
36 0.570000
36 0.550000
36 0.550000
36 0.550000
36 0.450000
36 0.560000
36 0.520000
36 0.490000
36 0.550000
36 0.530000
36 1.330000
36 0.490000
36 0.540000
36 0.690000
36 0.520000
36 0.570000
36 0.470000
36 0.460000
36 0.550000
36 0.500000
36 0.510000
36 0.450000
36 0.500000
36 0.520000
36 0.450000
36 0.490000
36 0.500000
36 0.540000
36 0.490000
36 0.590000
36 0.460000
36 0.480000
36 0.550000
36 0.510000
36 0.540000
36 0.520000
36 0.520000
36 0.490000
36 0.560000
36 0.500000
36 0.490000
36 0.490000
36 0.610000
36 0.540000
36 0.750000
36 0.520000
36 0.510000
36 0.550000
36 0.460000
36 0.510000
36 0.510000
36 0.450000
36 0.550000
36 0.640000
36 0.560000
36 0.760000
36 0.460000
36 0.510000
36 0.710000
36 0.540000
36 0.490000
36 0.440000
36 0.500000
36 0.510000
36 0.490000
36 0.570000
36 0.530000
36 0.590000
36 0.490000
36 0.720000
36 0.510000
36 0.600000
36 0.530000
36 0.520000
36 0.530000
36 0.500000
36 0.520000
36 0.620000
36 0.440000
36 0.490000
36 0.460000
37 0.540000
37 0.490000
37 0.690000
37 0.540000
37 0.530000
37 0.490000
37 0.780000
37 0.520000
37 0.520000
37 0.480000
37 0.550000
37 0.550000
37 0.480000
37 0.530000
37 0.480000
37 0.500000
37 0.490000
37 0.560000
37 0.530000
37 0.570000
37 0.510000
37 0.520000
37 0.470000
37 0.580000
37 0.560000
37 0.590000
37 0.520000
37 1.370000
37 0.570000
37 0.500000
37 0.530000
37 0.600000
37 0.480000
37 0.590000
37 0.460000
37 0.700000
37 0.500000
37 0.670000
37 0.500000
37 0.510000
37 0.510000
37 0.510000
37 0.510000
37 0.560000
37 0.480000
37 0.470000
37 0.550000
37 0.500000
37 0.590000
37 0.520000
37 0.480000
37 0.640000
37 0.510000
37 0.620000
37 0.510000
37 0.450000
37 0.570000
37 0.860000
37 0.580000
37 0.500000
37 0.510000
37 0.530000
37 0.800000
37 0.510000
37 0.520000
37 0.580000
37 0.560000
37 0.580000
37 0.610000
37 0.500000
37 0.530000
37 0.520000
37 0.550000
37 0.450000
37 0.770000
37 0.520000
37 0.510000
37 0.670000
37 0.450000
37 0.450000
37 0.490000
37 0.470000
37 0.560000
37 0.470000
37 0.520000
37 0.480000
37 0.470000
37 0.470000
37 0.530000
37 0.490000
37 0.440000
37 0.520000
37 0.500000
37 0.600000
37 0.970000
37 0.470000
37 0.580000
37 0.530000
37 0.490000
37 0.680000
37 0.560000
37 0.530000
37 0.450000
37 0.550000
37 0.490000
37 0.520000
37 0.620000
37 0.490000
37 0.440000
37 0.790000
37 0.520000
37 0.560000
37 0.530000
37 0.490000
37 0.560000
37 0.460000
37 0.440000
37 0.530000
37 0.500000
37 0.570000
37 0.530000
37 0.560000
37 0.460000
37 0.630000
37 0.480000
37 0.490000
37 0.480000
37 0.470000
37 0.610000
37 0.770000
37 0.470000
37 0.600000
37 0.480000
37 0.590000
37 0.510000
37 0.620000
37 0.510000
37 0.510000
37 0.500000
37 0.620000
37 0.490000
37 0.460000
37 0.450000
37 0.510000
37 0.560000
37 0.560000
37 0.480000
37 0.480000
37 0.500000
37 0.630000
37 0.540000
37 0.490000
37 0.510000
37 0.630000
37 0.480000
37 0.490000
37 0.520000
37 0.510000
37 0.480000
37 0.510000
37 0.510000
37 0.520000
37 0.560000
37 0.480000
37 0.470000
37 0.470000
37 0.510000
37 0.520000
37 0.550000
37 0.430000
37 0.690000
37 0.510000
37 0.610000
37 0.480000
37 0.470000
37 0.730000
37 0.450000
37 0.580000
37 0.460000
37 0.500000
37 0.490000
37 0.450000
37 0.470000
37 0.580000
37 0.710000
37 0.530000
37 0.490000
37 0.460000
37 0.550000
37 0.510000
37 0.620000
37 0.570000
37 0.470000
37 0.550000
37 0.540000
37 0.650000
37 0.570000
37 0.510000
37 0.500000
37 0.560000
37 0.510000
37 0.510000
37 0.490000
37 0.610000
37 0.580000
37 0.470000
37 0.500000
37 0.480000
37 0.500000
37 0.500000
37 0.470000
37 0.480000
37 0.500000
37 0.500000
37 0.480000
37 0.470000
37 0.510000
37 0.510000
37 0.600000
37 0.510000
37 0.550000
37 0.550000
37 0.630000
37 0.500000
37 0.580000
37 0.550000
37 0.610000
37 0.500000
37 0.470000
37 0.520000
37 0.510000
37 0.590000
37 0.510000
37 0.540000
37 0.510000
37 0.530000
37 0.580000
37 0.570000
37 0.500000
37 0.700000
37 0.530000
37 0.650000
37 0.440000
37 0.480000
37 0.490000
37 0.530000
37 0.590000
37 0.540000
37 0.490000
37 0.510000
37 0.530000
37 0.480000
37 0.510000
37 0.490000
37 0.530000
37 0.530000
37 0.590000
37 0.480000
37 0.490000
37 0.480000
37 0.600000
37 0.550000
37 0.470000
37 0.580000
37 0.710000
37 0.490000
37 0.530000
37 0.550000
37 0.510000
37 0.550000
37 0.500000
37 0.590000
37 0.470000
37 0.440000
37 0.490000
37 0.500000
37 0.520000
37 0.490000
37 0.500000
37 0.630000
37 0.540000
37 0.490000
37 0.470000
37 0.500000
37 0.490000
37 0.560000
37 0.450000
37 0.600000
37 0.810000
37 0.550000
37 0.450000
37 0.520000
37 0.510000
37 0.490000
37 0.550000
37 0.450000
37 0.530000
37 0.540000
37 0.470000
37 0.480000
37 0.510000
37 0.520000
37 0.540000
37 0.510000
37 0.500000
37 0.510000
37 0.530000
37 0.530000
37 0.480000
37 0.490000
37 0.540000
37 0.520000
37 0.530000
37 0.530000
37 0.500000
37 0.520000
37 0.510000
37 0.550000
37 0.530000
37 0.530000
37 0.490000
37 0.500000
37 0.870000
37 0.490000
37 0.490000
37 0.480000
37 0.500000
37 0.490000
37 0.510000
37 0.480000
37 0.490000
37 0.550000
37 0.510000
37 0.510000
37 0.510000
37 0.510000
37 0.500000
37 0.480000
37 0.550000
37 0.570000
37 0.460000
37 0.520000
37 0.530000
37 0.590000
37 0.500000
37 0.500000
37 0.570000
37 0.530000
37 0.510000
37 0.480000
37 0.480000
37 0.550000
37 0.490000
37 0.510000
37 0.470000
37 0.860000
37 0.470000
37 0.460000
37 0.770000
37 0.510000
37 0.490000
37 0.450000
37 0.480000
37 0.510000
38 0.480000
38 0.530000
38 0.500000
38 0.540000
38 0.500000
38 0.550000
38 0.470000
38 0.470000
38 0.490000
38 0.530000
38 0.480000
38 0.690000
38 0.540000
38 0.550000
38 0.580000
38 0.570000
38 0.560000
38 0.510000
38 0.500000
38 0.510000
38 0.480000
38 0.590000
38 0.540000
38 0.530000
38 0.570000
38 0.490000
38 0.500000
38 0.550000
38 0.500000
38 0.730000
38 0.560000
38 0.600000
38 1.150000
38 0.690000
38 0.480000
38 0.780000
38 0.660000
38 0.520000
38 0.540000
38 0.520000
38 0.480000
38 0.490000
38 0.520000
38 0.510000
38 0.560000
38 0.690000
38 0.590000
38 1.110000
38 0.540000
38 0.600000
38 0.480000
38 0.520000
38 0.570000
38 0.560000
38 0.560000
38 0.530000
38 0.540000
38 0.820000
38 0.570000
38 0.510000
38 0.470000
38 0.500000
38 0.500000
38 0.510000
38 0.450000
38 0.530000
38 0.470000
38 0.500000
38 0.490000
38 0.570000
38 0.500000
38 0.540000
38 0.560000
38 0.540000
38 0.670000
38 0.740000
38 0.560000
38 0.520000
38 0.670000
38 0.540000
38 0.520000
38 0.670000
38 0.540000
38 0.500000
38 0.510000
38 0.490000
38 0.790000
38 0.580000
38 0.500000
38 0.500000
38 0.470000
38 0.510000
38 0.540000
38 0.580000
38 0.460000
38 0.520000
38 0.570000
38 0.570000
38 0.620000
38 0.530000
38 0.520000
38 0.450000
38 0.550000
38 0.450000
38 0.550000
38 0.470000
38 0.520000
38 0.630000
38 0.570000
38 0.630000
38 0.510000
38 0.510000
38 0.530000
38 0.580000
38 0.520000
38 0.510000
38 0.600000
38 0.480000
38 0.530000
38 0.500000
38 0.920000
38 0.470000
38 0.580000
38 0.630000
38 0.650000
38 0.580000
38 0.560000
38 0.560000
38 0.500000
38 0.510000
38 0.490000
38 0.550000
38 1.140000
38 0.480000
38 0.550000
38 0.520000
38 0.480000
38 0.580000
38 0.560000
38 0.490000
38 0.660000
38 0.480000
38 0.520000
38 0.510000
38 0.520000
38 0.630000
38 0.560000
38 0.480000
38 0.670000
38 0.520000
38 0.510000
38 0.540000
38 0.470000
38 0.630000
38 0.510000
38 0.520000
38 0.580000
38 0.540000
38 0.590000
38 0.510000
38 0.550000
38 0.430000
38 0.560000
38 0.530000
38 0.510000
38 0.450000
38 0.790000
38 0.700000
38 0.480000
38 0.630000
38 0.620000
38 0.470000
38 0.460000
38 0.490000
38 0.480000
38 0.540000
38 0.670000
38 0.530000
38 0.630000
38 0.520000
38 0.830000
38 0.540000
38 0.500000
38 0.550000
38 0.460000
38 0.500000
38 0.580000
38 0.530000
38 0.560000
38 0.600000
38 0.550000
38 0.580000
38 0.500000
38 0.600000
38 0.520000
38 0.490000
38 0.510000
38 0.500000
38 0.520000
38 0.500000
38 0.520000
38 0.540000
38 0.760000
38 0.470000
38 0.510000
38 0.510000
38 0.510000
38 0.630000
38 0.460000
38 0.480000
38 0.520000
38 0.470000
38 0.530000
38 0.500000
38 0.550000
38 0.510000
38 0.520000
38 0.640000
38 0.510000
38 0.580000
38 0.490000
38 0.580000
38 0.460000
38 0.600000
38 0.470000
38 0.510000
38 0.580000
38 0.600000
38 0.680000
38 0.530000
38 0.480000
38 0.480000
38 0.500000
38 0.490000
38 0.720000
38 0.490000
38 0.490000
38 0.520000
38 0.510000
38 0.560000
38 0.490000
38 0.460000
38 0.510000
38 0.560000
38 0.540000
38 0.610000
38 0.600000
38 0.460000
38 0.480000
38 0.480000
38 0.470000
38 0.640000
38 0.510000
38 0.530000
38 0.810000
38 0.550000
38 0.480000
38 0.550000
38 0.640000
38 0.560000
38 0.490000
38 0.490000
38 0.830000
38 0.490000
38 0.620000
38 0.530000
38 0.520000
38 0.470000
38 0.490000
38 0.550000
38 0.550000
38 0.510000
38 0.670000
38 0.490000
38 0.490000
38 0.510000
38 0.610000
38 0.510000
38 0.500000
38 0.520000
38 0.520000
38 0.560000
38 0.530000
38 0.530000
38 0.470000
38 0.500000
38 0.480000
38 0.550000
38 0.490000
38 0.470000
38 0.490000
38 0.520000
38 0.500000
38 0.500000
38 0.510000
38 0.500000
38 0.500000
38 0.540000
38 0.680000
38 0.520000
38 0.820000
38 0.530000
38 0.510000
38 0.520000
38 0.490000
38 0.510000
38 0.570000
38 0.460000
38 1.350000
38 0.560000
38 0.640000
38 0.560000
38 0.520000
38 0.510000
38 0.570000
38 0.560000
38 0.580000
38 0.600000
38 0.480000
38 0.520000
38 0.470000
38 0.470000
38 0.630000
38 0.570000
38 0.600000
38 0.620000
38 0.500000
38 0.470000
38 0.700000
38 0.540000
38 0.450000
38 0.500000
38 0.540000
38 0.660000
38 0.500000
38 0.580000
38 0.520000
38 0.470000
38 0.590000
38 0.480000
38 0.490000
38 0.650000
38 0.470000
38 0.530000
38 0.590000
38 0.520000
38 0.510000
38 0.690000
38 0.680000
38 0.530000
38 0.560000
38 0.540000
38 0.480000
38 0.540000
38 0.750000
38 0.460000
38 0.470000
38 0.550000
38 0.650000
38 0.510000
38 0.530000
38 0.510000
38 0.530000
38 0.480000
38 0.460000
38 0.570000
38 0.510000
38 0.490000
38 0.470000
38 0.540000
38 0.510000
38 0.830000
38 0.490000
38 0.520000
38 0.740000
38 0.500000
38 0.560000
38 0.520000
38 0.490000
38 0.510000
38 0.550000
38 0.520000
38 0.580000
38 0.500000
38 0.570000
38 0.850000
38 0.510000
38 0.500000
38 0.480000
38 0.460000
38 0.670000
38 0.480000
38 0.520000
38 0.780000
38 0.490000
38 0.720000
38 0.510000
38 0.540000
38 0.600000
38 0.470000
38 0.790000
38 0.540000
38 0.510000
38 0.680000
38 0.460000
38 0.510000
38 0.550000
38 0.480000
38 0.480000
38 0.480000
38 0.470000
38 0.590000
38 0.540000
38 0.640000
38 0.570000
38 0.500000
38 0.530000
38 0.550000
38 0.570000
38 0.530000
38 0.550000
38 0.560000
38 1.160000
38 0.500000
38 0.490000
38 0.590000
38 0.570000
38 0.560000
38 0.490000
38 0.490000
38 0.500000
38 0.650000
38 0.480000
38 0.540000
38 0.560000
38 0.540000
38 0.510000
38 0.510000
38 0.500000
38 0.560000
38 0.520000
38 0.530000
38 0.680000
38 0.810000
38 0.660000
38 0.570000
38 0.690000
38 0.550000
38 0.760000
38 0.550000
38 0.480000
38 0.490000
38 0.560000
38 1.220000
38 0.630000
38 0.510000
38 0.470000
38 0.440000
38 0.690000
38 0.510000
38 0.510000
38 0.550000
38 0.520000
38 0.470000
38 0.530000
38 0.660000
38 0.540000
38 0.480000
38 0.570000
38 0.470000
38 0.490000
38 0.580000
38 0.600000
38 0.510000
38 0.580000
38 0.520000
38 0.470000
38 0.530000
38 0.540000
38 0.640000
38 0.490000
38 0.670000
39 0.540000
39 0.460000
39 0.470000
39 0.500000
39 0.660000
39 0.650000
39 0.560000
39 0.480000
39 0.490000
39 0.510000
39 0.510000
39 0.530000
39 0.540000
39 0.560000
39 0.500000
39 0.470000
39 0.500000
39 0.450000
39 0.520000
39 0.820000
39 0.460000
39 0.470000
39 0.510000
39 0.620000
39 0.550000
39 0.490000
39 0.670000
39 0.940000
39 0.490000
39 0.520000
39 0.480000
39 0.490000
39 0.540000
39 0.520000
39 0.520000
39 0.520000
39 0.490000
39 0.500000
39 0.500000
39 0.970000
39 0.520000
39 0.520000
39 0.730000
39 0.520000
39 0.420000
39 0.490000
39 0.590000
39 0.570000
39 0.480000
39 0.540000
39 0.500000
39 1.200000
39 0.480000
39 0.560000
39 0.500000
39 0.580000
39 0.590000
39 0.560000
39 0.520000
39 0.540000
39 0.450000
39 0.510000
39 0.910000
39 0.620000
39 0.760000
39 0.580000
39 0.530000
39 0.920000
39 0.570000
39 0.480000
39 0.540000
39 0.560000
39 0.700000
39 0.530000
39 0.480000
39 0.540000
39 0.520000
39 0.500000
39 0.590000
39 0.510000
39 0.510000
39 0.510000
39 0.490000
39 0.490000
39 0.560000
39 0.470000
39 0.480000
39 0.520000
39 0.530000
39 0.510000
39 0.500000
39 0.510000
39 0.450000
39 0.450000
39 0.670000
39 0.450000
39 0.550000
39 0.580000
39 0.550000
39 0.510000
39 0.520000
39 0.480000
39 0.640000
39 0.510000
39 0.450000
39 0.460000
39 0.610000
39 0.540000
39 0.700000
39 0.490000
39 0.570000
39 0.490000
39 0.500000
39 0.460000
39 0.510000
39 0.680000
39 0.990000
39 0.490000
39 0.550000
39 0.610000
39 0.610000
39 0.540000
39 0.800000
39 0.500000
39 0.530000
39 0.460000
39 0.540000
39 0.570000
39 0.530000
39 0.550000
39 0.560000
39 0.560000
39 0.720000
39 0.470000
39 0.500000
39 0.520000
39 0.570000
39 0.590000
39 0.500000
39 0.500000
39 0.620000
39 0.640000
39 0.510000
39 0.490000
39 0.530000
39 0.510000
39 0.890000
39 1.420000
39 0.650000
39 0.530000
39 0.540000
39 0.510000
39 0.530000
39 0.490000
39 0.530000
39 0.630000
39 0.500000
39 0.510000
39 0.610000
39 0.690000
39 0.600000
39 0.450000
39 0.670000
39 0.470000
39 0.620000
39 0.500000
39 0.590000
39 0.530000
39 0.730000
39 0.570000
39 0.540000
39 0.500000
39 0.430000
39 0.530000
39 0.540000
39 0.540000
39 0.500000
39 0.550000
39 0.510000
39 0.710000
39 0.530000
39 0.530000
39 0.550000
39 0.510000
39 0.570000
39 0.770000
39 0.600000
39 0.920000
39 0.470000
39 0.680000
39 0.540000
39 0.510000
39 0.520000
39 0.490000
39 0.510000
39 0.480000
39 0.500000
39 0.570000
39 0.850000
39 0.540000
39 1.020000
39 0.520000
39 0.480000
39 1.140000
39 0.560000
39 0.620000
39 0.550000
39 0.510000
39 0.560000
39 0.470000
39 0.520000
39 0.510000
39 0.510000
39 0.450000
39 0.570000
39 0.510000
39 0.560000
39 0.510000
39 0.460000
39 8.360000
39 0.530000
39 0.520000
39 0.550000
39 0.520000
39 0.530000
39 0.510000
39 0.580000
39 0.520000
39 0.490000
39 0.620000
39 0.830000
39 0.520000
39 0.470000
39 0.460000
39 0.470000
39 0.490000
39 0.560000
39 0.540000
39 0.570000
39 0.460000
39 0.760000
39 0.560000
39 0.490000
39 0.560000
39 0.520000
39 0.590000
39 0.810000
39 0.530000
39 0.680000
39 0.490000
39 0.530000
39 0.480000
39 0.590000
39 0.500000
39 0.480000
39 0.490000
39 0.540000
39 0.630000
39 0.560000
39 0.460000
39 0.510000
39 0.550000
39 0.510000
39 0.480000
39 0.630000
39 0.500000
39 0.570000
39 0.450000
39 0.470000
39 0.510000
39 0.660000
39 0.490000
39 0.500000
39 0.580000
39 0.510000
39 0.540000
39 0.550000
39 0.520000
39 0.550000
39 0.590000
39 0.530000
39 0.520000
39 0.540000
39 0.630000
39 0.530000
39 0.560000
39 0.890000
39 0.520000
39 0.630000
39 0.570000
39 0.550000
39 0.650000
39 0.480000
39 0.610000
39 0.570000
39 0.600000
39 0.450000
39 0.480000
39 0.710000
39 0.570000
39 0.500000
39 0.600000
39 0.780000
39 0.520000
39 0.880000
39 0.570000
39 0.530000
39 0.560000
39 0.940000
39 0.450000
39 0.500000
39 0.500000
39 0.670000
39 0.440000
39 0.470000
39 0.640000
39 0.600000
39 0.580000
39 0.540000
39 0.500000
39 0.530000
39 0.530000
39 0.470000
39 0.530000
39 0.490000
39 0.550000
39 0.520000
39 0.590000
39 0.880000
39 0.500000
39 0.520000
39 0.960000
39 0.470000
39 0.520000
39 0.520000
39 0.520000
39 0.440000
39 0.520000
39 0.500000
39 0.480000
39 0.570000
39 0.940000
39 0.520000
39 0.590000
39 0.490000
39 1.220000
39 0.440000
39 0.540000
39 0.530000
39 0.570000
39 0.580000
39 0.610000
39 0.530000
39 0.510000
39 0.540000
39 0.450000
39 0.500000
39 0.510000
39 0.570000
39 0.590000
39 0.480000
39 0.560000
39 0.630000
39 0.810000
39 0.540000
39 0.510000
39 0.530000
39 0.500000
39 0.500000
39 5.370000
39 0.500000
39 0.770000
39 0.510000
39 0.500000
39 0.490000
39 0.520000
39 0.470000
39 0.850000
39 0.530000
39 0.480000
39 0.550000
39 0.500000
39 0.530000
39 0.560000
39 0.480000
39 0.520000
39 0.520000
39 0.500000
39 0.580000
39 0.480000
39 0.510000
39 0.510000
39 0.620000
39 0.460000
39 0.650000
39 0.770000
39 0.490000
39 0.480000
39 0.820000
39 0.500000
39 0.540000
39 0.870000
39 0.700000
39 0.570000
39 0.460000
39 0.550000
39 0.510000
39 0.510000
39 0.450000
39 0.490000
39 0.510000
39 0.570000
39 0.570000
39 0.650000
39 0.540000
39 0.780000
39 0.540000
39 0.580000
39 0.500000
39 0.540000
39 0.530000
39 0.680000
39 0.490000
39 0.520000
39 0.510000
39 0.530000
39 0.600000
39 0.500000
39 0.580000
39 0.620000
39 0.510000
39 0.570000
39 0.450000
39 0.450000
39 0.440000
39 0.580000
39 0.600000
39 0.510000
39 0.840000
39 0.500000
39 0.480000
39 0.510000
39 0.490000
39 0.520000
39 0.500000
39 0.540000
39 0.640000
39 0.670000
39 0.470000
39 0.590000
39 0.490000
39 0.480000
39 0.600000
39 0.500000
39 0.520000
39 0.530000
39 0.540000
39 0.670000
39 0.580000
39 0.520000
39 0.450000
39 0.910000
39 0.700000
39 0.570000
39 0.730000
39 0.500000
39 0.590000
39 0.510000
39 0.510000
39 0.570000
39 0.560000
39 0.470000
39 0.520000
39 0.520000
39 0.470000
39 0.640000
39 0.500000
39 0.530000
39 0.520000
39 0.500000
39 0.490000
39 0.930000
39 0.630000
39 0.530000
39 0.550000
39 0.540000
39 0.520000
39 0.530000
39 0.510000
39 0.570000
39 0.470000
39 0.500000
39 0.550000
39 0.490000
39 0.530000
39 0.520000
39 0.610000
