#n running-time
7 0.300000
7 0.290000
8 0.260000
8 0.310000
8 0.290000
8 0.280000
8 0.310000
8 0.290000
8 0.270000
8 0.270000
8 0.300000
8 0.310000
8 0.280000
8 0.370000
8 0.320000
8 0.310000
8 0.300000
8 0.330000
8 0.290000
8 0.280000
8 0.300000
8 0.320000
8 0.290000
8 0.270000
8 0.320000
8 0.290000
8 0.300000
8 0.340000
8 0.310000
8 0.310000
8 0.300000
8 0.280000
8 0.340000
8 0.300000
8 0.310000
8 0.310000
8 0.320000
8 0.280000
9 0.240000
9 0.300000
9 0.290000
9 0.270000
9 0.310000
9 0.240000
9 0.290000
9 0.300000
9 0.260000
9 0.260000
9 0.310000
9 0.280000
9 0.260000
9 0.280000
9 0.260000
9 0.270000
9 0.270000
9 0.300000
9 0.290000
9 0.270000
9 0.250000
9 0.360000
9 0.300000
9 0.280000
9 0.390000
9 0.300000
9 0.290000
9 0.250000
9 0.290000
9 0.320000
9 0.260000
9 0.260000
9 0.290000
9 0.240000
9 0.260000
9 0.280000
9 0.250000
9 0.270000
9 0.320000
9 0.280000
9 0.290000
9 0.300000
9 0.250000
9 0.300000
9 0.370000
9 0.270000
9 0.310000
9 0.310000
9 0.280000
9 0.270000
9 0.290000
9 0.300000
9 0.300000
9 0.310000
9 0.290000
9 0.300000
9 0.290000
9 0.280000
9 0.280000
9 0.290000
9 0.260000
9 0.290000
9 0.310000
9 0.320000
9 0.280000
9 0.320000
9 0.290000
9 0.270000
9 0.320000
9 0.250000
9 0.300000
9 0.390000
9 0.290000
9 0.270000
9 0.270000
9 0.300000
9 0.290000
9 0.310000
9 0.280000
9 0.260000
9 0.330000
9 0.290000
9 0.320000
9 0.280000
9 0.290000
9 0.270000
9 0.260000
9 0.280000
9 0.280000
9 0.310000
9 0.280000
9 0.290000
9 0.330000
9 0.290000
9 0.330000
9 0.250000
9 0.290000
9 0.290000
9 0.320000
9 0.320000
9 0.310000
9 0.290000
9 0.300000
9 0.320000
10 0.280000
10 0.320000
10 0.270000
10 0.320000
10 0.260000
10 0.280000
10 0.340000
10 0.280000
10 0.300000
10 0.280000
10 0.300000
10 0.270000
10 0.270000
10 0.280000
10 0.310000
10 0.250000
10 0.310000
10 0.270000
10 0.280000
10 0.240000
10 0.310000
10 0.300000
10 0.280000
10 0.350000
10 0.280000
10 0.280000
10 0.280000
10 0.280000
10 0.270000
10 0.250000
10 0.300000
10 0.270000
10 0.320000
10 0.300000
10 0.280000
10 0.280000
10 0.310000
10 0.420000
10 0.290000
10 0.720000
10 0.320000
10 0.310000
10 0.340000
10 0.280000
10 0.290000
10 0.290000
10 0.280000
10 0.330000
10 0.310000
10 0.270000
10 0.270000
10 0.280000
10 0.280000
10 0.290000
10 0.250000
10 0.300000
10 0.270000
10 0.390000
10 0.280000
10 0.280000
10 0.250000
10 0.270000
10 0.280000
10 0.270000
10 0.350000
10 0.310000
10 0.300000
10 0.250000
10 0.310000
10 0.260000
10 0.320000
10 0.270000
10 0.250000
10 0.290000
10 0.270000
10 0.280000
10 0.300000
10 0.290000
10 0.310000
10 0.270000
10 0.310000
10 0.250000
10 0.250000
10 0.310000
10 0.270000
10 0.240000
10 0.290000
10 0.290000
10 0.310000
10 0.360000
10 0.320000
10 0.340000
10 0.270000
10 0.290000
10 0.280000
10 0.280000
10 0.250000
10 0.290000
10 0.320000
10 0.290000
10 0.270000
10 0.320000
10 0.320000
10 0.280000
10 0.270000
10 0.260000
10 0.280000
10 0.310000
10 0.280000
10 0.280000
10 0.280000
10 0.320000
10 0.320000
10 0.260000
10 0.270000
10 0.340000
10 0.280000
10 0.290000
10 0.300000
10 0.260000
10 0.290000
10 0.300000
10 0.280000
10 0.350000
10 0.360000
10 0.280000
10 0.250000
10 0.270000
10 0.280000
10 0.310000
10 0.260000
10 0.260000
10 0.270000
10 0.250000
10 0.290000
10 0.320000
10 0.290000
10 0.270000
10 0.270000
10 0.270000
10 0.290000
10 0.320000
10 0.280000
10 0.290000
10 0.230000
10 0.270000
10 0.330000
10 0.290000
10 0.260000
10 0.270000
10 0.250000
10 0.290000
10 0.290000
10 0.320000
10 0.280000
10 0.320000
10 0.290000
10 0.300000
10 0.250000
10 0.240000
10 0.280000
10 0.260000
10 0.280000
10 0.270000
10 0.290000
10 0.310000
10 0.310000
10 0.280000
10 0.290000
10 0.230000
10 0.390000
10 0.290000
10 0.300000
10 0.300000
10 0.290000
10 0.290000
10 0.250000
10 0.260000
10 0.280000
10 0.250000
10 0.320000
10 0.270000
10 0.280000
10 0.250000
10 0.280000
10 0.260000
10 0.270000
10 0.290000
10 0.300000
10 0.310000
10 0.290000
10 0.320000
10 0.250000
10 0.280000
10 0.300000
10 0.280000
10 0.280000
10 0.290000
10 0.270000
10 0.280000
10 0.280000
10 0.340000
10 0.270000
10 0.280000
10 0.300000
10 0.290000
10 0.310000
10 0.310000
10 0.260000
10 0.240000
10 0.330000
10 0.300000
10 0.270000
11 0.300000
11 0.340000
11 0.270000
11 0.270000
11 0.360000
11 0.310000
11 0.280000
11 0.310000
11 0.270000
11 0.250000
11 0.310000
11 0.260000
11 0.300000
11 0.270000
11 0.280000
11 0.310000
11 0.340000
11 0.250000
11 0.340000
11 0.330000
11 0.300000
11 0.260000
11 0.270000
11 0.310000
11 0.300000
11 0.310000
11 0.290000
11 0.270000
11 0.280000
11 0.290000
11 0.240000
11 0.280000
11 0.300000
11 0.270000
11 0.280000
11 0.260000
11 0.310000
11 0.250000
11 0.310000
11 0.260000
11 0.310000
11 0.290000
11 0.350000
11 0.260000
11 0.270000
11 0.290000
11 0.290000
11 0.240000
11 0.260000
11 0.260000
11 0.260000
11 0.340000
11 0.280000
11 0.270000
11 0.280000
11 0.340000
11 0.450000
11 0.320000
11 0.300000
11 0.270000
11 0.580000
11 0.320000
11 0.300000
11 0.270000
11 0.300000
11 0.270000
11 0.290000
11 0.280000
11 0.290000
11 0.290000
11 0.300000
11 0.290000
11 0.310000
11 0.270000
11 0.280000
11 0.360000
11 0.290000
11 0.270000
11 0.310000
11 0.260000
11 0.300000
11 0.280000
11 0.270000
11 0.270000
11 0.310000
11 0.300000
11 0.340000
11 0.270000
11 0.300000
11 0.280000
11 0.300000
11 0.290000
11 0.280000
11 0.260000
11 0.260000
11 0.270000
11 0.280000
11 0.280000
11 0.290000
11 0.260000
11 0.310000
11 0.300000
11 0.240000
11 0.290000
11 0.260000
11 0.270000
11 0.270000
11 0.250000
11 0.800000
11 0.280000
11 0.300000
11 0.280000
11 0.310000
11 0.280000
11 0.310000
11 0.320000
11 0.260000
11 0.280000
11 0.250000
11 0.290000
11 0.260000
11 0.290000
11 0.270000
11 0.300000
11 0.310000
11 0.260000
11 0.310000
11 0.290000
11 0.300000
11 0.280000
11 0.360000
11 0.290000
11 0.270000
11 0.280000
11 0.280000
11 0.370000
11 0.350000
11 0.280000
11 0.320000
11 0.280000
11 0.270000
11 0.290000
11 0.290000
11 0.290000
11 0.280000
11 0.330000
11 0.250000
11 0.330000
11 0.270000
11 0.280000
11 0.320000
11 0.300000
11 0.350000
11 0.270000
11 0.330000
11 0.290000
11 0.250000
11 0.250000
11 0.310000
11 0.280000
11 0.300000
11 0.360000
11 0.270000
11 0.300000
11 0.280000
11 0.300000
11 0.290000
11 0.270000
11 0.350000
11 0.240000
11 0.260000
11 0.300000
11 0.290000
11 0.260000
11 0.230000
11 0.340000
11 0.270000
11 0.310000
11 0.270000
11 0.280000
11 0.280000
11 0.310000
11 0.290000
11 0.280000
11 0.260000
11 0.310000
11 0.340000
11 0.280000
11 0.310000
11 0.260000
11 0.350000
11 0.260000
11 0.290000
11 0.280000
11 0.270000
11 0.250000
11 0.270000
11 0.320000
11 0.280000
11 0.340000
11 0.290000
11 0.270000
11 0.260000
11 0.330000
11 0.260000
11 0.270000
11 0.300000
11 0.270000
11 0.250000
11 0.270000
11 0.240000
11 0.320000
11 0.310000
11 0.300000
11 0.300000
11 0.270000
11 0.330000
11 0.260000
11 0.270000
11 0.270000
11 0.320000
11 0.280000
11 0.290000
11 0.260000
11 0.280000
11 0.290000
11 0.270000
11 0.290000
11 0.270000
11 0.260000
11 0.300000
11 0.270000
11 0.310000
11 0.310000
11 0.280000
11 0.300000
11 0.280000
11 0.280000
11 0.280000
11 0.280000
11 0.260000
11 0.300000
11 0.280000
11 0.330000
11 0.280000
11 0.250000
11 0.310000
11 0.290000
11 0.310000
11 0.270000
11 0.300000
11 0.300000
11 0.300000
11 0.370000
11 0.580000
11 0.300000
11 0.270000
11 0.270000
11 0.310000
11 0.300000
11 0.300000
11 0.290000
11 0.320000
11 0.310000
11 0.310000
11 0.330000
11 0.280000
11 0.330000
11 0.290000
11 0.300000
11 0.280000
11 0.270000
11 0.280000
11 0.280000
11 0.350000
11 0.280000
11 0.270000
11 0.270000
11 0.260000
11 0.290000
11 0.300000
11 0.260000
11 0.290000
11 0.280000
11 0.290000
11 0.270000
11 0.270000
11 0.280000
11 0.280000
11 0.300000
11 0.290000
11 0.340000
11 0.320000
11 0.360000
11 0.270000
11 0.320000
11 0.260000
11 0.300000
11 0.260000
11 0.290000
11 0.340000
11 0.270000
11 0.340000
11 0.280000
11 0.250000
11 0.250000
11 0.290000
11 0.260000
11 0.400000
11 0.300000
11 0.270000
11 0.290000
11 0.320000
11 0.270000
11 0.280000
11 0.290000
11 0.280000
11 0.340000
11 0.290000
11 0.270000
11 0.330000
11 0.290000
11 0.250000
11 0.320000
11 0.260000
11 0.310000
11 0.300000
11 0.290000
11 0.310000
11 0.260000
11 0.310000
11 0.270000
11 0.250000
11 0.320000
11 0.290000
11 0.260000
11 0.350000
11 0.330000
11 0.320000
11 0.270000
11 0.300000
11 0.260000
11 0.280000
11 0.260000
11 0.270000
11 0.270000
11 0.330000
11 0.270000
11 0.290000
11 0.280000
11 0.300000
11 0.270000
11 0.310000
11 0.280000
11 0.280000
11 0.330000
11 0.280000
11 0.270000
11 0.280000
11 0.290000
11 0.260000
11 0.300000
11 0.270000
11 0.270000
11 0.260000
11 0.290000
11 0.300000
11 0.250000
12 0.240000
12 0.280000
12 0.280000
12 0.410000
12 0.270000
12 0.280000
12 0.270000
12 0.310000
12 0.290000
12 0.340000
12 0.280000
12 0.290000
12 0.320000
12 0.340000
12 0.310000
12 0.320000
12 0.270000
12 0.300000
12 0.280000
12 0.350000
12 0.290000
12 0.250000
12 0.280000
12 0.270000
12 0.270000
12 0.280000
12 0.310000
12 0.300000
12 0.260000
12 0.300000
12 0.290000
12 0.340000
12 0.280000
12 0.290000
12 0.320000
12 0.290000
12 0.320000
12 0.270000
12 0.290000
12 0.270000
12 0.260000
12 0.280000
12 0.300000
12 0.350000
12 0.270000
12 0.340000
12 0.280000
12 0.250000
12 0.290000
12 0.280000
12 0.280000
12 0.300000
12 0.280000
12 0.300000
12 0.320000
12 0.280000
12 0.290000
12 0.310000
12 0.300000
12 0.320000
12 0.290000
12 0.280000
12 0.290000
12 0.270000
12 0.280000
12 0.300000
12 0.310000
12 0.320000
12 0.290000
12 0.270000
12 0.280000
12 0.270000
12 0.330000
12 0.290000
12 0.290000
12 0.300000
12 0.290000
12 0.350000
12 0.300000
12 0.290000
12 0.290000
12 0.310000
12 0.270000
12 0.280000
12 0.300000
12 0.270000
12 0.290000
12 0.280000
12 0.300000
12 0.320000
12 0.400000
12 0.300000
12 0.280000
12 0.330000
12 0.310000
12 0.320000
12 0.260000
12 0.270000
12 0.290000
12 0.290000
12 0.300000
12 0.280000
12 0.260000
12 0.300000
12 1.470000
12 0.250000
12 0.290000
12 0.290000
12 0.300000
12 0.300000
12 0.310000
12 0.290000
12 0.310000
12 0.290000
12 0.270000
12 0.310000
12 0.310000
12 0.330000
12 0.240000
12 0.360000
12 0.280000
12 0.270000
12 0.300000
12 0.280000
12 0.270000
12 0.290000
12 0.260000
12 0.290000
12 0.270000
12 0.300000
12 0.270000
12 0.270000
12 0.300000
12 0.270000
12 0.290000
12 0.270000
12 0.350000
12 0.300000
12 0.310000
12 0.300000
12 0.300000
12 0.290000
12 0.300000
12 0.290000
12 0.260000
12 0.320000
12 0.310000
12 0.280000
12 0.270000
12 0.290000
12 0.280000
12 0.290000
12 0.270000
12 0.290000
12 0.280000
12 0.280000
12 0.410000
12 0.280000
12 0.330000
12 0.260000
12 0.290000
12 0.280000
12 0.270000
12 0.290000
12 0.280000
12 0.280000
12 0.280000
12 0.270000
12 0.290000
12 0.290000
12 0.280000
12 0.300000
12 0.310000
12 0.260000
12 0.320000
12 0.300000
12 0.290000
12 0.260000
12 0.300000
12 0.380000
12 0.250000
12 0.300000
12 0.280000
12 0.280000
12 0.310000
12 0.280000
12 0.310000
12 0.300000
12 0.320000
12 0.330000
12 0.280000
12 0.330000
12 0.310000
12 0.290000
12 0.300000
12 0.370000
12 0.270000
12 0.300000
12 0.270000
12 0.260000
12 0.280000
12 0.310000
12 0.270000
12 0.280000
12 0.260000
12 0.300000
12 0.320000
12 0.310000
12 0.270000
12 0.290000
12 0.280000
12 0.310000
12 0.310000
12 0.300000
12 0.290000
12 0.290000
12 0.390000
12 0.240000
12 0.300000
12 0.260000
12 0.270000
12 0.290000
12 0.310000
12 0.300000
12 0.300000
12 0.280000
12 0.310000
12 0.340000
12 0.290000
12 0.280000
12 0.290000
12 0.280000
12 0.290000
12 0.310000
12 0.280000
12 0.270000
12 0.270000
12 0.320000
12 0.300000
12 0.290000
12 0.300000
12 0.300000
12 0.310000
12 0.270000
12 0.350000
12 0.280000
12 0.290000
12 0.270000
12 0.290000
12 0.340000
12 0.360000
12 0.290000
12 0.280000
12 0.360000
12 0.330000
12 0.270000
12 0.270000
12 0.320000
12 0.290000
12 0.270000
12 0.320000
12 0.290000
12 0.280000
12 0.290000
12 0.340000
12 0.290000
12 0.340000
12 0.280000
12 0.280000
12 0.280000
12 0.300000
12 0.280000
12 0.270000
12 0.310000
12 0.300000
12 0.360000
12 0.250000
12 0.310000
12 0.290000
12 0.280000
12 0.270000
12 0.280000
12 0.300000
12 0.350000
12 0.290000
12 0.260000
12 0.270000
12 0.270000
12 0.290000
12 0.340000
12 0.290000
12 0.290000
12 0.250000
12 0.300000
12 0.320000
12 0.270000
12 0.250000
12 0.260000
12 0.290000
12 0.290000
12 0.320000
12 0.310000
12 0.270000
12 0.300000
12 0.270000
12 0.300000
12 0.290000
12 0.270000
12 0.280000
12 0.280000
12 0.300000
12 0.280000
12 0.290000
12 0.260000
12 0.260000
12 0.350000
12 0.300000
12 0.290000
12 0.330000
12 0.250000
12 0.310000
12 0.300000
12 0.270000
12 0.300000
12 0.270000
12 0.300000
12 0.280000
12 0.280000
12 0.300000
12 0.320000
12 0.290000
12 0.280000
12 0.260000
12 0.300000
12 0.320000
12 0.310000
12 0.290000
12 0.310000
12 0.280000
12 0.280000
12 0.320000
12 0.310000
12 0.310000
12 0.290000
12 0.290000
12 0.270000
12 0.320000
12 0.300000
12 0.300000
12 0.290000
12 0.280000
12 0.290000
12 0.280000
12 0.320000
12 0.290000
12 0.340000
12 0.270000
12 0.290000
12 0.270000
12 0.330000
12 0.270000
12 0.310000
12 0.300000
12 0.250000
12 0.320000
12 0.270000
12 0.280000
12 0.310000
12 0.290000
12 0.310000
12 0.290000
12 0.270000
12 0.300000
12 0.290000
12 0.330000
12 0.270000
12 0.270000
12 0.350000
12 0.290000
12 0.270000
12 0.290000
12 0.320000
12 0.270000
12 0.280000
12 0.300000
12 0.290000
12 0.300000
12 0.300000
12 0.290000
12 0.260000
12 0.300000
12 0.270000
12 0.280000
12 0.300000
12 0.320000
12 0.260000
12 0.300000
12 0.290000
12 0.310000
12 0.270000
12 0.300000
12 0.300000
12 0.290000
12 0.290000
12 0.330000
12 0.260000
12 0.330000
12 0.300000
12 0.290000
12 0.290000
12 0.310000
12 0.300000
12 0.290000
12 0.290000
12 0.270000
12 0.270000
12 0.270000
12 0.280000
12 0.320000
12 0.280000
12 0.290000
12 0.280000
12 0.310000
12 0.300000
12 0.270000
12 0.310000
12 0.300000
12 0.280000
12 0.260000
12 0.260000
12 0.270000
12 0.290000
12 0.290000
12 0.290000
12 0.250000
12 0.320000
12 0.250000
12 0.290000
12 0.310000
12 0.290000
12 0.290000
12 0.290000
12 0.280000
12 0.280000
12 0.290000
12 0.250000
12 0.320000
12 0.300000
12 0.280000
12 0.310000
12 0.280000
12 0.280000
12 0.300000
12 0.260000
12 0.280000
12 0.260000
12 0.270000
12 0.280000
12 0.300000
12 0.260000
12 0.360000
12 0.290000
12 0.270000
12 0.280000
12 0.280000
12 0.270000
12 0.290000
12 0.270000
12 0.300000
12 0.280000
12 0.290000
12 0.300000
12 0.270000
12 0.320000
12 0.380000
12 0.280000
12 0.280000
12 0.250000
12 0.290000
12 0.300000
12 0.280000
12 0.290000
12 0.280000
12 0.290000
12 0.330000
12 0.280000
12 0.290000
12 0.310000
12 0.290000
12 0.310000
12 0.280000
12 0.280000
12 0.310000
12 0.320000
12 0.320000
12 0.280000
12 0.270000
12 0.270000
12 0.300000
13 0.390000
13 0.300000
13 0.310000
13 0.340000
13 0.320000
13 0.290000
13 0.300000
13 0.300000
13 0.280000
13 0.330000
13 0.290000
13 0.290000
13 0.350000
13 0.270000
13 0.280000
13 0.300000
13 0.340000
13 0.270000
13 0.290000
13 0.350000
13 0.290000
13 0.300000
13 0.300000
13 0.280000
13 0.280000
13 0.280000
13 0.270000
13 0.300000
13 0.300000
13 0.400000
13 0.310000
13 0.330000
13 0.300000
13 0.290000
13 0.310000
13 0.300000
13 0.310000
13 0.290000
13 0.290000
13 0.270000
13 0.310000
13 0.340000
13 0.310000
13 0.320000
13 0.330000
13 0.300000
13 0.280000
13 0.280000
13 0.270000
13 0.330000
13 0.250000
13 0.290000
13 0.320000
13 0.330000
13 0.280000
13 0.280000
13 0.310000
13 0.320000
13 0.310000
13 0.260000
13 0.330000
13 0.320000
13 0.300000
13 0.310000
13 0.280000
13 0.300000
13 0.330000
13 0.390000
13 0.300000
13 0.290000
13 0.290000
13 0.320000
13 0.270000
13 0.350000
13 0.330000
13 0.270000
13 0.290000
13 0.330000
13 0.300000
13 0.270000
13 0.300000
13 0.300000
13 0.290000
13 0.320000
13 0.290000
13 0.290000
13 0.320000
13 0.270000
13 0.330000
13 0.300000
13 0.330000
13 0.310000
13 0.280000
13 0.310000
13 0.280000
13 0.310000
13 0.280000
13 0.270000
13 0.300000
13 0.300000
13 0.290000
13 0.270000
13 0.270000
13 0.290000
13 0.290000
13 0.300000
13 0.290000
13 0.320000
13 0.300000
13 0.280000
13 0.280000
13 0.280000
13 0.320000
13 0.280000
13 0.280000
13 0.260000
13 0.300000
13 0.290000
13 0.310000
13 0.300000
13 0.280000
13 0.290000
13 0.320000
13 0.300000
13 0.270000
13 0.270000
13 0.300000
13 0.300000
13 0.280000
13 0.290000
13 0.320000
13 0.310000
13 0.300000
13 0.310000
13 0.300000
13 0.290000
13 0.310000
13 0.290000
13 0.270000
13 0.310000
13 0.270000
13 0.330000
13 0.290000
13 0.360000
13 0.280000
13 0.320000
13 0.300000
13 0.300000
13 0.310000
13 0.320000
13 0.320000
13 0.310000
13 0.320000
13 0.300000
13 0.310000
13 0.270000
13 0.280000
13 0.320000
13 0.310000
13 0.290000
13 0.280000
13 0.300000
13 0.310000
13 0.280000
13 0.290000
13 0.320000
13 0.320000
13 0.290000
13 0.290000
13 0.390000
13 0.270000
13 0.330000
13 0.290000
13 0.300000
13 0.340000
13 0.320000
13 0.340000
13 0.290000
13 0.300000
13 0.290000
13 0.290000
13 0.280000
13 0.290000
13 0.290000
13 0.270000
13 0.280000
13 0.290000
13 0.320000
13 0.350000
13 0.300000
13 0.310000
13 0.310000
13 0.320000
13 0.250000
13 0.270000
13 0.300000
13 0.300000
13 0.290000
13 0.280000
13 0.330000
13 0.300000
13 0.360000
13 0.310000
13 0.270000
13 0.300000
13 0.290000
13 0.280000
13 0.310000
13 0.330000
13 0.300000
13 0.310000
13 0.300000
13 0.280000
13 0.290000
13 0.270000
13 0.330000
13 0.320000
13 0.340000
13 0.320000
13 0.290000
13 0.320000
13 0.290000
13 0.300000
13 0.300000
13 0.270000
13 0.290000
13 0.300000
13 0.300000
13 0.270000
13 0.300000
13 0.310000
13 0.290000
13 0.320000
13 0.280000
13 0.280000
13 0.310000
13 0.310000
13 0.340000
13 0.280000
13 0.310000
13 0.280000
13 0.300000
13 0.260000
13 0.310000
13 0.310000
13 0.280000
13 0.320000
13 0.320000
13 0.320000
13 0.340000
13 0.280000
13 0.290000
13 0.310000
13 0.320000
13 0.290000
13 0.320000
13 0.310000
13 0.290000
13 0.280000
13 0.320000
13 0.340000
13 0.350000
13 0.330000
13 0.310000
13 0.370000
13 0.290000
13 0.290000
13 0.320000
13 0.300000
13 0.310000
13 0.300000
13 0.340000
13 0.300000
13 0.340000
13 0.280000
13 0.260000
13 0.320000
13 0.280000
13 0.300000
13 0.240000
13 0.340000
13 0.340000
13 0.290000
13 0.290000
13 0.290000
13 0.300000
13 0.280000
13 0.280000
13 0.340000
13 0.340000
13 0.310000
13 0.330000
13 0.280000
13 0.280000
13 0.280000
13 0.280000
13 0.330000
13 0.280000
13 0.330000
13 0.300000
13 0.330000
13 0.280000
13 0.260000
13 0.300000
13 0.330000
13 0.280000
13 0.290000
13 0.310000
13 0.290000
13 0.310000
13 0.270000
13 0.290000
13 0.300000
13 0.300000
13 0.380000
13 0.290000
13 0.300000
13 0.310000
13 0.300000
13 0.280000
13 0.280000
13 0.310000
13 0.300000
13 0.300000
13 0.330000
13 0.320000
13 0.320000
13 0.300000
13 0.340000
13 0.350000
13 0.300000
13 0.300000
13 0.350000
13 0.300000
13 0.300000
13 0.300000
13 0.290000
13 0.300000
13 0.320000
13 0.290000
13 0.320000
13 0.360000
13 0.280000
13 0.280000
13 0.300000
13 0.280000
13 0.290000
13 0.260000
13 0.280000
13 0.350000
13 0.310000
13 0.320000
13 0.290000
13 0.280000
13 0.300000
13 0.300000
13 0.280000
13 0.330000
13 0.300000
13 0.270000
13 0.260000
13 0.270000
13 0.290000
13 0.290000
13 0.290000
13 0.330000
13 0.290000
13 0.270000
13 0.310000
13 0.300000
13 0.270000
13 0.290000
13 0.320000
13 0.290000
13 0.270000
13 0.300000
13 0.320000
13 0.290000
13 0.290000
13 0.300000
13 0.290000
13 0.320000
13 0.330000
13 0.260000
13 0.310000
13 0.290000
13 0.290000
13 0.320000
13 0.290000
13 0.280000
13 0.320000
13 0.310000
13 0.280000
13 0.380000
13 0.320000
13 0.290000
13 0.310000
13 0.280000
13 0.310000
13 0.310000
13 0.310000
13 0.330000
13 0.300000
13 0.300000
13 0.300000
13 0.280000
13 0.310000
13 0.300000
13 0.270000
13 0.260000
13 0.290000
13 0.290000
13 0.280000
13 0.320000
13 0.340000
13 0.330000
13 0.300000
13 0.290000
13 0.290000
13 0.300000
13 0.270000
13 0.300000
13 0.310000
13 0.270000
13 0.290000
13 0.310000
13 0.290000
13 0.290000
13 0.280000
13 0.280000
13 0.330000
13 0.280000
13 0.310000
13 0.330000
13 0.280000
13 0.310000
13 0.320000
13 0.280000
13 0.300000
13 0.340000
13 0.310000
13 0.270000
13 0.270000
13 0.290000
13 0.310000
13 0.280000
13 0.260000
13 0.310000
13 0.290000
13 0.310000
13 0.290000
13 0.280000
13 0.310000
13 0.280000
13 0.270000
13 0.300000
13 0.290000
13 0.300000
13 0.280000
13 0.330000
13 0.270000
13 0.310000
13 0.280000
13 0.270000
13 0.310000
13 0.310000
13 0.300000
13 0.320000
13 0.310000
13 0.300000
13 0.350000
13 0.310000
13 0.360000
13 0.310000
13 0.360000
13 0.310000
13 0.330000
13 0.320000
13 0.320000
13 0.300000
13 0.320000
13 0.280000
13 0.270000
13 0.310000
13 0.290000
13 0.310000
13 0.340000
13 0.310000
13 0.310000
13 0.310000
13 0.350000
13 0.270000
13 0.310000
13 0.320000
13 0.310000
13 0.310000
13 0.320000
13 0.310000
13 0.310000
13 0.270000
13 0.290000
13 0.370000
13 0.300000
13 0.350000
13 0.270000
13 0.300000
13 0.320000
13 0.310000
13 0.290000
13 0.280000
13 0.300000
13 0.310000
13 0.290000
13 0.300000
13 0.270000
13 0.300000
13 0.300000
13 0.310000
13 0.300000
13 0.290000
13 0.300000
13 0.300000
13 0.290000
13 0.300000
13 0.280000
13 0.280000
13 0.310000
13 0.300000
13 0.300000
13 0.330000
13 0.370000
13 0.280000
13 0.280000
13 0.300000
13 0.310000
13 0.300000
13 0.290000
13 0.340000
13 0.290000
13 0.340000
13 0.310000
13 0.290000
13 0.320000
13 0.290000
13 0.280000
13 0.300000
13 0.280000
13 0.330000
13 0.270000
13 0.290000
13 0.340000
13 0.300000
13 0.330000
13 0.300000
13 0.320000
13 0.290000
13 0.300000
13 0.300000
13 0.300000
13 0.270000
13 0.300000
13 0.290000
13 0.280000
13 0.330000
13 0.290000
13 0.300000
13 0.260000
13 0.260000
13 0.310000
13 0.280000
13 0.290000
13 0.310000
13 0.310000
13 0.350000
13 0.320000
13 0.340000
13 0.290000
13 0.250000
13 0.300000
