#n running-time
19 0.660000
19 1.680000
19 1.930000
19 5.830000
19 2.480000
20 2.240000
20 3.110000
20 0.940000
20 9.530000
20 6.350000
20 2.510000
20 8.940000
20 16.390000
20 4.440000
20 10.120000
20 3.530000
20 1.710000
21 3.100000
21 6.500000
21 11.300000
21 2.490000
21 1.810000
21 3.860000
21 11.420000
21 7.050000
21 11.060000
21 4.690000
21 11.480000
21 6.560000
21 3.920000
21 3.100000
21 20.030000
21 22.650000
21 9.780000
21 1.660000
21 0.980000
21 18.110000
21 7.740000
21 6.580000
21 5.540000
21 1.840000
21 3.590000
21 1.330000
21 3.880000
21 8.130000
21 3.200000
21 2.170000
21 2.330000
21 2.100000
21 3.590000
21 13.850000
21 4.250000
21 4.510000
21 5.140000
21 4.180000
21 6.030000
21 5.450000
21 22.390000
21 1.330000
21 4.220000
21 7.570000
22 6.720000
22 1.690000
22 12.590000
22 3.840000
22 3.230000
22 4.470000
22 4.990000
22 7.920000
22 7.610000
22 8.470000
22 15.220000
22 3.360000
22 10.250000
22 5.410000
22 4.880000
22 10.350000
22 11.100000
22 3.870000
22 9.750000
22 3.130000
22 6.070000
22 7.820000
22 3.410000
22 3.260000
22 6.340000
22 0.890000
22 3.690000
22 6.570000
22 5.640000
22 8.790000
22 10.090000
22 4.630000
22 4.430000
22 1.170000
22 5.120000
22 4.620000
22 4.930000
22 3.720000
22 1.650000
22 17.000000
22 12.470000
22 4.310000
22 5.050000
22 5.400000
22 4.350000
22 17.150000
22 4.200000
22 7.090000
22 18.580000
22 6.730000
22 5.030000
22 1.640000
22 2.530000
22 4.600000
22 2.960000
22 3.710000
22 2.030000
22 15.040000
22 5.140000
22 6.800000
22 4.940000
22 2.590000
22 11.130000
22 4.040000
22 19.340000
22 19.900000
22 8.060000
22 5.530000
22 4.320000
22 1.540000
22 3.070000
22 28.370000
22 5.850000
22 9.670000
22 11.120000
22 5.110000
22 5.700000
22 5.080000
22 4.870000
22 3.780000
22 8.790000
22 4.460000
22 3.690000
22 21.690000
22 2.900000
22 4.480000
22 12.530000
22 2.480000
22 1.700000
22 4.860000
22 9.970000
22 6.330000
22 19.590000
22 7.230000
22 0.910000
22 3.110000
22 0.850000
22 14.680000
22 4.350000
22 5.920000
22 22.660000
22 9.570000
22 6.570000
22 4.760000
22 1.620000
22 5.620000
22 14.450000
22 12.140000
22 6.390000
23 5.310000
23 1.440000
23 1.700000
23 5.480000
23 4.150000
23 5.210000
23 10.540000
23 8.440000
23 21.470000
23 9.440000
23 18.430000
23 2.660000
23 29.090000
23 6.220000
23 8.190000
23 9.650000
23 9.840000
23 7.140000
23 3.130000
23 6.590000
23 12.460000
23 4.330000
23 15.340000
23 24.830000
23 7.130000
23 5.690000
23 7.580000
23 7.430000
23 10.480000
23 2.060000
23 9.560000
23 34.140000
23 13.500000
23 3.440000
23 4.240000
23 4.370000
23 6.290000
23 34.530000
23 2.160000
23 4.050000
23 10.210000
23 17.020000
23 4.980000
23 23.040000
23 23.090000
23 8.220000
23 8.080000
23 7.960000
23 2.320000
23 10.570000
23 16.550000
23 3.450000
23 5.140000
23 2.410000
23 7.110000
23 0.930000
23 5.760000
23 31.050000
23 5.620000
23 2.410000
23 8.060000
23 14.890000
23 7.770000
23 8.950000
23 10.260000
23 8.750000
23 8.110000
23 5.250000
23 5.400000
23 14.430000
23 9.330000
23 4.890000
23 12.430000
23 21.400000
23 5.920000
23 5.960000
23 12.820000
23 7.760000
23 3.270000
23 21.900000
23 2.650000
23 14.150000
23 5.100000
23 10.180000
23 7.040000
23 4.140000
23 10.700000
23 2.050000
23 9.690000
23 6.590000
23 38.490000
23 19.750000
23 6.800000
23 13.400000
23 8.980000
23 42.230000
23 15.870000
23 11.170000
23 17.920000
23 2.890000
23 7.240000
23 8.720000
23 3.710000
23 19.280000
23 13.690000
23 9.240000
23 2.610000
23 17.230000
23 7.150000
23 3.660000
23 8.120000
23 4.360000
23 10.600000
23 6.620000
23 14.880000
23 9.370000
23 9.220000
23 12.690000
23 10.130000
23 31.220000
23 4.210000
23 8.040000
23 5.970000
23 20.470000
23 25.550000
23 9.700000
23 7.510000
23 14.520000
23 4.860000
23 48.660000
23 5.550000
23 9.800000
23 6.780000
23 12.300000
23 9.230000
23 2.870000
23 7.790000
23 4.480000
23 12.430000
23 8.440000
23 4.110000
23 5.760000
23 4.190000
23 21.130000
23 5.990000
23 7.190000
23 20.500000
23 3.300000
23 13.310000
23 4.600000
23 3.940000
23 4.040000
23 8.920000
23 11.750000
23 4.960000
23 10.160000
23 5.510000
23 11.980000
23 14.170000
23 6.830000
23 3.210000
23 4.510000
23 17.080000
23 3.490000
23 5.390000
23 7.270000
23 11.330000
23 9.800000
23 3.790000
23 7.870000
23 3.110000
23 7.220000
23 8.720000
23 4.810000
23 6.330000
23 12.820000
23 4.630000
23 1.310000
23 8.670000
23 2.280000
23 18.710000
23 6.250000
23 7.270000
23 6.550000
23 20.280000
23 2.930000
23 20.220000
23 6.170000
23 10.370000
23 13.490000
23 11.640000
23 14.140000
23 10.490000
23 2.450000
23 18.780000
23 4.370000
24 23.720000
24 3.940000
24 9.830000
24 14.340000
24 12.710000
24 21.650000
24 13.250000
24 15.260000
24 12.970000
24 6.250000
24 4.940000
24 4.800000
24 15.930000
24 15.310000
24 13.310000
24 7.970000
24 15.570000
24 22.150000
24 9.190000
24 5.780000
24 12.050000
24 25.650000
24 29.180000
24 7.190000
24 10.180000
24 12.050000
24 6.120000
24 3.810000
24 1.880000
24 9.420000
24 4.100000
24 23.980000
24 8.770000
24 16.830000
24 18.670000
24 12.610000
24 7.360000
24 23.490000
24 4.540000
24 19.080000
24 13.620000
24 3.210000
24 7.140000
24 12.610000
24 10.370000
24 6.780000
24 4.850000
24 33.630000
24 5.800000
24 35.860000
24 2.700000
24 29.170000
24 20.880000
24 7.530000
24 12.330000
24 4.850000
24 12.910000
24 19.030000
24 15.770000
24 26.310000
24 10.230000
24 4.280000
24 7.830000
24 21.020000
24 15.720000
24 9.770000
24 10.750000
24 7.970000
24 9.530000
24 14.320000
24 9.710000
24 19.820000
24 37.260000
24 3.390000
24 22.700000
24 2.540000
24 10.970000
24 10.430000
24 12.180000
24 3.150000
24 8.570000
24 42.370000
24 16.420000
24 17.560000
24 10.050000
24 7.980000
24 12.510000
24 9.410000
24 15.320000
24 7.940000
24 54.980000
24 4.350000
24 6.250000
24 9.400000
24 7.900000
24 7.820000
24 14.670000
24 9.800000
24 6.690000
24 5.390000
24 17.820000
24 4.910000
24 35.570000
24 6.780000
24 11.900000
24 3.730000
24 6.560000
24 6.860000
24 7.890000
24 38.170000
24 1.610000
24 21.980000
24 16.660000
24 4.870000
24 41.880000
24 7.560000
24 21.150000
24 4.380000
24 6.520000
24 27.070000
24 10.750000
24 1.420000
24 15.650000
24 38.660000
24 13.660000
24 19.710000
24 8.790000
24 1.170000
24 20.250000
24 17.980000
24 1.530000
24 6.130000
24 33.160000
24 13.050000
24 24.500000
24 9.950000
24 23.800000
24 23.200000
24 15.870000
24 23.050000
24 5.590000
24 15.670000
24 16.020000
24 21.360000
24 13.240000
24 6.930000
24 31.990000
24 10.120000
24 8.910000
24 25.140000
24 6.690000
24 15.650000
24 6.650000
24 4.170000
24 6.970000
24 11.770000
24 14.860000
24 11.130000
24 17.600000
24 18.920000
24 15.920000
24 2.810000
24 17.250000
24 5.480000
24 4.730000
24 12.980000
24 26.940000
24 16.650000
24 31.820000
24 10.640000
24 5.060000
24 45.160000
24 16.230000
24 8.650000
24 13.420000
24 16.280000
24 30.610000
24 6.780000
24 17.660000
24 14.970000
24 30.660000
24 4.700000
24 11.920000
24 1.210000
24 17.190000
24 6.810000
24 2.540000
24 2.980000
24 11.950000
24 20.670000
24 5.560000
24 18.600000
24 11.360000
24 21.100000
24 11.560000
24 6.550000
24 5.470000
24 9.200000
24 26.780000
24 6.740000
24 3.560000
24 11.330000
24 12.560000
24 13.610000
24 11.750000
24 13.030000
24 10.360000
24 3.950000
24 7.740000
24 24.890000
24 14.920000
24 6.830000
24 28.740000
24 91.960000
24 4.690000
24 25.000000
24 3.990000
24 13.760000
24 3.600000
24 11.770000
24 9.820000
24 3.060000
24 6.750000
24 3.060000
24 9.530000
24 28.550000
24 2.250000
24 15.180000
24 27.790000
24 9.560000
24 11.630000
24 20.990000
24 3.660000
24 4.940000
24 9.960000
24 26.040000
24 5.260000
24 17.830000
24 10.170000
24 8.300000
24 5.100000
24 13.090000
24 3.690000
24 61.520000
24 4.540000
24 14.900000
24 12.150000
24 10.440000
24 8.460000
24 8.770000
24 17.100000
24 100.870000
24 11.640000
24 20.930000
24 16.000000
24 6.790000
24 5.270000
24 9.650000
24 9.700000
24 5.870000
24 17.800000
24 32.400000
24 6.900000
24 9.890000
24 5.690000
24 4.860000
24 3.250000
24 2.050000
24 8.590000
24 12.560000
24 5.560000
24 3.240000
24 18.820000
24 24.390000
24 34.070000
24 28.330000
24 26.850000
24 3.590000
24 11.440000
24 14.870000
24 16.220000
24 2.610000
24 20.830000
24 13.420000
24 13.950000
24 6.500000
24 13.240000
24 7.240000
24 10.230000
24 7.210000
24 4.410000
24 6.020000
24 9.580000
24 19.650000
24 6.260000
24 9.620000
24 4.860000
24 25.250000
24 7.870000
24 9.750000
24 20.560000
24 31.560000
24 3.800000
24 28.180000
24 3.180000
24 7.710000
25 15.110000
25 10.300000
25 10.030000
25 13.480000
25 8.320000
25 7.650000
25 8.880000
25 23.610000
25 26.080000
25 14.670000
25 27.240000
25 34.930000
25 6.490000
25 13.260000
25 42.430000
25 18.040000
25 14.750000
25 22.110000
25 24.090000
25 20.540000
25 24.770000
25 7.670000
25 7.930000
25 9.640000
25 13.810000
25 5.370000
25 5.320000
25 18.060000
25 5.890000
25 23.210000
25 7.760000
25 22.880000
25 9.930000
25 15.940000
25 8.800000
25 19.340000
25 29.560000
25 10.740000
25 3.530000
25 35.380000
25 10.160000
25 4.160000
25 2.880000
25 30.350000
25 2.340000
25 11.410000
25 16.510000
25 23.160000
25 38.210000
25 14.030000
25 24.250000
25 19.230000
25 9.920000
25 17.160000
25 11.680000
25 13.120000
25 43.170000
25 9.020000
25 157.240000
25 10.420000
25 31.860000
25 12.030000
25 9.300000
25 20.450000
25 6.880000
25 18.820000
25 7.210000
25 13.320000
25 11.200000
25 19.000000
25 9.750000
25 10.580000
25 14.830000
25 18.150000
25 14.190000
25 9.330000
25 6.550000
25 11.900000
25 39.350000
25 14.870000
25 39.620000
25 55.180000
25 14.100000
25 30.280000
25 24.070000
25 10.150000
25 17.670000
25 35.210000
25 8.600000
25 28.550000
25 6.070000
25 9.270000
25 9.600000
25 18.000000
25 12.890000
25 2.350000
25 22.700000
25 14.080000
25 36.750000
25 13.120000
25 22.400000
25 39.480000
25 3.900000
25 26.490000
25 37.210000
25 7.890000
25 32.870000
25 26.590000
25 30.780000
25 13.350000
25 17.110000
25 29.680000
25 11.180000
25 7.900000
25 29.490000
25 16.550000
25 8.750000
25 13.330000
25 8.640000
25 52.550000
25 17.750000
25 9.310000
25 12.190000
25 11.880000
25 39.240000
25 12.670000
25 17.590000
25 16.260000
25 41.970000
25 45.800000
25 18.420000
25 36.040000
25 11.510000
25 26.720000
25 2.850000
25 8.360000
25 20.780000
25 18.730000
25 17.450000
25 19.720000
25 5.450000
25 5.270000
25 20.450000
25 10.990000
25 10.370000
25 27.500000
25 8.670000
25 8.150000
25 51.610000
25 16.440000
25 13.110000
25 14.510000
25 11.200000
25 30.960000
25 19.050000
25 32.970000
25 36.860000
25 7.820000
25 16.310000
25 13.630000
25 23.480000
25 9.960000
25 19.840000
25 14.290000
25 18.690000
25 59.360000
25 16.860000
25 19.720000
25 9.230000
25 10.410000
25 18.380000
25 19.320000
25 10.700000
25 12.900000
25 33.560000
25 8.280000
25 15.890000
25 12.480000
25 10.910000
25 14.030000
25 17.310000
25 8.220000
25 13.540000
25 10.170000
25 11.170000
25 6.130000
25 10.010000
25 10.980000
25 18.130000
25 53.250000
25 22.750000
25 21.460000
25 26.380000
25 6.800000
25 14.500000
25 11.340000
25 4.730000
25 11.310000
25 20.010000
25 13.910000
25 18.680000
25 10.850000
25 14.190000
25 60.260000
25 20.280000
25 29.300000
25 15.620000
25 6.910000
25 8.560000
25 40.460000
25 5.460000
25 30.850000
25 8.820000
25 13.480000
25 14.610000
25 14.060000
25 6.610000
25 4.000000
25 45.710000
25 7.540000
25 8.850000
25 9.100000
25 10.600000
25 13.840000
25 9.460000
25 12.440000
25 7.800000
25 23.070000
25 28.860000
25 17.170000
25 10.270000
25 14.550000
25 8.550000
25 30.470000
25 13.720000
25 20.220000
25 27.950000
25 10.440000
25 13.170000
25 17.970000
25 16.440000
25 24.170000
25 8.740000
25 4.240000
25 5.660000
25 24.350000
25 23.370000
25 23.060000
25 22.070000
25 2.660000
25 28.500000
25 21.550000
25 30.730000
25 20.710000
25 21.600000
25 8.320000
25 8.990000
25 2.730000
25 29.310000
25 14.580000
25 13.710000
25 13.840000
25 13.650000
25 42.900000
25 12.800000
25 22.090000
25 19.250000
25 78.440000
25 29.690000
25 39.900000
25 37.760000
25 42.190000
25 18.380000
25 24.870000
25 14.310000
25 9.890000
25 15.090000
25 1.640000
25 20.290000
25 17.860000
25 12.770000
25 28.930000
25 27.100000
25 10.470000
25 25.450000
25 18.850000
25 6.850000
25 12.420000
25 7.070000
25 14.030000
25 6.860000
25 15.230000
25 9.600000
25 7.810000
25 12.750000
25 33.940000
25 6.540000
25 56.380000
25 16.740000
25 3.810000
25 10.160000
25 14.960000
25 17.090000
25 14.630000
25 8.110000
25 8.710000
25 68.880000
25 17.630000
25 18.420000
25 12.210000
25 33.810000
25 47.500000
25 23.050000
25 9.050000
25 12.670000
25 9.250000
25 8.890000
25 10.600000
25 15.960000
25 21.290000
25 10.230000
25 15.620000
25 14.040000
25 20.960000
25 15.900000
25 15.470000
25 72.480000
25 32.210000
25 8.560000
25 17.110000
25 13.650000
25 49.550000
25 63.710000
25 2.260000
25 7.610000
25 5.080000
25 40.060000
25 27.700000
25 5.230000
25 7.350000
25 21.100000
25 14.440000
25 12.790000
25 34.810000
25 17.190000
25 15.530000
25 12.370000
25 12.380000
25 15.510000
25 11.630000
25 20.780000
25 25.610000
25 18.540000
25 10.710000
25 30.990000
25 19.350000
25 9.830000
25 25.120000
25 15.230000
25 12.200000
25 12.430000
25 20.030000
25 14.320000
25 4.700000
25 6.920000
25 13.330000
25 6.840000
25 26.150000
25 10.790000
25 30.680000
25 9.250000
25 17.030000
25 8.930000
25 26.570000
25 8.740000
25 18.620000
25 1.670000
25 5.060000
25 21.820000
25 7.360000
25 33.940000
25 10.060000
25 19.760000
25 17.560000
25 10.480000
25 5.510000
25 21.230000
25 10.690000
25 20.850000
25 15.210000
25 6.270000
25 50.300000
25 19.920000
25 21.770000
25 23.140000
25 22.630000
25 7.790000
26 50.500000
26 9.640000
26 55.190000
26 25.830000
26 34.210000
26 14.430000
26 47.840000
26 26.000000
26 20.030000
26 14.110000
26 18.510000
26 16.870000
26 24.840000
26 10.550000
26 26.600000
26 75.390000
26 102.780000
26 7.120000
26 27.410000
26 83.710000
26 6.980000
26 23.400000
26 25.590000
26 22.090000
26 8.730000
26 96.350000
26 14.480000
26 27.610000
26 28.760000
26 37.480000
26 24.430000
26 13.050000
26 55.640000
26 10.860000
26 36.060000
26 69.540000
26 7.690000
26 11.410000
26 8.470000
26 14.470000
26 14.390000
26 13.710000
26 6.960000
26 16.000000
26 45.230000
26 16.620000
26 6.050000
26 18.520000
26 12.100000
26 21.750000
26 79.570000
26 24.030000
26 43.350000
26 8.750000
26 18.390000
26 43.750000
26 8.450000
26 18.200000
26 21.440000
26 55.250000
26 9.540000
26 47.800000
26 15.390000
26 29.830000
26 33.270000
26 32.930000
26 14.120000
26 11.950000
26 7.180000
26 22.600000
26 65.230000
26 10.950000
26 32.540000
26 50.910000
26 46.000000
26 23.410000
26 23.730000
26 6.120000
26 7.470000
26 47.030000
26 21.330000
26 97.740000
26 12.550000
26 8.490000
26 11.190000
26 8.760000
26 31.470000
26 3.950000
26 13.190000
26 41.340000
26 29.100000
26 14.470000
26 9.380000
26 13.570000
26 16.080000
26 61.740000
26 17.130000
26 14.240000
26 19.980000
26 19.060000
26 21.880000
26 28.000000
26 12.440000
26 8.350000
26 49.290000
26 16.280000
26 5.430000
26 34.970000
26 13.350000
26 10.310000
26 8.900000
26 21.630000
26 11.500000
26 28.030000
26 3.760000
26 20.600000
26 19.710000
26 54.050000
26 8.170000
26 66.700000
26 25.910000
26 12.650000
26 32.610000
26 7.460000
26 10.550000
26 23.580000
26 26.210000
26 13.900000
26 7.040000
26 19.550000
26 21.150000
26 48.400000
26 29.300000
26 14.320000
26 5.390000
26 10.560000
26 26.200000
26 60.800000
26 23.270000
26 20.600000
26 28.940000
26 16.720000
26 20.610000
26 26.300000
26 26.110000
26 20.510000
26 7.990000
26 28.510000
26 25.020000
26 14.290000
26 29.380000
26 13.430000
26 12.880000
26 20.160000
26 17.690000
26 8.270000
26 15.840000
26 9.070000
26 24.380000
26 12.830000
26 20.980000
26 6.890000
26 15.760000
26 37.060000
26 32.080000
26 31.940000
26 63.020000
26 15.350000
26 26.060000
26 13.150000
26 32.560000
26 20.600000
26 23.190000
26 42.300000
26 71.890000
26 10.130000
26 30.750000
26 41.280000
26 7.000000
26 9.530000
26 11.510000
26 15.750000
26 25.110000
26 11.060000
26 28.680000
26 6.140000
26 19.030000
26 11.480000
26 21.300000
26 4.390000
26 25.420000
26 15.520000
26 18.790000
26 19.030000
26 10.770000
26 17.890000
26 22.200000
26 14.400000
26 28.080000
26 39.760000
26 16.950000
26 14.260000
26 12.780000
26 33.080000
26 54.250000
26 15.280000
26 18.460000
26 15.940000
26 4.840000
26 30.890000
26 58.820000
26 21.690000
26 26.500000
26 17.090000
26 26.500000
26 6.300000
26 45.110000
26 41.260000
26 20.390000
26 32.960000
26 23.480000
26 9.570000
26 15.780000
26 11.570000
26 24.560000
26 14.000000
26 9.240000
26 17.940000
26 11.790000
26 17.010000
26 38.190000
26 47.310000
26 19.210000
26 47.870000
26 40.500000
26 10.730000
26 21.700000
26 48.230000
26 21.590000
26 24.770000
26 23.370000
26 32.960000
26 15.110000
26 44.720000
26 5.380000
26 7.340000
26 9.030000
26 20.390000
26 34.160000
26 59.930000
26 10.770000
26 12.670000
26 6.770000
26 42.130000
26 10.560000
26 24.060000
26 15.490000
26 18.470000
26 16.320000
26 48.380000
26 33.900000
26 17.740000
26 11.970000
26 23.210000
26 28.560000
26 21.040000
26 18.410000
26 18.760000
26 63.010000
26 39.450000
26 43.840000
26 17.850000
26 20.590000
26 20.800000
26 12.860000
26 14.710000
26 13.870000
26 24.720000
26 30.220000
26 23.780000
26 95.970000
26 12.710000
26 28.760000
26 31.660000
26 23.720000
26 20.870000
26 10.900000
26 59.200000
26 22.810000
26 48.510000
26 17.070000
26 38.350000
26 22.040000
26 32.280000
26 18.160000
26 20.510000
26 11.710000
26 18.330000
26 9.900000
26 27.580000
26 17.040000
26 41.740000
26 16.920000
26 27.960000
26 19.880000
26 23.560000
26 9.110000
26 16.050000
26 29.940000
26 22.370000
26 12.860000
26 25.810000
26 18.270000
26 26.010000
26 35.920000
26 43.410000
26 13.370000
26 20.330000
26 27.630000
26 22.010000
26 19.700000
26 40.540000
26 19.660000
26 12.220000
26 21.150000
26 18.660000
26 19.260000
26 11.300000
26 16.490000
26 14.630000
26 9.200000
26 59.060000
26 16.580000
26 24.340000
26 36.570000
26 32.210000
26 16.400000
26 69.450000
26 54.540000
26 21.850000
26 61.290000
26 35.410000
26 13.820000
26 9.750000
26 7.880000
26 40.170000
26 18.420000
26 18.820000
26 10.740000
26 21.530000
26 8.690000
26 43.680000
26 83.240000
26 13.120000
26 10.970000
26 31.320000
26 24.870000
26 36.190000
26 7.630000
26 13.700000
26 88.000000
26 31.710000
26 9.150000
26 15.010000
26 49.030000
26 4.870000
26 17.460000
26 22.350000
26 12.390000
26 28.850000
26 22.240000
26 20.400000
26 18.980000
26 18.200000
26 16.380000
26 33.980000
26 30.780000
26 17.560000
26 58.110000
26 18.430000
26 18.130000
26 14.840000
26 41.300000
26 8.550000
26 11.800000
26 38.990000
26 50.310000
26 13.460000
26 26.480000
26 42.770000
26 12.940000
26 12.020000
26 19.640000
26 25.500000
26 20.120000
26 5.050000
26 71.790000
26 18.920000
26 22.650000
26 15.020000
26 36.330000
26 23.220000
26 30.310000
26 17.290000
26 17.100000
26 16.760000
26 9.180000
26 14.730000
26 25.990000
26 36.000000
26 18.680000
26 33.640000
26 13.770000
26 15.630000
26 30.880000
26 10.610000
26 31.950000
26 37.460000
26 30.530000
26 33.380000
26 11.810000
26 27.430000
26 12.130000
26 13.310000
26 24.630000
26 64.600000
26 8.550000
26 12.520000
26 26.320000
26 28.070000
26 23.300000
26 14.960000
26 66.220000
26 51.550000
26 28.900000
26 32.960000
26 9.270000
26 25.670000
26 9.460000
26 31.500000
26 28.650000
26 20.870000
26 8.610000
26 69.660000
26 12.710000
26 27.190000
26 135.340000
26 19.570000
