#n running-time
24 0.570000
25 0.550000
25 0.620000
25 0.530000
25 0.570000
25 0.550000
26 0.870000
26 1.090000
26 0.940000
26 0.650000
26 0.630000
26 0.470000
26 0.580000
26 0.620000
26 1.270000
27 0.520000
27 0.780000
27 0.970000
27 0.940000
27 1.050000
27 0.570000
27 0.630000
27 0.970000
27 1.400000
27 0.600000
27 0.610000
27 0.690000
27 0.700000
27 0.980000
27 1.010000
27 0.860000
27 0.960000
27 0.780000
27 0.680000
27 0.670000
27 0.820000
27 0.950000
27 1.310000
27 0.840000
27 0.900000
27 1.390000
27 0.790000
27 1.130000
27 0.880000
27 0.770000
27 1.160000
27 0.680000
27 1.360000
27 0.730000
27 0.890000
27 0.650000
27 1.280000
27 1.160000
27 0.900000
28 0.520000
28 1.730000
28 0.690000
28 1.350000
28 0.810000
28 1.460000
28 0.890000
28 1.390000
28 1.290000
28 1.080000
28 1.070000
28 1.010000
28 1.470000
28 1.350000
28 1.590000
28 0.590000
28 0.890000
28 1.460000
28 1.200000
28 1.060000
28 0.710000
28 0.880000
28 0.810000
28 0.710000
28 0.520000
28 1.400000
28 0.970000
28 0.920000
28 1.960000
28 1.080000
28 1.170000
28 1.140000
28 0.600000
28 0.850000
28 1.180000
28 2.300000
28 1.470000
28 0.850000
28 0.860000
28 1.640000
28 0.630000
28 1.310000
28 0.530000
28 1.020000
28 0.730000
28 0.830000
28 0.770000
28 0.810000
28 1.100000
28 0.630000
28 0.770000
28 3.230000
28 0.900000
28 0.750000
28 0.880000
28 0.990000
28 0.510000
28 0.710000
28 0.540000
28 1.130000
28 0.880000
28 1.840000
28 0.770000
28 1.290000
28 0.920000
28 0.840000
28 1.190000
28 1.890000
28 1.370000
28 0.670000
28 1.100000
28 0.870000
28 0.670000
28 1.100000
28 0.580000
28 0.930000
28 1.100000
28 1.070000
28 0.550000
28 0.590000
28 1.120000
28 1.310000
28 0.640000
28 1.020000
29 1.270000
29 1.160000
29 0.670000
29 0.940000
29 0.710000
29 1.940000
29 1.070000
29 1.740000
29 0.700000
29 0.810000
29 1.990000
29 0.920000
29 1.220000
29 1.130000
29 3.550000
29 1.000000
29 2.110000
29 0.630000
29 0.830000
29 0.920000
29 0.980000
29 1.150000
29 2.230000
29 1.120000
29 0.930000
29 0.990000
29 0.920000
29 0.890000
29 1.010000
29 0.750000
29 2.380000
29 1.050000
29 1.450000
29 0.800000
29 1.470000
29 1.590000
29 0.680000
29 1.240000
29 1.060000
29 0.720000
29 1.560000
29 0.900000
29 1.330000
29 0.820000
29 0.830000
29 7.720000
29 0.620000
29 0.820000
29 1.030000
29 0.650000
29 1.010000
29 1.610000
29 0.870000
29 1.090000
29 3.190000
29 2.020000
29 1.660000
29 1.180000
29 0.600000
29 2.480000
29 0.820000
29 1.730000
29 1.450000
29 0.830000
29 1.380000
29 0.850000
29 0.890000
29 0.780000
29 0.770000
29 1.430000
29 0.860000
29 1.150000
29 1.060000
29 0.870000
29 1.530000
29 0.940000
29 2.440000
29 1.590000
29 0.920000
29 3.150000
29 0.690000
29 9.350000
29 1.420000
29 1.530000
29 0.670000
29 1.050000
29 1.340000
29 1.660000
29 0.670000
29 1.010000
29 0.700000
29 1.260000
29 1.170000
29 0.830000
29 1.280000
29 0.660000
29 0.640000
29 0.940000
29 0.760000
29 1.160000
29 2.870000
29 2.730000
29 1.530000
29 2.250000
29 2.210000
29 1.500000
29 0.840000
29 1.010000
29 0.940000
29 0.690000
29 0.780000
29 1.080000
29 1.050000
29 0.980000
29 1.590000
29 0.770000
29 0.650000
29 0.820000
29 0.900000
29 1.040000
29 0.680000
29 0.900000
29 0.660000
29 1.220000
29 0.680000
29 0.570000
29 2.740000
29 0.520000
29 0.850000
29 1.030000
29 0.920000
29 0.950000
29 0.690000
29 1.550000
29 1.730000
29 1.680000
29 0.790000
29 1.060000
29 1.170000
29 0.580000
29 0.990000
29 1.310000
29 1.180000
29 1.190000
29 1.490000
29 1.100000
29 0.700000
29 0.900000
29 0.720000
29 0.850000
29 0.750000
29 0.890000
29 0.890000
29 1.560000
29 1.620000
29 1.250000
29 1.030000
29 0.960000
29 0.650000
29 0.690000
29 0.740000
29 0.620000
29 0.860000
29 2.020000
29 2.460000
29 1.050000
29 2.730000
29 1.110000
29 0.690000
29 0.510000
29 1.360000
29 0.800000
29 0.710000
29 0.760000
29 0.950000
29 1.350000
29 0.770000
29 1.370000
29 0.580000
29 0.720000
29 0.810000
29 0.710000
29 2.460000
29 0.590000
29 1.020000
29 0.980000
29 0.700000
29 1.130000
29 1.090000
29 0.750000
29 0.920000
29 0.870000
29 0.560000
29 1.230000
29 0.760000
29 0.960000
29 0.790000
29 4.320000
30 1.590000
30 0.840000
30 0.770000
30 2.100000
30 0.950000
30 0.800000
30 1.280000
30 2.160000
30 1.040000
30 1.440000
30 0.980000
30 1.630000
30 0.810000
30 1.090000
30 1.500000
30 1.040000
30 1.340000
30 1.600000
30 1.650000
30 1.530000
30 0.990000
30 0.780000
30 1.120000
30 0.670000
30 1.260000
30 0.640000
30 1.560000
30 1.590000
30 1.260000
30 1.330000
30 1.840000
30 0.920000
30 0.790000
30 0.890000
30 1.720000
30 1.330000
30 1.430000
30 1.070000
30 0.860000
30 0.890000
30 1.440000
30 1.270000
30 0.920000
30 2.580000
30 1.000000
30 0.710000
30 3.600000
30 0.620000
30 1.150000
30 0.980000
30 0.850000
30 1.080000
30 2.130000
30 0.630000
30 1.000000
30 1.700000
30 1.170000
30 3.030000
30 0.900000
30 1.320000
30 0.780000
30 2.460000
30 0.940000
30 0.780000
30 1.170000
30 0.910000
30 1.400000
30 0.850000
30 0.810000
30 1.990000
30 0.690000
30 3.130000
30 2.210000
30 2.270000
30 1.220000
30 1.570000
30 1.720000
30 0.600000
30 0.720000
30 1.330000
30 0.590000
30 1.160000
30 3.210000
30 1.040000
30 0.810000
30 3.170000
30 1.960000
30 0.950000
30 1.630000
30 0.550000
30 0.830000
30 1.140000
30 2.460000
30 1.070000
30 1.040000
30 1.540000
30 1.260000
30 1.170000
30 0.760000
30 0.710000
30 0.680000
30 1.720000
30 1.060000
30 1.970000
30 1.630000
30 1.260000
30 3.000000
30 1.920000
30 1.060000
30 0.780000
30 1.060000
30 1.060000
30 2.280000
30 1.350000
30 2.450000
30 1.570000
30 1.750000
30 1.380000
30 1.400000
30 2.620000
30 1.120000
30 0.850000
30 1.500000
30 0.760000
30 0.620000
30 1.020000
30 1.600000
30 1.400000
30 2.020000
30 1.700000
30 1.560000
30 2.020000
30 3.120000
30 0.900000
30 5.680000
30 4.100000
30 1.060000
30 3.120000
30 1.770000
30 1.150000
30 1.050000
30 0.650000
30 1.130000
30 1.010000
30 2.990000
30 1.000000
30 1.930000
30 2.350000
30 0.890000
30 0.850000
30 0.800000
30 3.920000
30 1.490000
30 1.040000
30 0.970000
30 0.800000
30 0.920000
30 1.170000
30 0.910000
30 2.800000
30 1.720000
30 0.630000
30 0.840000
30 0.540000
30 2.240000
30 1.170000
30 1.610000
30 0.710000
30 1.630000
30 1.130000
30 1.400000
30 3.790000
30 0.650000
30 0.740000
30 1.810000
30 0.980000
30 1.750000
30 1.430000
30 1.430000
30 2.050000
30 0.640000
30 0.670000
30 0.760000
30 1.470000
30 1.960000
30 1.250000
30 0.920000
30 0.650000
30 1.000000
30 0.910000
30 1.000000
30 3.020000
30 1.560000
30 0.680000
30 1.020000
30 1.620000
30 2.070000
30 0.730000
30 0.880000
30 1.480000
30 0.810000
30 0.960000
30 2.210000
30 1.110000
30 2.320000
30 1.840000
30 0.650000
30 1.300000
30 1.200000
30 1.650000
30 1.250000
30 1.070000
30 1.620000
30 1.150000
30 1.340000
30 1.260000
30 0.980000
30 0.880000
30 2.670000
30 1.340000
30 1.000000
30 3.700000
30 1.970000
30 1.270000
30 1.090000
30 2.250000
30 1.310000
30 6.640000
30 1.680000
30 1.690000
30 1.260000
30 0.990000
30 1.850000
30 1.090000
30 1.740000
30 2.190000
30 2.820000
30 1.160000
30 2.010000
30 1.070000
30 1.370000
30 2.600000
30 1.910000
30 1.610000
30 1.040000
30 1.120000
30 0.570000
30 0.730000
30 1.660000
30 1.270000
30 0.810000
30 2.210000
30 1.830000
30 0.990000
30 1.430000
30 0.800000
30 2.220000
30 1.910000
30 0.900000
30 0.910000
30 1.280000
30 1.160000
30 0.730000
30 1.280000
30 0.940000
30 1.040000
30 0.830000
30 1.380000
30 0.870000
30 2.110000
30 2.450000
30 0.910000
30 0.700000
30 1.750000
30 1.450000
30 1.490000
30 1.970000
30 1.770000
30 1.090000
30 0.850000
30 1.250000
30 4.420000
30 0.890000
30 0.990000
31 1.290000
31 2.220000
31 1.830000
31 0.880000
31 0.870000
31 0.840000
31 1.340000
31 4.620000
31 2.320000
31 1.180000
31 1.080000
31 2.730000
31 2.510000
31 2.160000
31 1.700000
31 6.740000
31 4.230000
31 0.800000
31 5.780000
31 1.120000
31 1.090000
31 1.350000
31 1.670000
31 0.850000
31 0.800000
31 1.190000
31 1.430000
31 0.670000
31 3.170000
31 3.290000
31 1.150000
31 0.710000
31 0.790000
31 0.950000
31 0.990000
31 0.790000
31 0.840000
31 1.820000
31 7.010000
31 6.990000
31 2.600000
31 1.760000
31 1.090000
31 1.190000
31 0.600000
31 1.010000
31 1.870000
31 0.840000
31 2.230000
31 1.170000
31 0.940000
31 1.310000
31 1.740000
31 1.420000
31 1.160000
31 1.240000
31 1.940000
31 1.140000
31 0.760000
31 3.210000
31 1.170000
31 0.970000
31 1.340000
31 1.680000
31 0.610000
31 1.780000
31 5.960000
31 1.710000
31 2.510000
31 1.070000
31 1.400000
31 0.860000
31 1.760000
31 0.810000
31 1.000000
31 0.950000
31 1.110000
31 2.310000
31 1.800000
31 1.190000
31 1.010000
31 8.170000
31 4.210000
31 1.150000
31 1.030000
31 3.610000
31 7.670000
31 1.260000
31 0.650000
31 1.520000
31 1.550000
31 1.890000
31 2.590000
31 4.180000
31 2.080000
31 1.440000
31 1.100000
31 2.560000
31 1.660000
31 1.420000
31 0.900000
31 1.390000
31 1.370000
31 1.640000
31 3.650000
31 1.270000
31 1.510000
31 1.590000
31 1.130000
31 1.320000
31 1.430000
31 5.040000
31 1.510000
31 1.280000
31 4.510000
31 2.180000
31 1.310000
31 2.660000
31 2.430000
31 1.910000
31 1.730000
31 1.890000
31 1.410000
31 0.700000
31 2.180000
31 1.010000
31 1.360000
31 2.790000
31 2.310000
31 1.950000
31 0.610000
31 1.510000
31 0.870000
31 2.710000
31 1.900000
31 2.280000
31 1.790000
31 1.180000
31 1.320000
31 1.170000
31 2.400000
31 3.810000
31 0.750000
31 1.280000
31 2.750000
31 0.940000
31 1.570000
31 0.970000
31 0.810000
31 1.230000
31 0.830000
31 0.860000
31 2.800000
31 0.980000
31 1.240000
31 2.220000
31 3.590000
31 1.240000
31 2.190000
31 1.160000
31 2.570000
31 1.720000
31 1.790000
31 1.000000
31 2.470000
31 1.760000
31 1.810000
31 0.760000
31 1.440000
31 3.270000
31 2.360000
31 1.580000
31 4.460000
31 1.610000
31 1.930000
31 1.720000
31 6.850000
31 0.880000
31 0.910000
31 2.040000
31 1.170000
31 0.950000
31 1.940000
31 1.030000
31 1.120000
31 1.160000
31 0.570000
31 2.740000
31 2.450000
31 1.400000
31 1.200000
31 0.970000
31 1.040000
31 1.960000
31 3.970000
31 0.780000
31 1.410000
31 2.510000
31 3.920000
31 2.930000
31 2.970000
31 1.590000
31 1.570000
31 0.880000
31 1.080000
31 2.700000
31 2.360000
31 3.340000
31 2.110000
31 1.090000
31 2.510000
31 2.580000
31 1.420000
31 1.960000
31 2.580000
31 0.850000
31 2.110000
31 2.270000
31 2.100000
31 2.790000
31 2.480000
31 1.460000
31 3.300000
31 1.670000
31 2.650000
31 2.510000
31 1.480000
31 2.090000
31 1.310000
31 5.150000
31 1.310000
31 3.100000
31 1.430000
31 1.450000
31 0.910000
31 2.680000
31 1.920000
31 1.250000
31 1.220000
31 1.250000
31 0.960000
31 1.830000
31 0.780000
31 2.320000
31 2.440000
31 5.270000
31 1.160000
31 2.790000
31 1.470000
31 2.270000
31 1.110000
31 1.660000
31 1.090000
31 0.800000
31 1.030000
31 1.340000
31 0.900000
31 1.100000
31 0.980000
31 2.800000
31 1.200000
31 0.990000
31 1.080000
31 1.870000
31 0.790000
31 0.690000
31 2.030000
31 2.220000
31 0.980000
31 0.720000
31 1.300000
31 2.140000
31 1.970000
31 1.330000
31 1.540000
31 4.480000
31 0.700000
31 4.810000
31 1.220000
31 1.920000
31 1.280000
31 3.720000
31 2.320000
31 0.760000
31 1.340000
31 1.010000
31 0.830000
31 1.630000
31 1.840000
31 0.840000
31 2.140000
31 1.440000
31 1.310000
31 1.900000
31 1.540000
31 2.220000
31 7.580000
31 1.410000
31 1.900000
31 1.150000
31 1.020000
31 1.100000
31 1.660000
31 2.250000
31 0.960000
31 1.040000
31 0.820000
31 2.710000
31 1.300000
31 1.240000
31 3.200000
31 1.070000
31 1.340000
31 0.930000
31 5.930000
31 3.070000
31 2.510000
31 0.920000
31 1.600000
31 2.940000
31 2.990000
31 1.050000
31 1.210000
31 1.230000
31 1.400000
31 1.570000
31 1.710000
31 1.490000
31 2.180000
31 1.520000
31 2.100000
31 2.360000
31 1.140000
31 1.330000
31 2.140000
31 1.160000
31 0.910000
31 1.150000
31 1.150000
31 0.920000
31 0.660000
31 0.760000
31 0.830000
31 2.430000
31 0.960000
31 2.190000
31 1.550000
31 1.750000
31 0.880000
31 1.390000
31 1.220000
31 1.480000
31 0.830000
31 1.570000
31 1.030000
31 2.250000
31 1.070000
31 1.620000
31 1.680000
31 1.340000
31 1.590000
31 1.300000
31 1.510000
31 1.000000
31 1.980000
31 1.260000
31 1.660000
31 2.880000
31 0.780000
31 0.840000
31 1.300000
31 5.730000
31 3.260000
31 1.910000
31 1.520000
31 1.450000
31 2.120000
31 2.680000
31 0.790000
31 1.310000
31 2.290000
31 2.960000
31 1.210000
31 0.760000
31 1.610000
31 0.930000
32 1.790000
32 3.190000
32 2.890000
32 4.900000
32 1.150000
32 1.410000
32 0.860000
32 2.170000
32 0.900000
32 1.540000
32 1.230000
32 2.070000
32 1.620000
32 1.630000
32 1.260000
32 1.760000
32 3.620000
32 2.910000
32 0.890000
32 2.810000
32 1.330000
32 2.410000
32 0.910000
32 1.500000
32 1.050000
32 1.220000
32 1.800000
32 0.930000
32 1.690000
32 3.140000
32 1.300000
32 1.850000
32 4.700000
32 0.960000
32 1.410000
32 3.090000
32 0.870000
32 1.180000
32 1.410000
32 1.410000
32 1.290000
32 4.450000
32 2.330000
32 1.140000
32 1.960000
32 1.180000
32 2.070000
32 1.910000
32 2.840000
32 1.040000
32 3.040000
32 1.430000
32 2.300000
32 2.420000
32 0.910000
32 0.810000
32 1.560000
32 1.570000
32 1.710000
32 2.790000
32 2.430000
32 1.170000
32 2.320000
32 1.500000
32 3.690000
32 1.820000
32 1.220000
32 1.410000
32 1.330000
32 2.330000
32 1.210000
32 3.300000
32 1.580000
32 0.970000
32 0.940000
32 2.220000
32 2.840000
32 1.020000
32 2.580000
32 3.560000
32 5.110000
32 4.330000
32 2.930000
32 2.350000
32 1.970000
32 1.960000
32 1.180000
32 2.570000
32 4.120000
32 0.720000
32 1.610000
32 1.400000
32 5.710000
32 1.640000
32 3.210000
32 5.960000
32 1.200000
32 2.030000
32 5.700000
32 2.690000
32 1.950000
32 1.670000
32 1.860000
32 5.230000
32 0.680000
32 2.260000
32 2.770000
32 1.390000
32 1.190000
32 1.570000
32 0.910000
32 2.060000
32 2.270000
32 0.900000
32 2.200000
32 1.880000
32 2.570000
32 1.080000
32 1.960000
32 1.060000
32 1.210000
32 3.410000
32 1.680000
32 2.700000
32 1.150000
32 1.870000
32 0.780000
32 7.690000
32 2.780000
32 1.870000
32 1.880000
32 2.000000
32 2.260000
32 7.110000
32 3.260000
32 9.050000
32 1.940000
32 2.870000
32 9.630000
32 1.240000
32 2.420000
32 3.450000
32 1.520000
32 1.680000
32 1.490000
32 0.650000
32 2.180000
32 1.640000
32 1.500000
32 1.450000
32 1.380000
32 0.830000
32 7.120000
32 0.880000
32 2.470000
32 1.380000
32 1.840000
32 7.610000
32 2.430000
32 2.350000
32 4.180000
32 0.780000
32 2.860000
32 3.700000
32 5.610000
32 1.900000
32 2.400000
32 1.030000
32 3.760000
32 1.380000
32 2.290000
32 1.640000
32 4.410000
32 2.510000
32 1.800000
32 1.950000
32 2.090000
32 1.360000
32 1.060000
32 4.070000
32 1.140000
32 2.710000
32 2.460000
32 1.630000
32 5.270000
32 1.740000
32 5.390000
32 1.710000
32 0.770000
32 1.520000
32 1.490000
32 1.230000
32 2.090000
32 1.870000
32 1.270000
32 2.680000
32 2.930000
32 1.230000
32 4.590000
32 5.240000
32 1.370000
32 1.750000
32 2.720000
32 1.200000
32 2.970000
32 1.120000
32 1.290000
32 1.650000
32 1.920000
32 1.410000
32 1.370000
32 2.580000
32 2.520000
32 1.710000
32 1.650000
32 3.110000
32 1.880000
32 2.060000
32 1.910000
32 2.110000
32 2.560000
32 2.530000
32 5.500000
32 0.760000
32 1.070000
32 2.190000
32 1.650000
32 1.100000
32 1.830000
32 2.470000
32 1.220000
32 1.670000
32 1.580000
32 2.620000
32 3.070000
32 5.280000
32 0.740000
32 4.380000
32 4.640000
32 1.990000
32 0.830000
32 0.980000
32 1.850000
32 2.080000
32 5.130000
32 3.140000
32 0.780000
32 1.610000
32 1.010000
32 1.090000
32 4.400000
32 0.910000
32 3.920000
32 2.220000
32 2.960000
32 1.130000
32 1.700000
32 5.060000
32 1.080000
32 1.850000
32 0.780000
32 1.500000
32 0.790000
32 3.390000
32 1.650000
32 2.600000
32 1.590000
32 0.640000
32 1.440000
32 2.700000
32 2.780000
32 1.180000
32 2.210000
32 1.060000
32 1.880000
32 2.060000
32 1.310000
32 1.920000
32 2.840000
32 0.970000
32 8.990000
32 2.370000
32 1.800000
32 1.160000
32 1.290000
32 5.330000
32 0.860000
32 1.300000
32 1.250000
32 1.390000
32 1.500000
32 3.490000
32 1.150000
32 1.210000
32 1.100000
32 1.940000
32 1.740000
32 2.980000
32 1.330000
32 1.250000
32 1.710000
32 3.740000
32 1.700000
32 0.820000
32 0.900000
32 0.990000
32 3.630000
32 1.960000
32 4.150000
32 1.090000
32 2.050000
32 2.830000
32 3.290000
32 2.010000
32 1.350000
32 2.130000
32 1.180000
32 3.360000
32 4.630000
32 2.130000
32 2.070000
32 2.110000
32 4.180000
32 4.330000
32 3.280000
32 0.910000
32 4.890000
32 4.130000
32 1.220000
32 3.750000
32 7.830000
32 3.410000
32 3.110000
32 3.170000
32 3.270000
32 1.550000
32 1.610000
32 0.570000
32 1.700000
32 1.310000
32 0.910000
32 1.690000
32 1.330000
32 0.770000
32 0.840000
32 7.940000
32 3.660000
32 1.860000
32 6.310000
32 1.800000
32 1.410000
32 4.710000
32 1.190000
32 1.670000
32 1.590000
32 2.470000
32 0.530000
32 4.430000
32 1.560000
32 1.660000
32 3.210000
32 0.940000
32 1.650000
32 5.050000
32 2.050000
32 2.410000
32 0.890000
32 6.040000
32 2.570000
32 0.810000
32 0.960000
32 3.220000
32 1.940000
32 3.070000
32 2.140000
32 1.540000
32 4.340000
32 2.220000
32 3.150000
32 1.410000
32 0.800000
32 1.990000
32 1.140000
32 2.630000
32 0.860000
32 0.720000
32 0.960000
32 2.090000
32 0.670000
32 2.980000
32 3.010000
32 1.160000
32 0.970000
32 1.000000
32 1.420000
32 1.240000
32 0.840000
32 0.870000
32 2.290000
32 4.860000
32 1.710000
32 1.690000
32 3.430000
32 2.330000
32 1.310000
32 2.940000
32 1.390000
32 1.580000
32 3.930000
32 3.250000
32 2.890000
32 1.170000
32 1.870000
32 1.210000
32 0.920000
32 2.880000
32 2.210000
32 2.860000
32 2.070000
32 0.980000
32 4.060000
32 2.450000
32 1.460000
33 1.080000
33 0.930000
33 0.940000
33 0.840000
33 1.790000
33 1.200000
33 1.550000
33 8.550000
33 2.270000
33 1.740000
33 7.000000
33 1.770000
33 3.580000
33 3.690000
33 1.860000
33 2.700000
33 1.660000
33 2.080000
33 5.340000
33 2.620000
33 2.700000
33 3.140000
33 2.190000
33 0.980000
33 15.530000
33 1.230000
33 2.520000
33 1.980000
33 3.230000
33 2.410000
33 1.890000
33 1.690000
33 3.860000
33 2.120000
33 4.680000
33 4.220000
33 1.130000
33 4.170000
33 4.260000
33 1.080000
33 3.140000
33 1.060000
33 4.080000
33 2.510000
33 2.330000
33 2.340000
33 2.850000
33 6.900000
33 1.380000
33 3.220000
33 3.420000
33 0.850000
33 0.650000
33 1.410000
33 1.640000
33 1.780000
33 4.350000
33 0.750000
33 1.010000
33 4.480000
33 1.780000
33 3.000000
33 15.650000
33 2.560000
33 1.050000
33 4.210000
33 2.010000
33 3.980000
33 3.100000
33 3.120000
33 1.620000
33 1.290000
33 5.260000
33 0.930000
33 2.070000
33 3.850000
33 2.370000
33 1.270000
33 1.430000
33 2.570000
33 2.890000
33 5.580000
33 1.430000
33 6.470000
33 1.810000
33 2.290000
33 1.290000
33 2.350000
33 6.870000
33 2.290000
33 2.200000
33 3.440000
33 2.330000
33 1.990000
33 2.680000
33 1.570000
33 3.180000
33 2.190000
33 3.750000
33 4.410000
33 4.280000
33 4.410000
33 0.920000
33 1.690000
33 3.840000
33 2.810000
33 3.120000
33 5.340000
33 0.980000
33 2.340000
33 3.420000
33 3.550000
33 1.670000
33 4.360000
33 2.300000
33 4.090000
33 1.670000
33 5.960000
33 3.810000
33 1.810000
33 2.150000
33 1.420000
33 2.410000
33 2.580000
33 2.240000
33 1.070000
33 2.440000
33 1.320000
33 1.930000
33 1.610000
33 4.390000
33 3.310000
33 4.780000
33 1.910000
33 2.660000
33 3.220000
33 1.860000
33 2.160000
33 1.170000
33 0.680000
33 4.350000
33 1.330000
33 3.430000
33 2.560000
33 4.810000
33 0.960000
33 2.570000
33 4.030000
33 3.040000
33 4.830000
33 2.320000
33 0.900000
33 1.710000
33 1.040000
33 1.410000
33 0.610000
33 4.980000
33 4.450000
33 1.530000
33 1.970000
33 3.280000
33 1.570000
33 1.870000
33 2.260000
33 0.990000
33 2.390000
33 2.090000
33 0.920000
33 3.640000
33 4.130000
33 1.070000
33 2.280000
33 10.420000
33 1.240000
33 1.460000
33 1.290000
33 1.900000
33 1.430000
33 1.360000
33 1.650000
33 3.220000
33 1.300000
33 1.700000
33 2.720000
33 2.670000
33 1.190000
33 3.480000
33 10.340000
33 1.210000
33 1.670000
33 1.880000
33 2.490000
33 1.450000
33 1.570000
33 3.970000
33 0.710000
33 1.870000
33 2.330000
33 1.530000
33 2.850000
33 1.470000
33 0.920000
33 5.260000
33 5.090000
33 0.830000
33 1.270000
33 4.180000
33 3.800000
33 2.760000
33 4.350000
33 1.840000
33 1.030000
33 2.020000
33 3.240000
33 4.810000
33 1.220000
33 2.860000
33 3.870000
33 1.560000
33 3.230000
33 2.800000
33 1.230000
33 4.910000
33 2.340000
33 2.170000
33 3.440000
33 3.520000
33 3.890000
33 7.150000
33 6.790000
33 3.690000
33 1.370000
33 5.600000
33 3.140000
33 4.710000
33 3.560000
33 2.220000
33 0.790000
33 1.280000
33 1.690000
33 5.280000
33 9.520000
33 0.960000
33 3.070000
33 2.390000
33 2.480000
33 9.850000
33 1.070000
33 1.780000
33 1.690000
33 2.660000
33 3.330000
33 1.200000
33 3.050000
33 2.680000
33 3.820000
33 2.770000
33 1.660000
33 3.620000
33 2.160000
33 2.850000
33 2.540000
33 1.530000
33 1.850000
33 0.800000
33 3.230000
33 2.170000
33 4.170000
33 3.370000
33 1.900000
33 11.120000
33 1.840000
33 2.800000
33 2.060000
33 0.690000
33 0.550000
33 2.220000
33 0.570000
33 1.220000
33 1.980000
33 0.900000
33 2.740000
33 1.150000
33 1.260000
33 1.090000
33 1.800000
33 4.460000
33 2.520000
33 1.260000
33 1.800000
33 3.470000
33 1.240000
33 2.230000
33 2.120000
33 2.390000
33 2.410000
33 2.780000
33 5.810000
33 2.490000
33 1.320000
33 3.040000
33 2.030000
33 4.580000
33 2.140000
33 2.620000
33 3.710000
33 2.960000
33 1.310000
33 1.210000
33 0.680000
33 5.160000
33 2.480000
33 0.630000
33 0.620000
33 1.040000
33 5.660000
33 1.510000
33 3.300000
33 1.580000
33 2.480000
33 4.060000
33 5.740000
33 6.260000
33 0.960000
33 3.240000
33 1.740000
33 1.200000
33 2.330000
33 3.310000
33 1.860000
33 1.530000
33 0.910000
33 1.970000
33 2.710000
33 1.710000
33 9.900000
33 2.170000
33 0.780000
33 1.640000
33 10.730000
33 1.710000
33 4.490000
33 1.750000
33 1.650000
33 5.000000
33 5.300000
33 9.920000
33 1.650000
33 2.600000
33 1.570000
33 2.390000
33 1.230000
33 2.740000
33 4.560000
33 3.170000
33 0.680000
33 2.820000
33 1.760000
33 2.420000
33 5.230000
33 1.550000
33 2.220000
33 2.380000
33 3.030000
33 1.720000
33 0.850000
33 0.520000
33 2.580000
33 1.690000
33 4.170000
33 0.810000
33 2.340000
33 2.490000
33 3.320000
33 5.750000
33 8.840000
33 8.460000
33 3.590000
33 1.050000
33 6.100000
33 0.790000
33 2.990000
33 2.200000
33 3.530000
33 1.850000
33 1.300000
33 1.840000
33 2.710000
33 2.370000
33 1.560000
33 1.860000
33 0.820000
33 0.710000
33 2.120000
33 2.600000
33 1.410000
33 2.300000
33 4.160000
33 4.760000
33 1.330000
33 1.940000
33 1.390000
33 1.820000
33 2.440000
33 1.410000
33 1.960000
33 1.980000
33 1.100000
33 3.260000
33 1.690000
33 2.070000
33 1.420000
33 2.040000
33 8.580000
33 0.890000
33 12.310000
33 1.020000
33 1.000000
33 2.280000
33 2.270000
33 2.730000
33 1.090000
33 0.610000
33 2.790000
33 9.790000
33 1.450000
33 2.340000
33 4.890000
33 3.140000
33 6.670000
33 4.890000
33 4.560000
33 1.100000
33 0.720000
33 6.250000
33 1.620000
33 1.400000
33 3.140000
33 3.660000
33 1.990000
33 2.040000
33 0.770000
33 17.660000
33 0.940000
33 1.280000
33 1.440000
33 1.450000
33 3.320000
33 2.690000
33 2.980000
33 1.190000
33 1.840000
33 0.900000
33 0.980000
33 1.060000
33 2.470000
33 1.040000
33 1.390000
33 1.200000
33 2.760000
33 4.530000
33 1.060000
33 3.240000
33 2.340000
33 3.580000
33 1.970000
33 1.190000
33 0.860000
33 2.640000
33 3.040000
33 1.080000
33 5.600000
33 1.850000
33 1.410000
33 2.480000
33 1.010000
33 3.290000
33 1.550000
33 1.840000
33 1.910000
33 4.330000
33 0.860000
33 2.180000
33 2.240000
33 2.610000
33 1.410000
33 10.170000
33 1.760000
33 1.180000
33 1.700000
33 1.120000
33 1.360000
33 0.840000
33 1.060000
33 3.640000
33 0.940000
33 2.130000
33 1.050000
33 2.230000
33 3.190000
33 1.000000
33 3.050000
33 1.820000
33 2.050000
33 4.460000
33 4.370000
33 3.010000
33 4.690000
33 2.410000
33 2.650000
33 4.550000
33 0.840000
33 4.440000
33 1.470000
33 3.590000
33 1.900000
33 2.550000
33 1.000000
33 4.290000
33 2.040000
33 5.680000
33 2.480000
33 3.330000
33 2.010000
33 1.090000
33 2.360000
33 3.520000
33 10.320000
33 0.930000
