#n running-time
36 0.080000
37 0.080000
38 0.080000
38 0.080000
38 0.090000
38 0.090000
38 0.080000
38 0.080000
38 0.090000
38 0.080000
38 0.080000
38 0.090000
38 0.100000
38 0.080000
38 0.080000
38 0.080000
38 0.090000
38 0.080000
39 0.090000
39 0.090000
39 0.080000
39 0.080000
39 0.080000
39 0.070000
39 0.090000
39 0.090000
39 0.090000
39 0.080000
39 0.080000
39 0.080000
39 0.080000
39 0.090000
39 0.090000
39 0.080000
39 0.100000
39 0.080000
39 0.080000
39 0.080000
39 0.080000
39 0.080000
39 0.080000
39 0.080000
39 0.080000
39 0.080000
39 0.080000
39 0.080000
39 0.080000
39 0.080000
39 0.110000
39 0.070000
39 0.080000
39 0.090000
39 0.080000
39 0.100000
40 0.080000
40 0.080000
40 0.080000
40 0.080000
40 0.080000
40 0.080000
40 0.090000
40 0.080000
40 0.100000
40 0.110000
40 0.080000
40 0.080000
40 0.080000
40 0.080000
40 0.070000
40 0.070000
40 0.080000
40 0.080000
40 0.080000
40 0.130000
40 0.080000
40 0.080000
40 0.090000
40 0.090000
40 0.080000
40 0.070000
40 0.080000
40 0.080000
40 0.080000
40 0.080000
40 0.080000
40 0.080000
40 0.070000
40 0.080000
40 0.080000
40 0.080000
40 0.080000
40 0.090000
40 0.080000
40 0.100000
40 0.080000
40 0.080000
40 0.090000
40 0.080000
40 0.080000
40 0.080000
40 0.080000
40 0.100000
40 0.080000
40 0.090000
40 0.080000
40 0.080000
40 0.080000
40 0.080000
40 0.080000
40 0.080000
40 0.080000
40 0.090000
40 0.080000
40 0.080000
40 0.080000
40 0.080000
40 0.090000
40 0.090000
40 0.080000
40 0.090000
40 0.090000
40 0.080000
40 0.080000
40 0.080000
40 0.100000
40 0.080000
40 0.080000
40 0.080000
40 0.080000
40 0.080000
40 0.090000
40 0.090000
40 0.080000
40 0.080000
40 0.070000
40 0.080000
40 0.080000
40 0.080000
40 0.080000
40 0.090000
40 0.080000
40 0.080000
40 0.080000
40 0.080000
40 0.080000
40 0.080000
40 0.080000
40 0.080000
40 0.090000
40 0.080000
40 0.080000
40 0.080000
40 0.080000
40 0.110000
40 0.080000
40 0.080000
40 0.080000
40 0.080000
40 0.070000
40 0.070000
40 0.080000
40 0.100000
40 0.100000
40 0.080000
40 0.070000
40 0.090000
40 0.110000
40 0.080000
40 0.080000
40 0.070000
40 0.130000
40 0.080000
40 0.080000
40 0.080000
40 0.080000
40 0.100000
40 0.080000
40 0.080000
40 0.080000
40 0.070000
40 0.070000
40 0.080000
41 0.080000
41 0.080000
41 0.080000
41 0.080000
41 0.080000
41 0.090000
41 0.080000
41 0.090000
41 0.100000
41 0.080000
41 0.080000
41 0.080000
41 0.070000
41 0.080000
41 0.100000
41 0.090000
41 0.080000
41 0.080000
41 0.100000
41 0.080000
41 0.080000
41 0.080000
41 0.080000
41 0.080000
41 0.080000
41 0.080000
41 0.080000
41 0.080000
41 0.090000
41 0.070000
41 0.080000
41 0.080000
41 0.080000
41 0.080000
41 0.080000
41 0.090000
41 0.110000
41 0.080000
41 0.080000
41 0.100000
41 0.080000
41 0.100000
41 0.080000
41 0.110000
41 0.080000
41 0.090000
41 0.080000
41 0.090000
41 0.160000
41 0.110000
41 0.100000
41 0.080000
41 0.080000
41 0.080000
41 0.080000
41 0.080000
41 0.080000
41 0.110000
41 0.080000
41 0.090000
41 0.070000
41 0.080000
41 0.130000
41 0.080000
41 0.070000
41 0.080000
41 0.080000
41 0.080000
41 0.090000
41 0.080000
41 0.090000
41 0.080000
41 0.080000
41 0.090000
41 0.080000
41 0.080000
41 0.090000
41 0.080000
41 0.090000
41 0.080000
41 0.090000
41 0.080000
41 0.100000
41 0.080000
41 0.080000
41 0.100000
41 0.080000
41 0.080000
41 0.080000
41 0.090000
41 0.070000
41 0.080000
41 1.870000
41 0.080000
41 0.080000
41 0.080000
41 0.090000
41 0.080000
41 0.080000
41 0.090000
41 0.100000
41 0.080000
41 0.080000
41 0.080000
41 0.080000
41 0.080000
41 0.100000
41 0.080000
41 0.080000
41 0.080000
41 0.080000
41 0.080000
41 0.090000
41 0.100000
41 0.080000
41 0.080000
41 0.090000
41 0.080000
41 0.080000
41 0.080000
41 0.120000
41 0.080000
41 0.080000
41 0.090000
41 0.080000
41 0.080000
41 0.090000
41 0.080000
41 0.100000
41 0.080000
41 0.090000
41 0.100000
41 0.080000
41 0.100000
41 0.080000
41 0.080000
41 0.090000
41 0.080000
41 0.070000
41 0.080000
41 0.090000
41 0.090000
41 0.080000
41 0.080000
41 0.080000
41 0.080000
41 0.080000
41 0.080000
41 0.080000
41 0.080000
41 0.110000
41 0.110000
41 0.110000
41 0.080000
41 0.070000
41 0.080000
41 0.080000
41 0.090000
41 0.080000
41 0.090000
41 0.080000
41 0.080000
41 0.070000
41 0.080000
41 0.080000
41 0.080000
41 0.080000
41 0.080000
41 0.070000
41 0.090000
41 0.080000
41 0.080000
41 0.080000
41 0.080000
41 0.080000
41 0.080000
41 0.070000
41 0.080000
41 0.080000
41 0.080000
41 0.080000
41 0.080000
41 0.100000
41 0.080000
41 0.080000
41 0.100000
41 0.080000
41 0.070000
41 0.080000
41 0.090000
41 0.080000
41 0.080000
41 0.080000
41 0.100000
41 0.080000
41 0.080000
41 0.080000
41 0.080000
41 0.090000
41 0.080000
41 0.080000
41 0.080000
41 0.080000
41 0.090000
41 0.080000
41 0.080000
41 0.090000
41 0.080000
41 0.100000
41 0.080000
41 0.090000
41 0.080000
41 0.080000
41 0.080000
41 0.080000
41 0.090000
41 0.100000
41 0.080000
41 0.080000
41 0.080000
41 0.080000
41 0.090000
41 0.090000
41 0.080000
41 0.110000
41 0.070000
41 0.080000
41 0.070000
41 0.070000
41 0.070000
41 0.080000
41 0.080000
41 0.080000
41 0.170000
41 0.080000
41 0.100000
41 0.080000
41 0.080000
41 0.100000
41 0.070000
41 0.080000
41 0.110000
41 0.070000
41 0.080000
41 0.090000
41 0.090000
41 0.090000
41 0.090000
41 0.080000
41 0.080000
41 0.080000
41 0.080000
41 0.090000
41 0.090000
41 0.080000
41 0.110000
41 0.110000
41 0.090000
41 0.080000
41 0.100000
41 0.080000
41 0.080000
41 0.100000
41 0.090000
41 0.100000
41 0.080000
41 0.080000
41 0.080000
41 0.100000
41 0.090000
41 0.090000
41 0.080000
41 0.080000
41 0.080000
41 0.080000
41 0.100000
41 0.090000
41 0.080000
41 0.080000
41 0.080000
41 0.080000
41 0.080000
41 0.080000
41 0.080000
41 0.080000
41 0.090000
41 0.080000
41 0.070000
42 0.080000
42 0.090000
42 0.090000
42 0.080000
42 0.080000
42 0.090000
42 0.090000
42 0.080000
42 0.080000
42 0.080000
42 0.080000
42 0.120000
42 0.080000
42 0.130000
42 0.080000
42 0.080000
42 0.080000
42 0.080000
42 0.110000
42 0.080000
42 0.080000
42 0.080000
42 0.080000
42 0.080000
42 0.080000
42 0.080000
42 0.080000
42 0.080000
42 0.090000
42 0.080000
42 0.080000
42 0.100000
42 0.110000
42 0.080000
42 0.090000
42 0.080000
42 0.080000
42 0.120000
42 0.080000
42 0.080000
42 0.080000
42 0.080000
42 0.080000
42 0.090000
42 0.080000
42 0.090000
42 0.090000
42 0.080000
42 0.090000
42 0.080000
42 0.080000
42 0.080000
42 0.080000
42 0.080000
42 0.100000
42 0.090000
42 0.090000
42 0.080000
42 0.080000
42 0.080000
42 0.080000
42 0.080000
42 0.070000
42 0.080000
42 0.090000
42 0.080000
42 0.080000
42 0.070000
42 0.110000
42 0.100000
42 0.080000
42 0.080000
42 0.080000
42 0.080000
42 0.170000
42 0.080000
42 0.080000
42 0.080000
42 0.080000
42 0.100000
42 0.090000
42 0.080000
42 0.080000
42 0.080000
42 0.080000
42 0.080000
42 0.080000
42 0.080000
42 0.080000
42 0.090000
42 0.090000
42 0.080000
42 0.080000
42 0.090000
42 0.090000
42 0.090000
42 0.080000
42 0.080000
42 0.080000
42 0.080000
42 0.080000
42 0.080000
42 0.100000
42 0.070000
42 0.080000
42 0.080000
42 0.080000
42 0.090000
42 0.100000
42 0.080000
42 0.080000
42 0.080000
42 0.080000
42 0.080000
42 0.070000
42 0.080000
42 0.080000
42 0.090000
42 0.080000
42 0.080000
42 0.100000
42 0.080000
42 0.080000
42 0.090000
42 0.090000
42 0.070000
42 0.070000
42 0.110000
42 0.080000
42 0.080000
42 0.080000
42 0.090000
42 0.120000
42 0.080000
42 0.090000
42 0.120000
42 0.070000
42 0.080000
42 0.080000
42 0.080000
42 0.080000
42 0.080000
42 0.080000
42 0.080000
42 0.080000
42 0.090000
42 0.110000
42 0.080000
42 0.080000
42 0.080000
42 0.080000
42 0.110000
42 0.090000
42 0.110000
42 0.090000
42 0.080000
42 0.080000
42 0.080000
42 0.080000
42 0.080000
42 0.070000
42 0.080000
42 0.070000
42 0.120000
42 0.080000
42 0.070000
42 0.070000
42 0.080000
42 0.100000
42 0.070000
42 0.080000
42 0.090000
42 0.080000
42 0.090000
42 0.110000
42 0.100000
42 0.080000
42 0.080000
42 0.080000
42 0.080000
42 0.080000
42 0.080000
42 0.080000
42 0.090000
42 0.090000
42 0.080000
42 0.080000
42 0.080000
42 0.080000
42 0.080000
42 0.070000
42 0.080000
42 0.080000
42 0.080000
42 0.080000
42 0.080000
42 0.110000
42 0.080000
42 0.080000
42 0.090000
42 0.100000
42 0.070000
42 0.080000
42 0.080000
42 0.080000
42 0.070000
42 0.090000
42 0.080000
42 0.090000
42 0.080000
42 0.080000
42 0.100000
42 0.150000
42 0.090000
42 0.080000
42 0.100000
42 0.080000
42 0.080000
42 0.090000
42 0.080000
42 0.080000
42 0.080000
42 0.080000
42 0.080000
42 0.080000
42 0.080000
42 0.080000
42 0.080000
42 0.100000
42 0.090000
42 0.130000
42 0.090000
42 0.090000
42 0.080000
42 0.080000
42 0.100000
42 0.080000
42 0.080000
42 0.090000
42 0.080000
42 0.080000
42 0.100000
42 0.080000
42 0.080000
42 0.090000
42 0.080000
42 0.080000
42 0.080000
42 0.100000
42 0.080000
42 0.080000
42 0.080000
42 0.080000
42 0.100000
42 0.100000
42 0.090000
42 0.100000
42 0.100000
42 0.110000
42 0.090000
42 0.080000
42 0.080000
42 0.080000
42 0.080000
42 0.080000
42 0.080000
42 0.080000
42 0.080000
42 0.090000
42 0.100000
42 0.080000
42 0.080000
42 0.080000
42 0.110000
42 0.080000
42 0.080000
42 0.080000
42 0.080000
42 0.080000
42 0.080000
42 0.080000
42 0.080000
42 0.080000
42 0.080000
42 0.080000
42 0.080000
42 0.070000
42 0.080000
42 0.090000
42 0.090000
42 0.080000
42 0.080000
42 0.080000
42 0.090000
42 0.070000
42 0.080000
42 0.100000
42 0.100000
42 0.080000
42 0.080000
42 0.080000
42 0.080000
42 0.080000
42 0.070000
42 0.120000
42 0.080000
42 0.070000
42 0.080000
42 0.080000
42 0.080000
42 0.080000
42 0.080000
42 0.080000
42 0.080000
42 0.090000
42 0.070000
42 0.080000
42 0.080000
42 0.080000
42 0.070000
42 0.080000
42 0.100000
42 0.080000
42 0.100000
42 0.120000
42 0.080000
42 0.110000
42 0.080000
42 0.100000
42 0.080000
42 0.080000
42 0.080000
42 0.090000
42 0.090000
42 0.090000
42 0.080000
42 0.090000
42 0.080000
42 0.080000
42 0.080000
42 0.070000
42 0.080000
42 0.080000
42 0.110000
42 0.080000
42 0.080000
42 0.080000
42 0.080000
42 0.080000
42 0.080000
42 0.080000
42 0.240000
42 0.090000
42 0.090000
42 0.080000
42 0.080000
42 0.080000
42 0.080000
42 0.080000
42 0.070000
42 0.080000
42 0.090000
42 0.090000
42 0.080000
42 0.080000
42 0.080000
42 0.080000
42 0.080000
42 0.080000
42 0.080000
42 0.090000
42 0.080000
42 0.080000
42 0.090000
42 0.070000
42 0.080000
42 0.100000
42 0.070000
42 0.120000
42 0.080000
42 0.080000
42 0.080000
42 0.080000
42 0.090000
42 0.170000
42 0.090000
42 0.100000
42 0.080000
42 0.080000
42 0.070000
42 0.070000
42 0.090000
42 0.120000
42 0.090000
42 0.080000
42 0.080000
42 0.080000
42 0.080000
42 0.070000
42 0.090000
42 0.080000
42 0.090000
42 0.080000
43 0.080000
43 0.080000
43 0.080000
43 0.080000
43 0.100000
43 0.080000
43 0.080000
43 0.080000
43 0.080000
43 0.080000
43 0.080000
43 0.080000
43 0.080000
43 0.080000
43 0.080000
43 0.080000
43 0.080000
43 0.120000
43 0.080000
43 0.620000
43 0.100000
43 0.080000
43 0.080000
43 0.080000
43 0.080000
43 0.110000
43 0.080000
43 0.090000
43 0.080000
43 0.080000
43 0.080000
43 0.090000
43 0.080000
43 0.080000
43 0.080000
43 0.080000
43 0.080000
43 0.110000
43 0.070000
43 0.090000
43 0.080000
43 0.070000
43 0.080000
43 0.090000
43 0.080000
43 0.080000
43 0.080000
43 0.080000
43 0.070000
43 0.120000
43 0.080000
43 0.080000
43 0.080000
43 0.080000
43 0.080000
43 0.080000
43 0.090000
43 0.080000
43 0.100000
43 0.080000
43 0.100000
43 0.090000
43 0.080000
43 0.080000
43 0.110000
43 0.080000
43 0.080000
43 0.080000
43 0.110000
43 0.080000
43 0.080000
43 0.100000
43 0.090000
43 0.080000
43 0.080000
43 0.080000
43 0.080000
43 0.080000
43 0.080000
43 0.090000
43 0.080000
43 0.080000
43 0.080000
43 0.090000
43 0.080000
43 0.080000
43 0.100000
43 0.090000
43 0.090000
43 0.090000
43 0.080000
43 0.100000
43 0.080000
43 0.080000
43 0.080000
43 0.100000
43 0.080000
43 0.080000
43 0.090000
43 0.090000
43 0.090000
43 0.080000
43 0.090000
43 0.110000
43 0.080000
43 0.100000
43 0.080000
43 0.090000
43 0.080000
43 0.100000
43 0.090000
43 0.090000
43 0.080000
43 0.090000
43 8.080000
43 0.090000
43 0.080000
43 0.240000
43 0.110000
43 0.080000
43 0.090000
43 0.080000
43 0.080000
43 0.080000
43 0.080000
43 0.100000
43 0.080000
43 0.080000
43 0.080000
43 0.100000
43 0.090000
43 0.080000
43 0.070000
43 0.090000
43 0.080000
43 0.080000
43 0.090000
43 0.080000
43 0.070000
43 0.090000
43 0.080000
43 0.080000
43 0.100000
43 0.080000
43 0.080000
43 0.080000
43 0.080000
43 0.110000
43 0.090000
43 0.080000
43 0.090000
43 0.080000
43 0.080000
43 0.080000
43 0.080000
43 0.080000
43 0.080000
43 0.080000
43 0.080000
43 0.090000
43 0.080000
43 0.080000
43 0.080000
43 0.070000
43 0.090000
43 0.080000
43 0.080000
43 0.100000
43 0.080000
43 0.090000
43 0.080000
43 0.080000
43 0.080000
43 0.080000
43 0.070000
43 0.070000
43 0.090000
43 0.080000
43 0.080000
43 0.080000
43 0.080000
43 0.080000
43 0.080000
43 0.080000
43 0.090000
43 0.080000
43 0.090000
43 0.520000
43 0.370000
43 0.080000
43 0.070000
43 0.090000
43 0.090000
43 0.080000
43 0.080000
43 0.080000
43 0.070000
43 0.070000
43 0.080000
43 0.080000
43 0.080000
43 0.080000
43 0.090000
43 0.090000
43 0.080000
43 0.080000
43 0.090000
43 0.090000
43 0.080000
43 0.080000
43 0.080000
43 0.080000
43 0.100000
43 0.080000
43 0.080000
43 0.080000
43 0.070000
43 0.080000
43 0.080000
43 0.080000
43 0.080000
43 0.150000
43 0.090000
43 0.080000
43 0.080000
43 0.080000
43 0.080000
43 0.090000
43 0.080000
43 0.070000
43 0.080000
43 0.090000
43 0.090000
43 0.090000
43 0.080000
43 0.080000
43 0.100000
43 0.100000
43 0.090000
43 0.080000
43 0.100000
43 0.080000
43 0.080000
43 0.090000
43 0.080000
43 0.080000
43 0.090000
43 0.080000
43 0.080000
43 0.090000
43 0.090000
43 0.080000
43 0.100000
43 0.100000
43 0.090000
43 0.090000
43 0.080000
43 0.080000
43 0.090000
43 0.080000
43 0.090000
43 0.100000
43 0.080000
43 0.080000
43 0.080000
43 0.080000
43 0.080000
43 0.070000
43 0.090000
43 0.080000
43 0.080000
43 0.080000
43 0.080000
43 0.090000
43 0.080000
43 0.080000
43 0.080000
43 0.080000
43 0.080000
43 0.080000
43 0.080000
43 0.090000
43 0.080000
43 0.080000
43 0.080000
43 0.100000
43 0.080000
43 0.080000
43 0.290000
43 0.080000
43 0.090000
43 0.080000
43 0.080000
43 0.080000
43 0.070000
43 0.080000
43 0.080000
43 0.080000
43 0.080000
43 0.090000
43 0.090000
43 0.090000
43 0.100000
43 0.090000
43 0.080000
43 0.080000
43 0.080000
43 0.080000
43 0.080000
43 0.090000
43 0.080000
43 0.080000
43 0.080000
43 0.080000
43 0.080000
43 0.080000
43 0.080000
43 0.080000
43 0.110000
43 0.080000
43 0.080000
43 0.080000
43 0.080000
43 0.080000
43 0.080000
43 0.090000
43 0.080000
43 0.080000
43 0.080000
43 0.120000
43 0.080000
43 0.080000
43 0.100000
43 0.080000
43 0.090000
43 0.090000
43 0.070000
43 0.080000
43 0.080000
43 0.080000
43 0.080000
43 0.080000
43 0.090000
43 0.080000
43 0.070000
43 0.120000
43 0.080000
43 0.090000
43 0.090000
43 0.070000
43 0.090000
43 0.080000
43 0.090000
43 0.080000
43 0.090000
43 0.080000
43 0.080000
43 0.080000
43 0.080000
43 0.080000
43 0.080000
43 0.080000
43 0.110000
43 0.090000
43 0.080000
43 0.080000
43 0.100000
43 0.080000
43 0.120000
43 0.110000
43 0.080000
43 0.100000
43 0.080000
43 0.070000
43 0.080000
43 0.090000
43 0.080000
43 0.100000
43 0.080000
43 0.080000
43 0.080000
43 0.080000
43 0.080000
43 0.090000
43 0.080000
43 0.080000
43 0.100000
43 0.070000
43 0.080000
43 0.080000
43 0.070000
43 0.080000
43 0.090000
43 0.080000
43 0.090000
43 0.080000
43 0.090000
43 0.100000
43 0.100000
43 0.080000
43 0.080000
43 0.070000
43 0.080000
43 0.080000
43 0.080000
43 0.080000
43 0.080000
43 0.080000
43 0.080000
43 0.080000
43 0.080000
43 0.080000
43 0.080000
43 0.080000
43 0.080000
43 0.080000
43 0.080000
43 0.080000
43 0.080000
43 0.080000
43 0.080000
43 0.100000
43 0.080000
43 0.190000
43 0.090000
43 0.080000
43 0.070000
43 0.080000
43 0.080000
43 0.080000
43 0.080000
43 0.080000
43 0.090000
43 0.080000
43 0.090000
43 0.110000
43 0.110000
43 0.090000
43 0.080000
43 0.070000
43 0.070000
43 0.100000
43 0.080000
43 0.080000
43 0.100000
43 0.080000
43 0.080000
43 0.080000
43 0.090000
43 0.080000
43 0.090000
43 0.080000
43 0.070000
43 0.080000
43 0.080000
43 0.080000
43 0.100000
43 0.080000
43 0.090000
43 0.080000
43 0.080000
43 0.080000
43 0.080000
43 0.090000
43 0.080000
43 0.090000
43 0.080000
43 0.080000
43 0.080000
43 0.080000
43 0.080000
43 0.080000
43 0.110000
43 0.080000
43 0.080000
43 0.080000
43 0.090000
43 0.100000
43 0.070000
43 0.100000
43 0.080000
43 0.090000
43 0.100000
43 0.090000
43 0.070000
43 0.080000
43 0.080000
43 0.090000
43 0.080000
43 0.110000
43 0.080000
43 0.080000
43 0.090000
43 0.080000
43 0.080000
43 0.080000
43 0.080000
43 0.080000
43 0.090000
43 0.070000
43 0.080000
43 0.080000
43 0.080000
43 0.090000
43 0.090000
43 0.080000
43 0.070000
43 0.080000
43 0.080000
43 0.090000
43 0.080000
43 0.070000
43 0.080000
43 0.100000
43 0.080000
43 0.080000
43 0.130000
43 0.080000
43 0.080000
43 0.070000
44 0.110000
44 0.090000
44 0.100000
44 0.080000
44 0.080000
44 0.080000
44 0.090000
44 0.080000
44 0.080000
44 0.080000
44 0.080000
44 0.080000
44 0.070000
44 0.090000
44 0.080000
44 0.080000
44 0.080000
44 0.090000
44 0.100000
44 0.080000
44 0.080000
44 0.080000
44 0.080000
44 0.080000
44 0.110000
44 0.080000
44 0.080000
44 0.110000
44 0.080000
44 0.080000
44 0.140000
44 0.080000
44 0.080000
44 0.090000
44 0.100000
44 0.110000
44 0.080000
44 0.070000
44 0.080000
44 0.080000
44 0.080000
44 0.080000
44 0.090000
44 0.090000
44 0.080000
44 0.080000
44 0.110000
44 0.090000
44 0.150000
44 0.080000
44 0.080000
44 0.080000
44 0.080000
44 0.080000
44 0.070000
44 0.100000
44 0.080000
44 0.080000
44 0.100000
44 0.090000
44 0.080000
44 0.080000
44 0.080000
44 0.080000
44 0.070000
44 0.080000
44 0.090000
44 0.090000
44 0.080000
44 0.080000
44 0.080000
44 0.080000
44 0.080000
44 0.080000
44 0.080000
44 0.080000
44 0.080000
44 0.080000
44 0.100000
44 0.090000
44 0.080000
44 0.080000
44 0.080000
44 0.080000
44 0.080000
44 0.090000
44 0.090000
44 0.090000
44 0.070000
44 0.100000
44 0.080000
44 0.080000
44 0.080000
44 0.080000
44 0.090000
44 0.100000
44 0.080000
44 0.080000
44 0.070000
44 0.080000
44 0.080000
44 0.100000
44 0.080000
44 0.100000
44 0.080000
44 0.070000
44 0.080000
44 0.080000
44 0.080000
44 0.080000
44 0.080000
44 0.090000
44 0.080000
44 0.080000
44 0.080000
44 0.090000
44 0.080000
44 0.080000
44 0.090000
44 0.080000
44 0.080000
44 0.120000
44 0.490000
44 0.080000
44 0.080000
44 0.080000
44 0.090000
44 0.080000
44 0.130000
44 0.090000
44 0.080000
44 0.070000
44 0.120000
44 0.080000
44 0.080000
44 0.080000
44 0.080000
44 0.090000
44 0.090000
44 0.080000
44 0.080000
44 0.070000
44 0.080000
44 0.090000
44 0.080000
44 0.090000
44 0.080000
44 0.080000
44 0.080000
44 0.080000
44 0.080000
44 0.090000
44 0.080000
44 0.080000
44 0.080000
44 0.080000
44 0.080000
44 0.080000
44 0.080000
44 0.090000
44 0.080000
44 0.180000
44 0.080000
44 0.080000
44 0.080000
44 0.110000
44 0.080000
44 0.080000
44 0.110000
44 0.090000
44 0.080000
44 0.090000
44 0.080000
44 0.100000
44 0.080000
44 0.100000
44 0.080000
44 0.090000
44 0.080000
44 0.080000
44 0.080000
44 0.100000
44 0.080000
44 0.090000
44 0.100000
44 0.080000
44 0.080000
44 0.090000
44 0.090000
44 0.080000
44 0.080000
44 0.080000
44 0.080000
44 0.110000
44 0.080000
44 0.080000
44 0.080000
44 0.100000
44 0.100000
44 0.080000
44 0.080000
44 0.090000
44 0.080000
44 0.100000
44 0.080000
44 0.090000
44 0.100000
44 0.100000
44 0.100000
44 0.080000
44 0.100000
44 0.120000
44 0.080000
44 0.080000
44 0.080000
44 0.080000
44 0.080000
44 0.080000
44 0.090000
44 0.100000
44 0.080000
44 0.090000
44 0.070000
44 0.080000
44 0.120000
44 0.100000
44 0.080000
44 0.110000
44 0.080000
44 0.110000
44 0.070000
44 0.080000
44 0.080000
44 0.100000
44 0.090000
44 0.100000
44 0.090000
44 0.080000
44 0.080000
44 0.090000
44 0.100000
44 0.070000
44 0.080000
44 0.080000
44 0.080000
44 0.080000
44 0.100000
44 0.080000
44 0.090000
44 0.080000
44 0.080000
44 0.080000
44 0.090000
44 0.090000
44 0.080000
44 0.080000
44 0.080000
44 0.080000
44 0.090000
44 0.100000
44 0.080000
44 0.070000
44 0.080000
44 0.100000
44 0.080000
44 0.080000
44 0.100000
44 0.230000
44 0.080000
44 0.080000
44 0.080000
44 0.110000
44 0.090000
44 0.080000
44 0.080000
44 0.080000
44 0.080000
44 0.080000
44 0.080000
44 0.080000
44 0.090000
44 0.080000
44 0.080000
44 0.100000
44 0.070000
44 0.100000
44 0.130000
44 0.080000
44 0.070000
44 0.080000
44 0.080000
44 0.090000
44 0.110000
44 0.080000
44 0.090000
44 0.080000
44 0.080000
44 0.080000
44 0.080000
44 0.080000
44 0.080000
44 0.100000
44 0.100000
44 0.080000
44 0.150000
44 0.080000
44 0.080000
44 0.090000
44 0.080000
44 0.080000
44 0.070000
44 0.080000
44 0.080000
44 0.070000
44 0.090000
44 0.080000
44 0.070000
44 0.080000
44 0.080000
44 0.090000
44 0.080000
44 0.090000
44 0.080000
44 0.080000
44 0.080000
44 0.110000
44 0.080000
44 0.080000
44 0.080000
44 0.100000
44 0.090000
44 0.140000
44 0.080000
44 0.090000
44 0.080000
44 0.080000
44 0.080000
44 0.090000
44 0.080000
44 0.090000
44 0.140000
44 0.070000
44 0.080000
44 0.080000
44 0.080000
44 0.080000
44 0.080000
44 0.080000
44 0.080000
44 0.080000
44 0.110000
44 0.080000
44 0.080000
44 0.080000
44 0.080000
44 0.080000
44 0.080000
44 0.080000
44 0.080000
44 0.080000
44 0.090000
44 0.080000
44 0.090000
44 0.080000
44 0.080000
44 0.080000
44 0.080000
44 0.080000
44 0.080000
44 0.080000
44 0.080000
44 0.090000
44 0.080000
44 0.070000
44 0.070000
44 0.210000
44 0.080000
44 0.080000
44 0.070000
44 0.100000
44 0.080000
44 0.080000
44 0.080000
44 0.080000
44 0.080000
44 0.090000
44 0.110000
44 0.080000
44 0.090000
44 0.090000
44 0.080000
44 0.080000
44 0.080000
44 0.080000
44 0.090000
44 0.070000
44 0.090000
44 0.080000
44 0.090000
44 0.080000
44 0.090000
44 0.080000
44 0.080000
44 0.080000
44 0.080000
44 0.070000
44 0.090000
44 0.100000
44 0.080000
44 0.120000
44 0.080000
44 0.080000
44 0.080000
44 0.080000
44 0.080000
44 0.080000
44 0.080000
44 0.090000
44 0.080000
44 0.080000
44 0.110000
44 0.090000
44 0.080000
44 0.090000
44 0.090000
44 0.090000
44 0.090000
44 2.420000
44 0.090000
44 0.080000
44 0.100000
44 0.100000
44 0.080000
44 0.100000
44 0.080000
44 0.080000
44 0.090000
44 0.090000
44 0.080000
44 0.080000
44 0.090000
44 0.080000
44 0.080000
44 0.080000
44 0.080000
44 0.080000
44 0.080000
44 0.070000
44 0.080000
44 0.080000
44 0.080000
44 0.080000
44 0.080000
44 0.090000
44 0.080000
44 0.080000
44 0.090000
44 0.090000
44 0.080000
44 0.070000
44 0.080000
44 0.080000
44 0.080000
44 0.080000
44 0.080000
44 0.120000
44 0.080000
44 0.090000
44 0.090000
44 0.080000
44 0.080000
44 0.080000
44 0.080000
44 0.070000
44 0.080000
44 0.100000
44 0.080000
44 0.080000
44 0.080000
44 0.090000
44 0.080000
44 0.080000
44 0.080000
44 0.080000
44 0.090000
44 0.080000
44 0.090000
44 0.080000
44 0.070000
44 0.080000
44 0.080000
44 0.080000
44 0.080000
44 0.120000
44 0.080000
44 0.080000
44 0.080000
44 0.080000
44 0.070000
44 0.080000
44 0.080000
44 0.070000
44 0.120000
44 0.090000
44 0.080000
44 0.100000
44 0.070000
44 0.080000
44 0.080000
44 0.140000
44 0.080000
44 0.090000
44 0.100000
44 0.080000
44 0.080000
44 0.090000
44 0.080000
44 0.080000
44 0.080000
44 0.080000
44 0.100000
44 0.080000
44 0.100000
44 0.080000
44 0.070000
44 0.080000
44 0.090000
44 0.090000
44 0.090000
44 0.110000
44 0.080000
44 0.080000
44 0.090000
44 0.080000
44 0.100000
44 0.080000
44 0.110000
44 0.080000
44 0.080000
44 0.080000
44 0.080000
44 0.090000
44 0.080000
44 0.080000
44 0.100000
44 0.080000
44 0.080000
44 0.100000
44 0.080000
44 0.080000
44 0.080000
44 0.080000
44 0.080000
44 0.080000
44 0.080000
44 0.090000
44 0.080000
44 0.080000
44 0.080000
44 0.080000
44 0.080000
44 0.070000
44 0.080000
44 0.080000
44 0.080000
44 0.080000
44 0.090000
44 0.080000
44 0.080000
44 0.080000
44 0.080000
44 0.090000
44 0.080000
44 0.080000
44 0.090000
44 0.070000
44 0.080000
44 0.130000
44 0.080000
44 0.100000
44 0.080000
44 0.080000
44 0.080000
44 0.080000
44 0.080000
44 0.080000
44 0.100000
44 0.080000
44 0.090000
44 0.090000
44 0.080000
44 0.080000
44 0.080000
44 0.100000
44 0.080000
44 0.110000
44 0.090000
44 0.080000
44 0.090000
44 0.080000
44 0.080000
44 0.080000
44 0.080000
44 0.080000
44 0.090000
44 0.090000
44 0.110000
44 0.100000
44 0.090000
44 0.090000
44 0.080000
