#n running-time
34 0.500000
34 0.540000
34 0.550000
35 0.530000
35 0.570000
35 0.540000
35 0.600000
35 0.550000
35 0.570000
35 0.550000
35 0.570000
35 0.590000
35 0.530000
35 0.550000
35 0.560000
35 0.580000
35 0.560000
35 0.550000
35 0.550000
35 0.530000
35 0.680000
36 0.570000
36 0.510000
36 0.570000
36 0.570000
36 0.550000
36 0.520000
36 0.490000
36 0.550000
36 0.610000
36 0.560000
36 0.540000
36 0.530000
36 0.560000
36 0.560000
36 0.580000
36 0.540000
36 0.530000
36 0.720000
36 0.600000
36 0.480000
36 0.570000
36 0.500000
36 0.570000
36 0.580000
36 0.580000
36 0.580000
36 0.540000
36 0.530000
36 0.550000
36 0.570000
36 0.540000
36 0.530000
36 0.470000
36 0.580000
36 0.530000
36 0.520000
36 0.620000
36 0.570000
36 0.560000
36 0.550000
36 0.570000
36 0.580000
37 0.580000
37 0.840000
37 0.540000
37 0.540000
37 0.550000
37 0.550000
37 0.570000
37 0.580000
37 0.500000
37 0.560000
37 0.480000
37 0.540000
37 0.530000
37 0.640000
37 0.510000
37 0.590000
37 0.550000
37 0.510000
37 0.690000
37 0.590000
37 0.540000
37 0.660000
37 0.540000
37 0.540000
37 0.560000
37 0.570000
37 0.550000
37 0.530000
37 0.550000
37 0.550000
37 0.500000
37 0.530000
37 0.700000
37 0.580000
37 0.540000
37 0.490000
37 0.580000
37 0.540000
37 0.550000
37 0.560000
37 0.500000
37 0.790000
37 0.560000
37 0.570000
37 0.980000
37 0.520000
37 0.570000
37 0.510000
37 0.520000
37 0.540000
37 0.560000
37 0.540000
37 0.540000
37 0.520000
37 0.530000
37 0.560000
37 0.560000
37 0.580000
37 0.490000
37 0.590000
37 0.580000
37 0.550000
37 0.590000
37 0.580000
37 0.510000
37 0.530000
37 0.560000
37 0.580000
37 0.480000
37 0.540000
37 0.630000
37 0.600000
37 0.580000
37 0.560000
37 0.540000
37 0.550000
37 0.510000
37 0.540000
37 0.680000
37 0.520000
37 0.700000
37 0.520000
37 0.570000
37 0.550000
37 0.630000
37 0.570000
37 0.550000
37 0.590000
37 0.920000
37 0.540000
37 0.550000
37 0.570000
37 0.470000
37 0.600000
37 0.550000
37 0.700000
37 0.600000
37 0.560000
37 0.640000
37 0.730000
37 0.550000
37 0.560000
37 0.570000
37 0.540000
37 0.550000
37 0.550000
37 0.560000
37 0.620000
37 1.090000
37 0.560000
37 0.540000
37 0.540000
37 0.500000
37 0.540000
37 0.480000
37 0.550000
37 0.560000
37 0.510000
37 0.520000
37 0.500000
37 0.520000
37 0.640000
37 0.580000
37 0.720000
37 0.550000
37 0.530000
37 0.510000
37 0.520000
37 0.530000
37 0.730000
37 0.530000
37 0.570000
37 0.580000
37 0.540000
37 0.530000
37 0.540000
37 0.550000
37 0.570000
38 0.570000
38 0.730000
38 0.560000
38 0.530000
38 0.540000
38 0.550000
38 0.580000
38 0.550000
38 0.540000
38 0.600000
38 0.550000
38 0.590000
38 0.560000
38 0.590000
38 0.650000
38 0.560000
38 0.540000
38 0.510000
38 0.570000
38 0.580000
38 0.510000
38 0.570000
38 0.560000
38 0.520000
38 0.550000
38 0.590000
38 0.580000
38 0.540000
38 0.520000
38 0.670000
38 0.560000
38 0.630000
38 0.540000
38 0.730000
38 0.680000
38 0.540000
38 0.540000
38 0.580000
38 0.550000
38 0.590000
38 0.630000
38 0.570000
38 0.570000
38 0.490000
38 0.600000
38 0.560000
38 0.520000
38 0.520000
38 0.560000
38 0.560000
38 0.530000
38 0.550000
38 0.540000
38 0.560000
38 0.530000
38 0.530000
38 0.510000
38 0.640000
38 0.590000
38 0.550000
38 0.540000
38 0.580000
38 0.530000
38 0.560000
38 0.530000
38 0.550000
38 0.550000
38 0.550000
38 0.530000
38 0.520000
38 0.550000
38 0.540000
38 0.540000
38 0.520000
38 0.550000
38 0.530000
38 0.540000
38 0.530000
38 0.540000
38 0.530000
38 0.550000
38 0.590000
38 0.560000
38 0.580000
38 0.650000
38 0.550000
38 0.520000
38 0.530000
38 0.650000
38 0.530000
38 0.500000
38 0.540000
38 0.540000
38 0.540000
38 0.550000
38 0.520000
38 0.710000
38 0.490000
38 0.540000
38 0.550000
38 0.640000
38 0.530000
38 0.600000
38 0.550000
38 0.550000
38 0.590000
38 0.510000
38 0.610000
38 0.550000
38 0.550000
38 0.500000
38 0.540000
38 0.520000
38 0.530000
38 0.560000
38 0.520000
38 0.560000
38 5.290000
38 0.500000
38 0.620000
38 0.540000
38 0.560000
38 0.630000
38 0.620000
38 0.510000
38 0.580000
38 0.590000
38 0.570000
38 0.520000
38 0.530000
38 0.520000
38 0.540000
38 0.500000
38 0.580000
38 0.640000
38 0.580000
38 0.550000
38 0.600000
38 0.500000
38 0.490000
38 0.590000
38 0.530000
38 0.970000
38 0.610000
38 0.500000
38 0.540000
38 0.730000
38 0.590000
38 0.550000
38 0.550000
38 5.080000
38 0.510000
38 0.610000
38 0.590000
38 0.550000
38 0.510000
38 0.540000
38 0.520000
38 0.540000
38 0.540000
38 0.570000
38 0.550000
38 0.550000
38 0.570000
38 0.550000
38 0.510000
38 0.550000
38 0.510000
38 0.560000
38 0.550000
38 0.590000
38 0.540000
38 0.590000
38 0.550000
38 0.540000
38 0.580000
38 0.540000
38 0.580000
38 0.560000
38 0.520000
38 0.560000
38 0.620000
38 0.590000
38 0.650000
38 0.580000
38 0.510000
38 0.560000
38 0.560000
38 0.670000
38 0.580000
38 0.590000
38 0.540000
38 0.550000
38 0.590000
38 0.550000
38 0.610000
38 0.570000
38 0.560000
38 0.570000
38 0.550000
38 0.560000
38 0.500000
38 0.620000
38 0.550000
38 0.540000
38 0.630000
38 0.520000
38 0.480000
38 0.570000
38 0.620000
38 0.500000
38 0.540000
38 0.520000
38 0.510000
38 0.550000
38 0.540000
38 0.580000
38 0.580000
38 0.520000
38 0.530000
38 0.560000
38 0.610000
38 0.550000
38 0.590000
38 0.570000
38 0.760000
38 0.530000
38 0.590000
38 0.510000
38 0.540000
38 0.530000
38 0.590000
38 0.600000
38 0.540000
38 0.540000
38 0.560000
38 0.490000
38 0.530000
38 1.150000
38 0.470000
38 0.530000
38 0.490000
38 0.550000
38 0.540000
38 0.510000
38 0.600000
38 0.560000
38 0.560000
38 0.650000
38 0.560000
38 0.570000
38 0.600000
38 0.530000
38 0.590000
38 0.560000
38 0.510000
38 0.630000
38 0.500000
38 0.540000
38 0.510000
38 0.580000
38 0.600000
38 0.520000
38 0.570000
38 0.560000
38 0.550000
39 0.550000
39 0.570000
39 0.490000
39 0.540000
39 0.570000
39 0.550000
39 0.540000
39 0.590000
39 0.570000
39 0.570000
39 0.560000
39 0.600000
39 0.730000
39 0.560000
39 0.670000
39 0.560000
39 0.570000
39 0.570000
39 0.540000
39 0.550000
39 0.600000
39 0.540000
39 0.490000
39 0.570000
39 0.610000
39 0.560000
39 0.600000
39 0.720000
39 0.560000
39 0.540000
39 0.510000
39 0.590000
39 0.530000
39 0.530000
39 0.650000
39 0.520000
39 0.510000
39 0.590000
39 0.550000
39 0.530000
39 0.510000
39 0.570000
39 0.570000
39 0.610000
39 0.570000
39 0.490000
39 0.550000
39 0.550000
39 0.640000
39 0.480000
39 0.550000
39 0.530000
39 0.530000
39 0.570000
39 0.630000
39 0.580000
39 0.540000
39 0.520000
39 0.510000
39 0.580000
39 0.560000
39 0.590000
39 0.520000
39 0.540000
39 0.580000
39 0.520000
39 0.560000
39 0.610000
39 0.600000
39 0.500000
39 0.600000
39 0.520000
39 0.580000
39 0.610000
39 0.550000
39 0.520000
39 0.570000
39 0.510000
39 0.750000
39 0.560000
39 0.530000
39 0.560000
39 0.530000
39 0.530000
39 0.520000
39 0.500000
39 0.550000
39 0.710000
39 0.560000
39 0.540000
39 0.510000
39 0.500000
39 0.560000
39 0.590000
39 0.660000
39 0.650000
39 0.480000
39 0.610000
39 0.600000
39 0.560000
39 0.570000
39 0.540000
39 0.550000
39 0.550000
39 0.540000
39 0.490000
39 0.530000
39 0.560000
39 0.550000
39 0.570000
39 0.720000
39 0.600000
39 0.530000
39 0.540000
39 0.610000
39 0.540000
39 0.570000
39 0.560000
39 0.540000
39 0.830000
39 0.570000
39 0.540000
39 0.570000
39 0.630000
39 0.570000
39 0.560000
39 0.600000
39 0.570000
39 0.590000
39 0.550000
39 0.570000
39 0.520000
39 0.570000
39 0.580000
39 0.520000
39 0.530000
39 0.540000
39 0.580000
39 0.540000
39 0.580000
39 0.550000
39 0.550000
39 0.620000
39 0.590000
39 0.580000
39 0.520000
39 0.550000
39 0.450000
39 0.570000
39 0.470000
39 0.520000
39 0.540000
39 0.560000
39 0.550000
39 0.540000
39 0.680000
39 0.540000
39 0.550000
39 0.590000
39 0.500000
39 0.520000
39 0.580000
39 0.560000
39 0.510000
39 0.540000
39 0.610000
39 0.510000
39 0.580000
39 0.570000
39 0.550000
39 0.620000
39 0.530000
39 0.570000
39 0.520000
39 0.530000
39 0.550000
39 0.580000
39 0.540000
39 0.540000
39 0.540000
39 0.570000
39 0.510000
39 0.580000
39 0.610000
39 0.540000
39 0.560000
39 0.550000
39 0.580000
39 0.540000
39 0.550000
39 0.660000
39 0.590000
39 0.560000
39 0.550000
39 0.520000
39 0.550000
39 0.560000
39 0.590000
39 0.540000
39 0.500000
39 0.530000
39 0.530000
39 0.520000
39 0.560000
39 0.570000
39 0.570000
39 0.540000
39 0.520000
39 0.550000
39 0.540000
39 0.560000
39 0.560000
39 0.570000
39 0.580000
39 0.610000
39 0.500000
39 0.520000
39 0.540000
39 0.630000
39 0.600000
39 0.510000
39 0.560000
39 0.680000
39 0.640000
39 0.590000
39 0.560000
39 0.590000
39 0.660000
39 0.570000
39 0.620000
39 0.560000
39 0.570000
39 0.570000
39 0.580000
39 0.860000
39 0.620000
39 0.570000
39 0.570000
39 0.540000
39 0.540000
39 0.540000
39 0.610000
39 0.550000
39 0.560000
39 0.610000
39 0.520000
39 0.530000
39 0.520000
39 0.530000
39 0.550000
39 0.540000
39 0.490000
39 0.640000
39 0.620000
39 0.520000
39 0.560000
39 0.770000
39 0.550000
39 0.580000
39 0.600000
39 0.510000
39 0.580000
39 0.600000
39 0.600000
39 0.620000
39 0.520000
39 0.520000
39 0.550000
39 0.530000
39 0.530000
39 0.530000
39 0.560000
39 0.560000
39 0.510000
39 0.500000
39 0.480000
39 0.560000
39 0.490000
39 0.540000
39 0.560000
39 0.540000
39 0.550000
39 0.590000
39 0.580000
39 0.540000
39 0.590000
39 0.670000
39 0.560000
39 0.570000
39 0.540000
39 0.540000
39 0.500000
39 0.500000
39 0.550000
39 0.830000
39 0.580000
39 0.500000
39 0.490000
39 0.570000
39 0.580000
39 0.540000
39 0.530000
39 0.600000
39 0.580000
39 0.470000
39 0.620000
39 0.580000
39 0.530000
39 0.500000
39 0.540000
39 0.590000
39 0.520000
39 0.550000
39 0.570000
39 0.510000
39 0.540000
39 0.560000
39 0.530000
39 0.520000
39 0.470000
39 0.580000
39 0.490000
39 0.550000
39 0.570000
39 0.530000
39 0.620000
39 0.590000
39 0.600000
39 0.560000
39 0.560000
39 0.590000
39 0.600000
39 0.530000
39 0.550000
39 0.540000
39 0.630000
39 0.570000
39 0.600000
39 0.500000
39 0.530000
39 0.560000
39 0.550000
39 0.510000
39 0.550000
39 0.530000
39 0.510000
39 0.680000
39 0.580000
39 0.490000
39 0.590000
39 0.580000
39 0.600000
39 0.580000
39 0.560000
39 0.490000
39 0.550000
39 0.540000
39 0.550000
39 0.630000
39 0.610000
39 0.550000
39 0.530000
39 0.570000
39 0.640000
39 0.580000
39 0.540000
39 0.600000
39 0.520000
39 0.530000
39 0.580000
39 0.600000
39 0.570000
39 0.570000
39 0.530000
39 0.530000
39 0.490000
39 0.530000
39 0.540000
39 0.590000
39 0.570000
39 0.550000
39 0.510000
39 0.510000
39 0.580000
39 0.570000
39 0.530000
39 0.510000
39 0.700000
39 0.600000
39 0.590000
39 0.660000
39 0.530000
39 0.520000
39 0.650000
39 0.560000
39 0.590000
39 0.560000
39 0.560000
39 0.640000
39 0.550000
39 0.560000
39 0.570000
39 0.550000
39 0.640000
39 0.580000
39 0.520000
40 0.530000
40 0.770000
40 0.540000
40 0.540000
40 0.610000
40 0.530000
40 0.470000
40 0.550000
40 0.540000
40 0.480000
40 0.540000
40 0.530000
40 0.550000
40 0.550000
40 0.480000
40 0.560000
40 0.540000
40 0.580000
40 0.530000
40 0.620000
40 0.540000
40 0.520000
40 0.500000
40 0.550000
40 0.670000
40 0.520000
40 0.580000
40 0.580000
40 0.540000
40 0.540000
40 0.580000
40 0.520000
40 0.580000
40 0.560000
40 0.580000
40 0.520000
40 0.570000
40 0.490000
40 0.510000
40 0.520000
40 0.550000
40 0.530000
40 0.520000
40 0.660000
40 0.590000
40 0.600000
40 0.500000
40 0.580000
40 0.540000
40 0.710000
40 0.670000
40 0.560000
40 0.530000
40 0.530000
40 0.530000
40 0.500000
40 0.580000
40 0.560000
40 0.580000
40 0.590000
40 0.670000
40 0.500000
40 0.490000
40 0.580000
40 0.490000
40 0.500000
40 0.560000
40 0.500000
40 0.540000
40 0.560000
40 0.540000
40 0.480000
40 0.650000
40 0.600000
40 0.580000
40 0.570000
40 0.530000
40 0.670000
40 0.550000
40 0.600000
40 0.520000
40 0.560000
40 0.610000
40 0.560000
40 0.560000
40 0.510000
40 0.600000
40 0.540000
40 0.530000
40 0.540000
40 0.550000
40 0.510000
40 0.540000
40 0.510000
40 0.650000
40 0.570000
40 0.530000
40 0.570000
40 0.540000
40 0.520000
40 0.540000
40 0.570000
40 0.540000
40 0.560000
40 0.510000
40 0.570000
40 0.530000
40 0.520000
40 0.570000
40 0.550000
40 0.570000
40 0.550000
40 0.570000
40 0.640000
40 0.540000
40 0.600000
40 0.540000
40 0.520000
40 0.570000
40 0.610000
40 0.550000
40 0.540000
40 0.570000
40 0.560000
40 0.560000
40 0.520000
40 0.580000
40 0.530000
40 0.570000
40 0.630000
40 0.540000
40 0.580000
40 0.540000
40 0.570000
40 0.530000
40 0.600000
40 0.540000
40 0.580000
40 0.580000
40 0.560000
40 0.540000
40 0.490000
40 0.550000
40 0.550000
40 0.560000
40 0.570000
40 0.600000
40 0.530000
40 0.590000
40 0.560000
40 0.590000
40 0.550000
40 0.580000
40 0.540000
40 0.550000
40 0.550000
40 0.610000
40 0.550000
40 0.560000
40 0.560000
40 0.500000
40 0.550000
40 0.590000
40 0.580000
40 0.550000
40 0.570000
40 0.580000
40 0.550000
40 0.560000
40 0.550000
40 0.520000
40 0.560000
40 0.530000
40 0.570000
40 0.530000
40 0.540000
40 0.580000
40 0.520000
40 0.860000
40 0.560000
40 0.520000
40 0.540000
40 0.600000
40 0.540000
40 0.510000
40 0.560000
40 0.520000
40 0.550000
40 0.610000
40 0.550000
40 0.540000
40 0.530000
40 0.590000
40 0.550000
40 0.530000
40 0.540000
40 0.550000
40 0.530000
40 0.630000
40 0.560000
40 1.800000
40 0.600000
40 0.550000
40 0.550000
40 0.540000
40 0.530000
40 0.620000
40 0.500000
40 0.690000
40 0.560000
40 0.540000
40 0.560000
40 0.540000
40 0.620000
40 0.500000
40 0.540000
40 0.550000
40 0.560000
40 0.530000
40 0.570000
40 0.520000
40 0.550000
40 0.560000
40 0.540000
40 0.680000
40 0.610000
40 0.640000
40 0.610000
40 0.540000
40 0.590000
40 0.590000
40 0.540000
40 0.530000
40 0.540000
40 0.550000
40 0.530000
40 0.710000
40 0.470000
40 0.600000
40 0.600000
40 0.570000
40 0.590000
40 0.520000
40 0.600000
40 0.580000
40 0.520000
40 0.530000
40 0.520000
40 0.540000
40 0.590000
40 0.460000
40 0.520000
40 0.820000
40 0.530000
40 0.510000
40 0.590000
40 0.620000
40 0.630000
40 0.580000
40 0.540000
40 0.550000
40 0.580000
40 0.580000
40 0.580000
40 0.850000
40 0.570000
40 0.550000
40 0.490000
40 0.630000
40 0.540000
40 0.590000
40 0.610000
40 0.720000
40 0.550000
40 0.520000
40 0.570000
40 0.560000
40 0.680000
40 0.510000
40 0.540000
40 0.520000
40 0.660000
40 0.550000
40 0.800000
40 0.480000
40 0.490000
40 0.550000
40 0.610000
40 0.580000
40 0.550000
40 0.770000
40 0.520000
40 0.540000
40 0.580000
40 0.550000
40 0.760000
40 0.600000
40 0.550000
40 0.550000
40 0.570000
40 0.640000
40 0.550000
40 0.510000
40 0.530000
40 0.560000
40 0.610000
40 0.670000
40 0.600000
40 0.550000
40 0.540000
40 0.620000
40 0.610000
40 0.550000
40 0.500000
40 0.560000
40 0.510000
40 0.540000
40 0.510000
40 0.620000
40 0.550000
40 0.530000
40 0.630000
40 0.530000
40 0.510000
40 0.540000
40 0.590000
40 0.530000
40 0.510000
40 0.550000
40 0.620000
40 0.540000
40 0.550000
40 0.500000
40 0.590000
40 0.570000
40 0.610000
40 0.560000
40 0.620000
40 0.550000
40 0.610000
40 0.570000
40 0.540000
40 0.570000
40 0.510000
40 0.730000
40 0.490000
40 0.490000
40 0.580000
40 0.530000
40 0.550000
40 0.540000
40 0.610000
40 0.530000
40 0.540000
40 0.570000
40 0.580000
40 0.590000
40 0.520000
40 0.580000
40 0.580000
40 0.580000
40 0.570000
40 0.560000
40 0.580000
40 0.620000
40 0.650000
40 0.540000
40 0.760000
40 0.590000
40 0.640000
40 0.510000
40 0.510000
40 0.530000
40 0.550000
40 0.560000
40 0.540000
40 5.250000
40 0.560000
40 0.690000
40 0.510000
40 0.610000
40 0.530000
40 0.570000
40 0.590000
40 0.530000
40 0.600000
40 0.840000
40 0.530000
40 0.510000
40 0.560000
40 0.600000
40 0.530000
40 0.510000
40 0.550000
40 0.700000
40 0.540000
40 0.580000
40 0.530000
40 0.620000
40 0.540000
40 0.640000
40 0.520000
40 0.550000
40 0.540000
40 0.530000
40 0.580000
40 0.560000
40 0.590000
40 0.610000
40 0.560000
40 0.520000
40 0.550000
40 0.490000
40 0.680000
40 0.500000
40 0.580000
40 0.500000
40 0.620000
40 0.640000
40 0.550000
40 0.510000
40 0.590000
40 0.570000
40 0.550000
40 0.620000
40 0.540000
40 0.620000
40 0.540000
40 0.530000
40 0.580000
40 0.490000
40 0.530000
40 0.530000
40 0.490000
40 0.590000
40 0.590000
40 0.530000
40 0.600000
40 0.530000
40 0.590000
40 0.540000
40 0.630000
40 0.590000
40 0.650000
40 0.540000
40 0.550000
40 0.600000
40 0.540000
40 0.610000
40 0.510000
40 0.570000
40 0.530000
40 0.570000
40 0.530000
40 0.570000
40 0.780000
40 0.630000
40 0.540000
40 0.610000
40 0.560000
40 0.570000
40 0.520000
40 0.550000
40 0.680000
40 0.700000
40 0.550000
40 0.540000
40 0.550000
40 0.550000
40 0.590000
40 0.530000
40 0.550000
40 0.590000
40 0.570000
40 0.560000
40 0.530000
40 0.530000
40 0.560000
40 0.580000
40 0.560000
40 0.700000
41 0.570000
41 0.510000
41 0.550000
41 0.560000
41 0.490000
41 0.570000
41 0.540000
41 0.620000
41 0.540000
41 0.530000
41 0.530000
41 0.560000
41 0.640000
41 0.540000
41 0.550000
41 0.530000
41 0.580000
41 0.520000
41 0.600000
41 0.560000
41 0.570000
41 0.640000
41 0.580000
41 0.510000
41 0.590000
41 0.530000
41 0.510000
41 0.540000
41 0.520000
41 0.650000
41 0.550000
41 0.590000
41 0.460000
41 0.540000
41 0.520000
41 0.560000
41 0.530000
41 0.560000
41 0.570000
41 0.600000
41 0.590000
41 0.630000
41 0.530000
41 0.790000
41 0.510000
41 0.540000
41 0.470000
41 0.550000
41 0.570000
41 0.570000
41 0.530000
41 0.500000
41 0.510000
41 0.550000
41 0.560000
41 0.550000
41 0.610000
41 0.520000
41 0.510000
41 0.550000
41 0.550000
41 0.670000
41 0.510000
41 0.550000
41 0.540000
41 0.540000
41 0.580000
41 0.550000
41 0.520000
41 0.520000
41 0.560000
41 0.550000
41 0.540000
41 0.560000
41 0.570000
41 0.500000
41 0.560000
41 0.500000
41 0.510000
41 0.540000
41 0.540000
41 0.550000
41 0.550000
41 0.620000
41 0.560000
41 0.880000
41 0.550000
41 0.510000
41 0.700000
41 0.510000
41 0.520000
41 0.660000
41 0.600000
41 0.560000
41 0.550000
41 0.500000
41 0.530000
41 0.660000
41 0.510000
41 0.600000
41 0.530000
41 0.560000
41 0.590000
41 0.570000
41 0.760000
41 0.630000
41 0.560000
41 0.560000
41 0.620000
41 0.560000
41 0.560000
41 0.540000
41 0.590000
41 0.540000
41 0.620000
41 0.620000
41 0.610000
41 0.610000
41 0.950000
41 0.610000
41 0.580000
41 0.650000
41 0.510000
41 0.560000
41 0.550000
41 0.570000
41 0.540000
41 0.530000
41 0.600000
41 0.520000
41 0.580000
41 0.540000
41 0.500000
41 0.530000
41 0.510000
41 0.550000
41 0.610000
41 0.530000
41 0.510000
41 0.480000
41 0.550000
41 0.530000
41 0.680000
41 0.550000
41 0.520000
41 0.530000
41 0.520000
41 0.500000
41 0.690000
41 0.610000
41 0.630000
41 0.530000
41 0.640000
41 0.490000
41 0.530000
41 0.570000
41 0.660000
41 0.520000
41 0.530000
41 0.510000
41 0.540000
41 0.650000
41 0.550000
41 0.600000
41 0.590000
41 0.570000
41 0.610000
41 0.630000
41 0.580000
41 0.550000
41 0.520000
41 0.550000
41 0.550000
41 0.620000
41 0.570000
41 0.680000
41 0.530000
41 0.590000
41 0.550000
41 0.520000
41 0.520000
41 0.560000
41 0.590000
41 0.570000
41 0.590000
41 0.680000
41 0.560000
41 0.500000
41 0.570000
41 0.550000
41 0.540000
41 1.280000
41 0.590000
41 0.540000
41 0.590000
41 0.620000
41 0.480000
41 0.540000
41 0.660000
41 0.590000
41 0.610000
41 0.580000
41 0.560000
41 0.610000
41 0.480000
41 0.530000
41 0.490000
41 0.570000
41 0.630000
41 0.510000
41 0.640000
41 0.560000
41 0.520000
41 0.580000
41 0.530000
41 0.600000
41 0.510000
41 0.600000
41 0.620000
41 0.510000
41 0.520000
41 0.540000
41 0.540000
41 0.490000
41 0.610000
41 0.500000
41 0.510000
41 0.510000
41 0.560000
41 1.680000
41 0.600000
41 0.530000
41 0.510000
41 0.480000
41 0.530000
41 0.560000
41 0.580000
41 0.510000
41 0.550000
41 0.560000
41 0.510000
41 0.520000
41 0.540000
41 0.830000
41 0.550000
41 0.510000
41 0.540000
41 0.640000
41 0.530000
41 0.530000
41 0.550000
41 0.540000
41 0.590000
41 0.610000
41 0.530000
41 0.520000
41 0.520000
41 0.610000
41 0.470000
41 0.520000
41 0.620000
41 0.510000
41 0.520000
41 0.610000
41 0.600000
41 0.660000
41 0.540000
41 0.660000
41 0.550000
41 0.550000
41 0.520000
41 0.590000
41 0.620000
41 0.710000
41 0.520000
41 0.600000
41 0.570000
41 0.520000
41 0.510000
41 0.580000
41 0.520000
41 0.500000
41 0.530000
41 0.550000
41 0.580000
41 0.520000
41 0.590000
41 0.760000
41 0.560000
41 0.530000
41 0.550000
41 0.530000
41 0.530000
41 0.560000
41 0.490000
41 0.530000
41 0.570000
41 0.500000
41 0.570000
41 0.540000
41 0.570000
41 0.520000
41 0.540000
41 0.620000
41 0.620000
41 0.770000
41 1.100000
41 0.510000
41 0.540000
41 0.530000
41 0.490000
41 0.540000
41 0.540000
41 0.520000
41 0.540000
41 0.510000
41 0.560000
41 0.530000
41 0.610000
41 0.570000
41 0.590000
41 0.530000
41 0.850000
41 0.570000
41 0.570000
41 0.530000
41 0.600000
41 0.560000
41 0.590000
41 0.570000
41 0.550000
41 0.570000
41 0.570000
41 0.540000
41 0.650000
41 0.580000
41 0.520000
41 0.610000
41 0.520000
41 0.520000
41 0.580000
41 0.530000
41 0.560000
41 0.520000
41 0.570000
41 0.650000
41 0.690000
41 0.660000
41 0.540000
41 0.530000
41 0.740000
41 0.550000
41 0.540000
41 0.500000
41 0.570000
41 0.520000
41 0.630000
41 0.530000
41 0.560000
41 0.570000
41 0.500000
41 0.490000
41 0.560000
41 0.610000
41 0.550000
41 0.530000
41 0.580000
41 0.540000
41 0.530000
41 0.570000
41 0.630000
41 0.610000
41 0.540000
41 0.590000
41 0.550000
41 0.540000
41 0.640000
41 0.530000
41 0.620000
41 0.490000
41 0.520000
41 0.520000
41 0.560000
41 0.530000
41 0.500000
41 0.540000
41 0.660000
41 0.540000
41 0.580000
41 0.910000
41 0.520000
41 0.580000
41 0.540000
41 0.490000
41 0.610000
41 0.600000
41 0.510000
41 0.510000
41 0.560000
41 0.700000
41 0.560000
41 0.520000
41 0.540000
41 0.530000
41 0.610000
41 0.650000
41 0.540000
41 0.570000
41 0.550000
41 0.560000
41 0.630000
41 0.530000
41 0.490000
41 0.540000
41 0.540000
41 0.770000
41 0.560000
41 0.520000
41 0.510000
41 0.650000
41 0.570000
41 0.550000
41 0.650000
41 0.490000
41 0.700000
41 0.540000
41 0.540000
41 0.490000
41 0.560000
41 0.500000
41 0.540000
41 0.670000
41 0.590000
41 0.530000
41 0.500000
41 0.620000
41 0.530000
41 0.500000
41 0.620000
41 0.530000
41 0.550000
41 0.530000
41 0.570000
41 0.520000
41 0.550000
41 0.630000
41 0.550000
41 0.540000
41 0.600000
41 0.550000
41 0.510000
41 0.580000
41 0.530000
41 0.540000
41 0.540000
41 0.580000
41 0.520000
41 0.540000
41 0.540000
41 0.560000
41 0.570000
41 0.650000
41 0.630000
41 0.550000
41 0.580000
41 0.490000
41 0.560000
41 0.550000
41 0.580000
41 0.520000
41 0.580000
41 0.550000
41 0.580000
41 0.560000
41 0.520000
41 0.520000
41 0.700000
41 0.500000
41 0.730000
41 0.520000
41 0.740000
41 0.590000
41 0.520000
41 0.510000
41 0.740000
41 0.540000
41 0.620000
41 0.610000
41 0.620000
41 0.550000
41 0.730000
41 0.580000
41 0.540000
41 0.550000
41 0.540000
41 0.570000
41 0.570000
41 0.560000
41 0.550000
41 0.490000
41 0.550000
41 0.780000
41 0.550000
41 0.520000
41 0.540000
41 0.580000
41 0.550000
41 0.670000
41 0.580000
41 0.550000
41 0.500000
41 0.610000
41 0.590000
41 0.550000
41 0.520000
41 0.550000
41 0.520000
41 0.540000
41 0.640000
41 0.780000
41 0.570000
41 0.540000
41 0.570000
41 0.630000
41 0.600000
41 0.670000
41 0.520000
41 0.550000
41 0.530000
41 0.560000
41 0.540000
41 0.510000
41 0.630000
41 0.490000
41 0.530000
41 0.550000
41 0.600000
41 0.490000
41 0.570000
41 0.570000
41 0.570000
41 0.560000
41 0.810000
41 0.890000
41 0.550000
41 0.510000
41 0.510000
41 0.510000
41 0.540000
41 0.550000
41 0.530000
41 0.540000
41 0.560000
41 0.610000
41 0.550000
41 0.610000
41 0.590000
41 0.510000
41 0.580000
41 0.640000
41 0.590000
41 0.530000
41 0.500000
41 0.530000
41 0.550000
41 0.560000
41 0.700000
41 0.570000
