#n running-time
11 0.050000
11 0.050000
11 0.040000
11 0.040000
12 0.030000
12 0.040000
12 0.040000
12 0.050000
12 0.040000
12 0.050000
12 0.060000
12 0.040000
12 0.060000
12 0.040000
12 0.040000
12 0.050000
12 0.040000
12 0.040000
12 0.030000
13 0.040000
13 0.080000
13 0.040000
13 0.060000
13 0.060000
13 0.060000
13 0.050000
13 0.050000
13 0.050000
13 0.060000
13 0.080000
13 0.050000
13 0.090000
13 0.060000
13 0.080000
13 0.050000
13 0.060000
13 0.060000
13 0.070000
13 0.040000
13 0.050000
13 0.040000
13 0.070000
13 0.050000
13 0.040000
13 0.070000
13 0.040000
13 0.050000
13 0.050000
13 0.050000
13 0.050000
13 0.060000
13 0.060000
13 0.060000
13 0.040000
13 0.060000
13 0.170000
13 0.060000
13 0.090000
13 0.040000
13 0.050000
13 0.040000
13 0.050000
13 0.050000
13 0.060000
13 0.060000
13 0.050000
13 0.050000
13 0.050000
13 0.060000
14 0.040000
14 0.070000
14 0.080000
14 0.140000
14 0.080000
14 0.060000
14 0.080000
14 0.070000
14 0.100000
14 0.060000
14 0.060000
14 0.070000
14 0.060000
14 0.070000
14 0.050000
14 0.120000
14 0.080000
14 0.070000
14 0.070000
14 0.090000
14 0.070000
14 0.070000
14 0.080000
14 0.050000
14 0.090000
14 0.070000
14 0.050000
14 0.060000
14 0.070000
14 0.070000
14 0.070000
14 0.080000
14 0.070000
14 0.070000
14 0.060000
14 0.100000
14 0.090000
14 0.070000
14 0.060000
14 0.110000
14 0.080000
14 0.070000
14 0.060000
14 0.050000
14 0.100000
14 0.100000
14 0.080000
14 0.070000
14 0.070000
14 0.040000
14 0.050000
14 0.060000
14 0.070000
14 0.120000
14 0.050000
14 0.050000
14 0.090000
14 0.060000
14 0.110000
14 0.070000
14 0.090000
14 0.060000
14 0.070000
14 0.060000
14 0.070000
14 0.080000
14 0.110000
14 0.070000
14 0.050000
14 0.100000
14 0.070000
14 0.080000
14 0.060000
14 0.100000
14 0.070000
14 0.070000
14 0.080000
14 0.060000
14 0.060000
14 0.070000
14 0.070000
14 0.070000
14 0.050000
14 0.090000
14 0.080000
14 0.050000
14 0.060000
14 0.100000
14 0.090000
14 0.100000
14 0.060000
14 0.080000
14 0.080000
14 0.060000
14 0.090000
14 0.080000
14 0.060000
14 0.060000
14 0.090000
14 0.050000
14 0.060000
14 0.100000
14 0.060000
14 0.060000
14 0.070000
14 0.070000
14 0.080000
14 0.050000
14 0.070000
14 0.080000
14 0.070000
14 0.060000
14 0.100000
14 0.120000
14 0.070000
14 0.090000
14 0.060000
14 0.130000
14 0.060000
14 0.090000
14 0.090000
14 0.070000
15 0.090000
15 0.080000
15 0.140000
15 0.120000
15 0.110000
15 0.100000
15 0.160000
15 0.120000
15 0.150000
15 0.120000
15 0.200000
15 0.120000
15 0.100000
15 0.110000
15 0.100000
15 0.050000
15 0.190000
15 0.170000
15 0.070000
15 0.070000
15 0.100000
15 0.100000
15 0.130000
15 0.140000
15 0.120000
15 0.100000
15 0.100000
15 0.170000
15 0.130000
15 0.120000
15 0.180000
15 0.080000
15 0.130000
15 0.150000
15 0.100000
15 0.250000
15 0.070000
15 0.100000
15 0.140000
15 0.080000
15 0.090000
15 0.090000
15 0.120000
15 0.070000
15 0.110000
15 0.120000
15 0.080000
15 0.170000
15 0.100000
15 0.130000
15 0.130000
15 0.080000
15 0.090000
15 0.090000
15 0.120000
15 0.060000
15 0.110000
15 0.090000
15 0.120000
15 0.100000
15 0.100000
15 0.080000
15 0.080000
15 0.080000
15 0.080000
15 0.170000
15 0.050000
15 0.100000
15 0.120000
15 0.140000
15 0.120000
15 0.180000
15 0.100000
15 0.100000
15 0.100000
15 0.120000
15 0.200000
15 0.090000
15 0.090000
15 0.110000
15 0.090000
15 0.140000
15 0.130000
15 0.210000
15 0.120000
15 0.100000
15 0.100000
15 0.120000
15 0.070000
15 0.130000
15 0.170000
15 0.060000
15 0.080000
15 0.110000
15 0.110000
15 0.070000
15 0.080000
15 0.120000
15 0.110000
15 0.190000
15 0.090000
15 0.090000
15 0.120000
15 0.080000
15 0.090000
15 0.190000
15 0.100000
15 0.100000
15 0.150000
15 0.160000
15 0.100000
15 0.070000
15 0.100000
15 0.110000
15 0.120000
15 0.150000
15 0.100000
15 0.110000
15 0.130000
15 0.090000
15 0.090000
15 0.090000
15 0.110000
15 0.110000
15 0.120000
15 0.060000
15 0.240000
15 0.180000
15 0.090000
15 0.090000
15 0.140000
15 0.120000
15 0.060000
15 0.080000
15 0.080000
15 0.070000
15 0.150000
15 0.170000
15 0.090000
15 0.100000
15 0.240000
15 0.090000
15 0.120000
15 0.120000
15 0.090000
15 0.070000
15 0.070000
15 0.110000
15 0.280000
15 0.170000
15 0.090000
15 0.090000
15 0.120000
15 0.180000
15 0.090000
15 0.090000
15 0.110000
15 0.090000
15 0.100000
15 0.090000
15 0.150000
15 0.060000
15 0.140000
15 0.090000
15 0.090000
15 0.120000
15 0.160000
15 0.080000
15 0.100000
15 0.160000
15 0.090000
15 0.060000
15 0.090000
15 0.100000
15 0.110000
15 0.100000
15 0.150000
15 0.100000
15 0.140000
15 0.120000
15 0.100000
15 0.120000
15 0.060000
15 0.070000
15 0.100000
15 0.090000
15 0.110000
15 0.100000
15 0.100000
15 0.110000
15 0.070000
15 0.080000
15 0.150000
15 0.140000
15 0.090000
15 0.100000
15 0.100000
15 0.080000
15 0.080000
15 0.120000
15 0.100000
16 0.090000
16 0.260000
16 0.150000
16 0.170000
16 0.080000
16 0.150000
16 0.340000
16 0.180000
16 0.150000
16 0.160000
16 0.130000
16 0.140000
16 0.370000
16 0.110000
16 0.170000
16 0.200000
16 0.120000
16 0.310000
16 0.360000
16 0.140000
16 0.100000
16 0.090000
16 0.210000
16 0.310000
16 0.130000
16 0.250000
16 0.140000
16 0.120000
16 0.130000
16 0.180000
16 0.170000
16 0.260000
16 0.150000
16 0.110000
16 0.160000
16 0.210000
16 0.300000
16 0.120000
16 0.170000
16 0.180000
16 0.240000
16 0.350000
16 0.180000
16 0.170000
16 0.220000
16 0.190000
16 0.320000
16 0.410000
16 0.160000
16 0.190000
16 0.120000
16 0.170000
16 0.180000
16 0.120000
16 0.120000
16 0.170000
16 0.180000
16 0.100000
16 0.550000
16 0.100000
16 0.210000
16 0.240000
16 0.120000
16 0.330000
16 0.190000
16 0.160000
16 0.120000
16 0.180000
16 0.150000
16 0.140000
16 0.110000
16 0.160000
16 0.140000
16 0.130000
16 0.150000
16 0.240000
16 0.180000
16 0.290000
16 0.130000
16 0.290000
16 0.240000
16 0.160000
16 0.190000
16 0.290000
16 0.160000
16 0.200000
16 0.220000
16 0.190000
16 0.180000
16 0.190000
16 0.090000
16 0.130000
16 0.210000
16 0.100000
16 0.310000
16 0.100000
16 0.130000
16 0.200000
16 0.300000
16 0.240000
16 0.140000
16 0.180000
16 0.140000
16 0.110000
16 0.160000
16 0.110000
16 0.250000
16 0.100000
16 0.140000
16 0.150000
16 0.130000
16 0.180000
16 0.190000
16 0.200000
16 0.250000
16 0.160000
16 0.170000
16 0.140000
16 0.130000
16 0.210000
16 0.100000
16 0.140000
16 0.150000
16 0.100000
16 0.160000
16 0.200000
16 0.110000
16 0.090000
16 0.110000
16 0.170000
16 0.090000
16 0.110000
16 0.160000
16 0.180000
16 0.200000
16 0.350000
16 0.320000
16 0.240000
16 0.140000
16 0.200000
16 0.170000
16 0.110000
16 0.300000
16 0.140000
16 0.240000
16 0.470000
16 0.160000
16 0.170000
16 0.150000
16 0.120000
16 0.100000
16 0.250000
16 0.190000
16 0.290000
16 0.250000
16 0.250000
16 0.100000
16 0.220000
16 0.120000
16 0.210000
16 0.170000
16 0.210000
16 0.130000
16 0.120000
16 0.150000
16 0.150000
16 0.080000
16 0.140000
16 0.190000
16 0.320000
16 0.140000
16 0.120000
16 0.290000
16 0.230000
16 0.250000
16 0.110000
16 0.150000
16 0.210000
16 0.200000
16 0.200000
16 0.180000
16 0.140000
16 0.110000
16 0.190000
16 0.230000
16 0.130000
16 0.180000
16 0.190000
16 0.130000
16 0.130000
16 0.200000
16 0.090000
16 0.300000
16 0.170000
16 0.200000
16 0.090000
16 0.170000
16 0.180000
16 0.110000
16 0.140000
16 0.120000
16 0.170000
16 0.230000
16 0.140000
16 0.190000
16 0.150000
16 0.180000
16 0.150000
16 0.220000
16 0.290000
16 0.250000
16 0.260000
16 0.260000
16 0.290000
16 0.140000
16 0.260000
16 0.170000
16 0.200000
16 0.190000
16 0.100000
16 0.270000
16 0.220000
16 0.370000
16 0.110000
16 0.150000
16 0.120000
16 0.130000
16 0.120000
16 0.150000
16 0.140000
16 0.160000
16 0.230000
16 0.140000
16 0.180000
16 0.100000
16 0.220000
16 0.240000
16 0.170000
16 0.150000
16 0.060000
16 0.210000
16 0.120000
16 0.110000
16 0.120000
16 0.210000
16 0.170000
16 0.160000
16 0.140000
16 0.200000
16 0.190000
16 0.300000
16 0.210000
16 0.130000
16 0.090000
16 0.250000
16 0.120000
16 0.090000
16 0.180000
16 0.130000
16 0.190000
16 0.100000
16 0.090000
16 0.110000
16 0.120000
16 0.430000
16 0.180000
16 0.180000
16 0.200000
16 0.160000
16 0.290000
16 0.410000
16 0.130000
16 0.120000
16 0.150000
16 0.090000
16 0.180000
16 0.120000
16 0.190000
16 0.100000
16 0.140000
16 0.210000
16 0.140000
16 0.320000
16 0.110000
16 0.160000
16 0.160000
16 0.380000
16 0.130000
16 0.210000
16 0.160000
16 0.230000
16 0.110000
16 0.210000
16 0.180000
16 0.150000
16 0.090000
16 0.080000
16 0.220000
16 0.170000
16 0.300000
16 0.130000
16 0.160000
16 0.110000
16 0.340000
16 0.170000
16 0.140000
16 0.200000
16 0.140000
16 0.170000
16 0.290000
16 0.130000
16 0.290000
16 0.340000
16 0.090000
16 0.490000
16 0.130000
16 0.150000
16 0.330000
16 0.190000
16 0.240000
16 0.110000
16 0.190000
16 0.200000
16 0.160000
16 0.230000
16 0.180000
16 0.330000
16 0.120000
16 0.120000
16 0.180000
16 0.220000
16 0.250000
16 0.220000
16 0.200000
16 0.160000
16 0.200000
16 0.080000
16 0.310000
16 0.170000
16 0.090000
16 0.180000
16 0.080000
16 0.290000
16 0.190000
16 0.130000
16 0.190000
16 0.150000
16 0.090000
16 0.140000
16 0.280000
16 0.300000
16 0.100000
16 0.210000
16 0.130000
16 0.090000
16 0.370000
16 0.290000
16 0.300000
16 0.170000
16 0.180000
16 0.200000
16 0.130000
16 0.170000
16 0.160000
16 0.180000
17 0.370000
17 0.300000
17 0.520000
17 0.090000
17 0.460000
17 0.510000
17 0.300000
17 0.300000
17 0.570000
17 0.400000
17 0.470000
17 0.490000
17 0.090000
17 0.320000
17 0.460000
17 0.520000
17 0.260000
17 0.150000
17 0.140000
17 0.230000
17 0.430000
17 0.650000
17 0.430000
17 0.180000
17 0.550000
17 0.300000
17 0.330000
17 0.120000
17 0.200000
17 0.350000
17 0.380000
17 0.240000
17 0.330000
17 0.220000
17 0.270000
17 0.230000
17 0.310000
17 0.120000
17 0.270000
17 0.420000
17 0.540000
17 0.330000
17 0.310000
17 0.480000
17 0.110000
17 0.200000
17 0.340000
17 0.470000
17 0.610000
17 0.340000
17 0.310000
17 0.260000
17 0.250000
17 0.620000
17 0.270000
17 0.200000
17 0.340000
17 0.160000
17 0.410000
17 0.410000
17 0.490000
17 0.240000
17 0.210000
17 0.480000
17 0.210000
17 0.250000
17 0.300000
17 0.720000
17 0.130000
17 0.170000
17 0.470000
17 0.200000
17 0.460000
17 0.170000
17 0.480000
17 0.300000
17 0.350000
17 0.230000
17 0.480000
17 0.490000
17 0.380000
17 0.390000
17 0.440000
17 0.530000
17 0.230000
17 0.290000
17 0.710000
17 0.380000
17 0.530000
17 0.310000
17 0.220000
17 0.230000
17 0.410000
17 0.160000
17 0.220000
17 0.530000
17 0.310000
17 0.370000
17 0.150000
17 0.410000
17 0.280000
17 0.460000
17 0.180000
17 0.360000
17 0.180000
17 0.640000
17 0.170000
17 0.320000
17 0.210000
17 0.400000
17 0.200000
17 0.150000
17 0.240000
17 0.220000
17 0.330000
17 0.190000
17 0.420000
17 0.470000
17 0.360000
17 0.370000
17 0.340000
17 0.220000
17 0.350000
17 0.250000
17 0.270000
17 0.170000
17 0.150000
17 0.290000
17 0.670000
17 0.220000
17 0.160000
17 0.520000
17 0.160000
17 0.260000
17 0.510000
17 0.240000
17 0.390000
17 0.200000
17 0.210000
17 0.280000
17 0.170000
17 0.590000
17 0.500000
17 0.340000
17 0.170000
17 0.170000
17 0.120000
17 0.340000
17 0.410000
17 0.400000
17 0.240000
17 0.410000
17 0.480000
17 0.460000
17 0.640000
17 0.330000
17 0.180000
17 0.440000
17 0.230000
17 0.160000
17 0.300000
17 0.310000
17 0.400000
17 0.400000
17 0.220000
17 0.120000
17 0.290000
17 0.310000
17 0.290000
17 0.200000
17 0.340000
17 0.530000
17 0.200000
17 0.420000
17 0.480000
17 0.430000
17 0.150000
17 0.250000
17 0.360000
17 0.260000
17 0.290000
17 0.390000
17 0.190000
17 0.410000
17 0.400000
17 0.360000
17 0.250000
17 0.400000
17 0.290000
17 0.170000
17 0.470000
17 0.320000
17 0.360000
17 1.210000
17 0.210000
17 0.190000
17 0.350000
17 0.200000
17 0.310000
17 0.310000
17 0.140000
17 0.320000
17 0.180000
17 0.150000
17 0.130000
17 0.520000
17 0.500000
17 0.390000
17 0.200000
17 0.450000
17 0.290000
17 0.370000
17 0.320000
17 0.160000
17 0.190000
17 0.400000
17 0.460000
17 0.310000
17 0.340000
17 0.420000
17 0.630000
17 0.580000
17 0.210000
17 0.180000
17 0.360000
17 0.150000
17 0.350000
17 0.620000
17 0.360000
17 0.380000
17 0.260000
17 0.300000
17 0.210000
17 0.460000
17 0.420000
17 0.270000
17 0.240000
17 0.220000
17 0.160000
17 0.380000
17 0.400000
17 0.260000
17 0.210000
17 0.300000
17 0.160000
17 0.280000
17 0.240000
17 0.220000
17 0.350000
17 0.350000
17 0.210000
17 0.250000
17 0.370000
17 0.610000
17 0.120000
17 0.340000
17 0.140000
17 0.260000
17 0.470000
17 0.460000
17 0.320000
17 0.570000
17 0.230000
17 0.320000
17 0.250000
17 0.180000
17 0.680000
17 0.480000
17 0.320000
17 0.390000
17 0.160000
17 0.440000
17 0.250000
17 0.300000
17 0.350000
17 0.360000
17 0.220000
17 0.210000
17 0.300000
17 1.040000
17 0.220000
17 0.450000
17 0.230000
17 0.250000
17 0.410000
17 0.260000
17 0.750000
17 0.300000
17 0.260000
17 0.350000
17 0.790000
17 0.250000
17 0.410000
17 0.280000
17 0.370000
17 0.140000
17 0.280000
17 0.420000
17 0.360000
17 0.180000
17 0.560000
17 0.190000
17 0.250000
17 0.430000
17 0.490000
17 0.550000
17 0.140000
17 0.220000
17 0.490000
17 0.300000
17 0.150000
17 0.200000
17 0.250000
17 0.260000
17 0.260000
17 0.260000
17 0.350000
17 0.600000
17 0.570000
17 0.200000
17 0.390000
17 0.470000
17 0.360000
17 0.370000
17 0.710000
17 0.310000
17 0.280000
17 0.370000
17 0.250000
17 0.260000
17 0.430000
17 0.180000
17 0.350000
17 0.300000
17 0.580000
17 0.320000
17 0.360000
17 0.280000
17 0.400000
17 0.470000
17 0.280000
17 0.410000
17 0.320000
17 0.540000
17 0.250000
17 0.200000
17 0.360000
17 0.300000
17 0.250000
17 0.450000
17 0.370000
17 0.380000
17 0.160000
17 0.600000
17 0.250000
17 0.400000
17 0.270000
17 0.500000
17 0.280000
17 0.450000
17 0.160000
17 0.680000
17 0.350000
17 0.770000
17 0.630000
17 0.160000
17 0.300000
17 0.440000
17 0.330000
17 0.280000
17 0.550000
17 0.200000
17 0.280000
17 0.570000
17 0.420000
17 0.210000
17 0.290000
17 0.210000
17 0.540000
17 0.300000
17 0.320000
17 0.180000
17 0.350000
17 0.750000
17 0.630000
17 0.240000
17 0.210000
17 0.200000
17 0.200000
17 0.390000
17 0.290000
17 0.190000
17 0.270000
17 0.390000
17 0.550000
17 0.540000
17 0.280000
17 0.210000
17 0.480000
17 0.170000
17 0.320000
17 0.220000
17 0.330000
17 0.230000
17 0.190000
17 0.280000
17 0.390000
17 0.240000
17 0.260000
17 0.420000
17 0.330000
17 0.280000
17 0.140000
17 0.320000
17 0.280000
17 0.300000
17 0.280000
17 0.420000
17 0.210000
17 0.220000
17 0.330000
17 0.280000
17 0.200000
17 0.390000
17 0.180000
17 0.510000
17 0.350000
17 0.260000
17 0.440000
17 0.510000
17 0.520000
17 0.190000
17 0.540000
17 0.270000
17 0.290000
17 0.400000
17 0.220000
17 0.290000
17 0.580000
17 0.460000
17 0.370000
18 0.490000
18 0.740000
18 0.590000
18 0.480000
18 0.510000
18 0.380000
18 0.600000
18 0.660000
18 0.760000
18 0.880000
18 0.310000
18 0.340000
18 0.650000
18 0.360000
18 0.780000
18 0.650000
18 0.330000
18 0.530000
18 0.650000
18 0.200000
18 0.970000
18 0.430000
18 0.410000
18 0.330000
18 1.090000
18 0.350000
18 0.380000
18 1.030000
18 0.430000
18 0.580000
18 0.530000
18 0.530000
18 0.540000
18 0.610000
18 0.490000
18 0.460000
18 1.340000
18 0.720000
18 1.160000
18 0.390000
18 0.430000
18 0.650000
18 0.980000
18 0.410000
18 1.420000
18 0.440000
18 0.210000
18 0.380000
18 0.530000
18 0.810000
18 0.270000
18 0.480000
18 0.330000
18 0.520000
18 0.370000
18 0.800000
18 0.580000
18 0.840000
18 0.880000
18 0.360000
18 0.380000
18 0.790000
18 0.730000
18 1.000000
18 0.490000
18 0.790000
18 0.580000
18 0.930000
18 2.050000
18 0.140000
18 0.260000
18 0.470000
18 0.590000
18 0.610000
18 0.680000
18 0.510000
18 0.350000
18 0.420000
18 0.500000
18 0.950000
18 0.660000
18 0.680000
18 0.950000
18 0.710000
18 0.800000
18 0.610000
18 0.270000
18 0.260000
18 0.390000
18 0.410000
18 0.810000
18 0.620000
18 0.540000
18 0.550000
18 0.430000
18 0.440000
18 0.240000
18 0.650000
18 0.610000
18 0.390000
18 0.860000
18 0.370000
18 0.590000
18 0.970000
18 0.400000
18 0.740000
18 0.750000
18 0.480000
18 0.380000
18 0.210000
18 0.500000
18 0.380000
18 0.910000
18 0.690000
18 0.580000
18 0.230000
18 0.890000
18 0.410000
18 0.750000
18 0.610000
18 0.250000
18 0.550000
18 0.360000
18 0.570000
18 0.560000
18 0.280000
18 0.350000
18 0.620000
18 1.280000
18 0.350000
18 0.540000
18 0.940000
18 0.340000
18 0.740000
18 0.560000
18 0.530000
18 0.540000
18 1.770000
18 0.340000
18 0.680000
18 0.780000
18 0.910000
18 0.470000
18 0.260000
18 0.520000
18 0.640000
18 0.400000
18 0.510000
18 0.780000
18 0.570000
18 0.760000
18 0.530000
18 0.300000
18 0.440000
18 0.920000
18 0.580000
18 0.620000
18 0.710000
18 0.480000
18 0.560000
18 0.880000
18 0.270000
18 0.920000
18 0.750000
18 0.440000
18 0.730000
18 0.580000
18 0.470000
18 0.450000
18 0.660000
18 0.560000
18 1.100000
18 0.410000
18 0.890000
18 0.660000
18 1.780000
18 0.530000
18 1.060000
18 0.650000
18 0.230000
18 0.880000
18 0.910000
18 0.310000
18 0.670000
18 0.550000
18 0.230000
18 0.710000
18 0.740000
18 0.690000
18 0.620000
18 0.400000
18 0.290000
18 1.420000
18 0.640000
18 0.680000
18 1.100000
18 0.380000
18 0.500000
18 0.630000
18 0.870000
18 0.280000
18 0.820000
18 0.990000
18 0.430000
18 0.400000
18 0.870000
18 0.330000
18 0.370000
18 0.720000
18 0.600000
18 0.430000
18 0.150000
18 0.360000
18 1.010000
18 0.530000
18 0.340000
18 0.570000
18 0.700000
18 1.120000
18 0.410000
18 0.540000
18 0.410000
18 0.210000
18 0.560000
18 0.620000
18 0.630000
18 0.660000
18 0.720000
18 0.610000
18 0.360000
18 0.410000
18 0.620000
18 2.130000
18 0.400000
18 0.450000
18 0.410000
18 0.480000
18 0.660000
18 0.660000
18 0.740000
18 0.580000
18 0.700000
18 0.290000
18 0.660000
18 0.300000
18 0.630000
18 1.280000
18 0.620000
18 0.620000
18 0.690000
18 1.050000
18 0.680000
18 0.370000
18 0.260000
18 0.700000
18 0.950000
18 0.500000
18 0.670000
18 0.460000
18 0.130000
18 0.370000
18 0.330000
18 1.070000
18 0.540000
18 0.670000
18 0.680000
18 0.490000
18 0.530000
18 0.370000
18 0.300000
18 0.590000
18 0.300000
18 0.370000
18 0.630000
18 0.230000
18 0.560000
18 0.770000
18 0.310000
18 0.460000
18 0.460000
18 0.550000
18 0.990000
18 0.390000
18 0.360000
18 0.270000
18 1.450000
18 0.380000
18 0.390000
18 0.420000
18 0.640000
18 0.570000
18 0.520000
18 0.600000
18 0.320000
18 0.550000
18 0.370000
18 0.910000
18 0.500000
18 0.350000
18 0.300000
18 0.740000
18 0.570000
18 0.960000
18 0.430000
18 0.630000
18 0.360000
18 0.570000
18 0.960000
18 0.410000
18 0.260000
18 0.620000
18 0.770000
18 0.680000
18 0.160000
18 0.640000
18 1.050000
18 0.160000
18 1.240000
18 0.480000
18 0.490000
18 0.290000
18 0.860000
18 0.720000
18 0.540000
18 0.900000
18 0.470000
18 0.800000
18 0.570000
18 0.540000
18 0.820000
18 0.640000
18 0.560000
18 0.690000
18 0.350000
18 0.520000
18 0.490000
18 0.420000
18 0.610000
18 0.870000
18 0.530000
18 0.490000
18 0.870000
18 0.470000
18 0.620000
18 0.890000
18 0.400000
18 0.530000
18 1.070000
18 0.630000
18 0.430000
18 0.520000
18 1.020000
18 0.820000
18 0.550000
18 0.690000
18 0.500000
18 0.370000
18 0.360000
18 1.770000
18 0.790000
18 0.740000
18 0.540000
18 0.570000
18 0.410000
18 1.440000
18 0.430000
18 0.330000
18 0.610000
18 0.200000
18 1.370000
18 0.610000
18 0.510000
18 0.450000
18 0.640000
18 0.290000
18 0.340000
18 0.670000
18 0.580000
18 0.520000
18 0.760000
18 0.520000
18 0.560000
18 1.490000
18 1.190000
18 0.560000
18 0.410000
18 1.070000
18 0.310000
18 0.550000
18 0.360000
18 0.440000
18 0.350000
18 0.630000
18 0.530000
18 0.740000
18 0.400000
18 0.580000
18 0.540000
18 0.610000
18 0.590000
18 0.470000
18 1.080000
18 1.200000
18 0.750000
18 0.480000
18 1.300000
18 0.860000
18 0.370000
18 0.730000
18 0.540000
18 0.600000
18 1.190000
18 1.960000
18 0.880000
18 0.760000
18 0.870000
18 0.310000
18 0.430000
18 0.660000
18 0.390000
18 0.210000
18 0.490000
18 0.260000
18 0.750000
18 0.440000
18 0.370000
18 0.660000
18 0.560000
18 0.310000
18 0.540000
18 0.720000
18 0.360000
18 0.730000
18 0.670000
18 0.760000
18 0.530000
18 0.770000
18 0.350000
18 0.740000
18 0.720000
18 0.290000
18 0.790000
18 0.950000
18 0.300000
18 2.460000
18 0.800000
18 0.580000
18 0.310000
18 0.710000
18 0.470000
18 0.770000
18 1.220000
18 0.810000
18 0.580000
18 0.250000
18 0.240000
18 0.440000
18 0.580000
18 0.480000
18 1.060000
18 0.500000
18 0.580000
18 0.510000
18 0.960000
18 0.670000
18 0.340000
18 0.190000
18 0.550000
18 0.830000
18 0.640000
18 0.740000
18 0.450000
18 0.260000
18 0.280000
18 0.460000
18 0.470000
18 0.470000
18 0.860000
18 0.490000
18 0.270000
18 1.030000
18 0.390000
18 0.160000
18 0.620000
18 0.540000
18 1.350000
18 0.240000
18 0.320000
18 0.240000
18 0.470000
18 1.130000
18 0.590000
18 0.310000
18 0.560000
18 0.560000
18 0.190000
18 0.360000
18 0.730000
18 0.430000
18 0.430000
18 0.510000
18 0.430000
18 0.760000
18 0.480000
18 0.490000
18 0.490000
18 0.630000
18 0.410000
