#n running-time
19 0.350000
19 0.200000
19 0.100000
19 0.650000
19 0.210000
20 0.600000
20 1.560000
20 0.520000
20 0.350000
20 0.260000
20 0.650000
20 0.630000
20 0.970000
20 0.180000
20 0.220000
20 1.660000
20 0.330000
21 0.180000
21 0.620000
21 0.300000
21 1.180000
21 0.830000
21 0.190000
21 0.410000
21 0.440000
21 0.580000
21 0.620000
21 0.260000
21 0.230000
21 0.190000
21 0.710000
21 0.820000
21 1.690000
21 0.320000
21 0.800000
21 0.920000
21 1.160000
21 0.650000
21 0.430000
21 1.120000
21 1.040000
21 1.130000
21 0.240000
21 0.200000
21 0.420000
21 0.750000
21 0.280000
21 0.780000
21 0.170000
21 0.560000
21 0.120000
21 0.590000
21 0.680000
21 0.790000
21 1.230000
21 0.600000
21 0.700000
21 0.650000
21 1.720000
21 2.990000
21 0.680000
22 0.490000
22 0.710000
22 0.310000
22 0.590000
22 1.130000
22 0.530000
22 1.140000
22 0.190000
22 1.020000
22 0.610000
22 1.860000
22 0.580000
22 0.630000
22 0.390000
22 0.970000
22 0.190000
22 0.840000
22 0.960000
22 0.240000
22 0.890000
22 0.480000
22 0.460000
22 1.190000
22 0.460000
22 0.270000
22 0.170000
22 1.290000
22 1.350000
22 0.420000
22 0.640000
22 0.670000
22 0.640000
22 1.100000
22 2.870000
22 0.180000
22 0.970000
22 1.480000
22 1.340000
22 0.590000
22 0.330000
22 0.490000
22 0.480000
22 1.330000
22 0.480000
22 0.740000
22 0.100000
22 0.230000
22 0.740000
22 0.650000
22 0.430000
22 0.340000
22 0.730000
22 0.930000
22 0.540000
22 1.410000
22 0.230000
22 0.290000
22 2.800000
22 0.420000
22 0.510000
22 0.850000
22 0.750000
22 0.370000
22 0.980000
22 0.310000
22 0.420000
22 0.890000
22 0.270000
22 0.450000
22 0.330000
22 0.140000
22 0.280000
22 1.130000
22 0.580000
22 0.100000
22 1.060000
22 0.440000
22 1.270000
22 0.440000
22 0.490000
22 1.060000
22 0.320000
22 0.530000
22 0.510000
22 0.900000
22 1.250000
22 2.800000
22 1.010000
22 0.890000
22 0.540000
22 0.610000
22 0.780000
22 1.110000
22 0.340000
22 0.790000
22 0.370000
22 0.480000
22 0.350000
22 0.920000
22 0.280000
22 0.300000
22 0.480000
22 0.740000
22 1.420000
22 0.900000
22 0.590000
22 0.420000
22 0.740000
22 0.540000
23 2.810000
23 1.670000
23 0.270000
23 1.090000
23 0.350000
23 0.430000
23 2.590000
23 1.090000
23 1.080000
23 1.130000
23 0.660000
23 0.490000
23 0.690000
23 1.530000
23 1.280000
23 0.290000
23 1.010000
23 0.580000
23 2.100000
23 1.670000
23 0.760000
23 3.080000
23 1.330000
23 0.930000
23 0.450000
23 0.640000
23 0.870000
23 0.340000
23 0.250000
23 1.060000
23 1.080000
23 0.690000
23 1.340000
23 0.320000
23 0.970000
23 0.580000
23 0.260000
23 0.650000
23 0.730000
23 0.720000
23 0.390000
23 2.630000
23 0.730000
23 1.020000
23 1.040000
23 0.920000
23 0.750000
23 0.820000
23 1.130000
23 0.840000
23 0.940000
23 1.330000
23 1.600000
23 0.320000
23 0.800000
23 1.200000
23 0.400000
23 0.370000
23 1.000000
23 0.990000
23 0.790000
23 0.190000
23 0.500000
23 1.540000
23 2.230000
23 0.760000
23 2.830000
23 0.450000
23 0.860000
23 0.790000
23 1.670000
23 1.260000
23 0.660000
23 2.410000
23 1.830000
23 0.700000
23 0.290000
23 1.340000
23 1.050000
23 0.480000
23 2.300000
23 1.570000
23 1.160000
23 1.700000
23 1.150000
23 1.540000
23 0.730000
23 0.150000
23 1.270000
23 0.340000
23 2.490000
23 0.750000
23 0.390000
23 1.150000
23 0.580000
23 1.630000
23 0.350000
23 0.730000
23 0.560000
23 1.060000
23 0.490000
23 0.300000
23 0.480000
23 0.560000
23 0.880000
23 0.540000
23 1.290000
23 2.930000
23 1.050000
23 0.770000
23 0.320000
23 2.680000
23 0.260000
23 0.830000
23 0.630000
23 0.320000
23 0.900000
23 0.620000
23 0.540000
23 0.460000
23 0.650000
23 2.030000
23 1.170000
23 1.220000
23 0.640000
23 1.030000
23 4.310000
23 0.760000
23 0.830000
23 0.430000
23 1.220000
23 0.760000
23 1.830000
23 1.460000
23 0.940000
23 0.190000
23 0.620000
23 1.260000
23 0.450000
23 1.400000
23 0.830000
23 0.980000
23 2.540000
23 0.730000
23 0.470000
23 0.230000
23 0.770000
23 0.790000
23 0.310000
23 0.480000
23 0.310000
23 0.730000
23 1.400000
23 0.360000
23 0.360000
23 0.270000
23 0.950000
23 0.810000
23 1.040000
23 0.970000
23 0.630000
23 0.540000
23 1.510000
23 0.610000
23 0.530000
23 0.160000
23 0.900000
23 0.740000
23 0.690000
23 0.760000
23 0.480000
23 0.860000
23 0.430000
23 0.590000
23 0.510000
23 0.610000
23 2.400000
23 1.110000
23 0.250000
23 0.910000
23 1.110000
23 0.500000
23 0.550000
23 0.510000
23 1.580000
23 1.170000
23 0.850000
23 0.410000
23 1.390000
23 1.020000
23 0.800000
23 0.370000
23 2.370000
23 0.640000
23 1.010000
23 0.490000
24 0.880000
24 1.540000
24 4.370000
24 1.410000
24 3.840000
24 1.010000
24 1.260000
24 1.100000
24 0.760000
24 0.890000
24 0.400000
24 0.540000
24 0.790000
24 2.610000
24 2.290000
24 2.720000
24 2.000000
24 1.560000
24 0.690000
24 0.670000
24 1.220000
24 0.930000
24 1.120000
24 0.220000
24 0.590000
24 1.650000
24 1.340000
24 1.980000
24 0.600000
24 2.520000
24 2.480000
24 1.200000
24 0.970000
24 1.140000
24 1.470000
24 0.980000
24 0.820000
24 0.810000
24 0.390000
24 0.800000
24 1.200000
24 3.040000
24 0.490000
24 0.450000
24 0.640000
24 1.360000
24 0.450000
24 1.390000
24 2.760000
24 1.030000
24 0.670000
24 1.940000
24 1.270000
24 0.540000
24 0.580000
24 0.680000
24 1.400000
24 0.370000
24 1.040000
24 0.390000
24 1.630000
24 0.660000
24 0.530000
24 0.390000
24 1.260000
24 0.630000
24 0.340000
24 0.780000
24 1.210000
24 0.790000
24 1.020000
24 1.240000
24 2.060000
24 0.430000
24 0.250000
24 1.220000
24 0.650000
24 0.600000
24 0.540000
24 1.170000
24 0.680000
24 1.970000
24 0.900000
24 0.330000
24 4.130000
24 2.170000
24 1.160000
24 1.010000
24 1.060000
24 3.060000
24 0.280000
24 0.840000
24 1.780000
24 0.830000
24 1.120000
24 1.120000
24 0.460000
24 1.650000
24 0.620000
24 0.820000
24 1.840000
24 0.890000
24 0.900000
24 0.470000
24 1.160000
24 1.730000
24 0.700000
24 0.740000
24 1.270000
24 1.750000
24 0.280000
24 0.520000
24 0.540000
24 0.970000
24 0.410000
24 0.880000
24 0.800000
24 2.850000
24 3.710000
24 1.850000
24 0.180000
24 5.750000
24 1.470000
24 1.900000
24 2.910000
24 0.410000
24 1.800000
24 0.630000
24 1.140000
24 0.520000
24 0.910000
24 0.700000
24 3.180000
24 0.960000
24 0.740000
24 1.290000
24 0.930000
24 0.500000
24 0.780000
24 1.180000
24 1.630000
24 0.940000
24 1.420000
24 1.110000
24 2.090000
24 0.990000
24 3.110000
24 2.370000
24 3.660000
24 0.850000
24 0.930000
24 1.790000
24 0.760000
24 1.480000
24 1.380000
24 0.410000
24 0.560000
24 2.570000
24 1.300000
24 0.420000
24 0.710000
24 0.890000
24 1.470000
24 0.190000
24 1.560000
24 1.510000
24 1.110000
24 1.420000
24 1.210000
24 1.370000
24 1.160000
24 1.120000
24 0.620000
24 1.140000
24 1.060000
24 0.430000
24 0.720000
24 2.040000
24 1.340000
24 1.400000
24 0.610000
24 1.910000
24 0.960000
24 1.330000
24 2.300000
24 0.340000
24 2.930000
24 0.280000
24 0.920000
24 1.450000
24 0.970000
24 1.440000
24 1.150000
24 0.730000
24 1.340000
24 1.310000
24 3.790000
24 0.490000
24 1.210000
24 0.500000
24 0.200000
24 1.620000
24 1.810000
24 0.390000
24 0.470000
24 1.440000
24 0.300000
24 0.830000
24 0.670000
24 0.690000
24 2.310000
24 0.830000
24 2.680000
24 2.610000
24 0.580000
24 1.860000
24 1.500000
24 1.120000
24 0.530000
24 1.130000
24 0.350000
24 2.160000
24 0.960000
24 1.140000
24 1.100000
24 0.730000
24 0.890000
24 0.240000
24 0.850000
24 0.400000
24 1.260000
24 0.980000
24 3.780000
24 0.450000
24 0.140000
24 0.580000
24 1.220000
24 1.270000
24 2.100000
24 1.990000
24 1.410000
24 0.320000
24 0.750000
24 1.550000
24 0.300000
24 0.690000
24 1.070000
24 0.770000
24 0.350000
24 0.580000
24 0.540000
24 0.560000
24 0.630000
24 0.540000
24 2.500000
24 0.320000
24 1.310000
24 2.230000
24 1.430000
24 0.660000
24 0.990000
24 0.650000
24 0.460000
24 0.320000
24 0.700000
24 0.710000
24 0.760000
24 0.360000
24 1.710000
24 2.630000
24 0.740000
24 0.620000
24 0.500000
24 1.760000
24 0.530000
24 0.480000
24 0.440000
24 2.750000
24 0.710000
24 0.370000
24 3.100000
24 0.580000
24 2.530000
24 0.510000
24 0.570000
24 0.320000
24 1.530000
24 2.330000
24 0.540000
24 0.290000
24 1.000000
24 0.550000
24 1.280000
24 0.580000
24 1.400000
24 1.270000
24 1.140000
24 0.430000
24 1.450000
24 0.640000
24 1.530000
24 0.730000
24 4.500000
24 0.790000
24 0.950000
24 1.380000
25 1.720000
25 3.400000
25 0.780000
25 1.020000
25 1.770000
25 1.360000
25 1.610000
25 0.600000
25 3.150000
25 0.700000
25 0.570000
25 2.520000
25 2.660000
25 1.270000
25 1.530000
25 3.290000
25 2.310000
25 2.110000
25 0.740000
25 2.410000
25 0.470000
25 0.880000
25 0.670000
25 1.060000
25 1.330000
25 0.250000
25 1.280000
25 1.320000
25 1.740000
25 0.440000
25 1.190000
25 0.940000
25 0.790000
25 4.400000
25 2.650000
25 0.700000
25 1.800000
25 2.090000
25 0.990000
25 1.000000
25 1.540000
25 1.330000
25 0.870000
25 1.240000
25 4.070000
25 2.310000
25 2.680000
25 0.490000
25 2.480000
25 1.010000
25 2.240000
25 4.660000
25 2.110000
25 0.970000
25 1.800000
25 0.730000
25 1.700000
25 1.900000
25 1.890000
25 1.010000
25 1.970000
25 1.940000
25 1.860000
25 1.820000
25 3.100000
25 1.540000
25 0.760000
25 0.180000
25 1.210000
25 1.430000
25 0.700000
25 0.950000
25 0.680000
25 2.810000
25 0.620000
25 1.410000
25 2.240000
25 0.800000
25 7.510000
25 6.140000
25 0.910000
25 1.420000
25 0.680000
25 1.120000
25 1.290000
25 1.150000
25 2.640000
25 3.110000
25 1.120000
25 3.450000
25 1.210000
25 0.770000
25 1.830000
25 0.640000
25 0.830000
25 0.750000
25 1.740000
25 0.950000
25 2.080000
25 1.750000
25 0.820000
25 2.020000
25 1.360000
25 2.090000
25 0.900000
25 1.410000
25 0.530000
25 1.840000
25 1.030000
25 1.340000
25 2.330000
25 1.940000
25 2.480000
25 1.690000
25 0.850000
25 1.740000
25 0.600000
25 1.870000
25 5.850000
25 0.970000
25 1.520000
25 0.940000
25 0.930000
25 2.930000
25 1.800000
25 1.230000
25 1.230000
25 2.700000
25 0.950000
25 1.760000
25 3.190000
25 1.290000
25 0.580000
25 1.610000
25 1.130000
25 0.960000
25 1.980000
25 1.370000
25 3.080000
25 1.180000
25 0.440000
25 1.990000
25 0.760000
25 3.230000
25 1.720000
25 2.180000
25 1.870000
25 3.180000
25 1.040000
25 1.110000
25 1.340000
25 2.800000
25 0.810000
25 1.420000
25 1.460000
25 1.210000
25 2.120000
25 1.000000
25 1.120000
25 0.640000
25 0.920000
25 0.650000
25 0.920000
25 0.920000
25 0.260000
25 0.780000
25 1.080000
25 2.510000
25 3.600000
25 1.110000
25 2.080000
25 0.440000
25 1.160000
25 1.810000
25 2.730000
25 0.970000
25 1.510000
25 3.930000
25 1.710000
25 1.170000
25 2.260000
25 0.870000
25 2.540000
25 2.220000
25 1.020000
25 2.420000
25 0.560000
25 0.430000
25 2.470000
25 0.800000
25 1.150000
25 0.640000
25 1.630000
25 2.350000
25 4.420000
25 0.960000
25 0.720000
25 1.060000
25 1.390000
25 2.040000
25 3.110000
25 0.270000
25 1.510000
25 2.270000
25 2.250000
25 1.030000
25 1.140000
25 0.530000
25 0.320000
25 0.600000
25 3.140000
25 0.420000
25 0.960000
25 1.830000
25 1.660000
25 1.000000
25 0.830000
25 1.130000
25 0.550000
25 1.920000
25 0.710000
25 0.430000
25 1.670000
25 1.430000
25 0.710000
25 1.850000
25 0.430000
25 1.200000
25 2.030000
25 0.570000
25 1.460000
25 0.800000
25 2.030000
25 1.230000
25 2.140000
25 1.180000
25 0.940000
25 1.100000
25 2.320000
25 0.740000
25 1.510000
25 1.260000
25 1.330000
25 1.260000
25 1.060000
25 1.810000
25 0.680000
25 1.360000
25 2.060000
25 1.800000
25 0.580000
25 0.470000
25 2.580000
25 0.760000
25 1.450000
25 1.590000
25 3.530000
25 1.480000
25 2.070000
25 1.290000
25 0.400000
25 1.130000
25 1.120000
25 3.700000
25 2.410000
25 0.590000
25 0.780000
25 1.290000
25 3.440000
25 0.650000
25 1.520000
25 1.880000
25 1.280000
25 1.620000
25 2.000000
25 1.640000
25 1.850000
25 2.980000
25 1.460000
25 2.440000
25 1.250000
25 1.360000
25 1.850000
25 0.980000
25 1.400000
25 1.750000
25 2.140000
25 1.220000
25 0.980000
25 1.710000
25 1.450000
25 1.290000
25 1.240000
25 1.750000
25 3.200000
25 1.560000
25 1.300000
25 2.190000
25 1.440000
25 2.010000
25 1.070000
25 6.190000
25 11.490000
25 0.740000
25 0.480000
25 0.990000
25 1.090000
25 1.880000
25 2.440000
25 0.710000
25 1.260000
25 1.290000
25 0.400000
25 0.720000
25 1.450000
25 0.530000
25 3.030000
25 0.460000
25 0.220000
25 2.900000
25 2.510000
25 0.990000
25 1.330000
25 2.020000
25 1.670000
25 0.890000
25 1.060000
25 2.570000
25 1.080000
25 1.790000
25 0.270000
25 1.110000
25 1.460000
25 0.650000
25 0.760000
25 1.710000
25 2.180000
25 1.020000
25 6.850000
25 0.970000
25 0.600000
25 0.990000
25 2.310000
25 1.990000
25 0.880000
25 1.060000
25 0.770000
25 2.000000
25 0.490000
25 1.750000
25 1.050000
25 0.180000
25 1.840000
25 0.990000
25 0.780000
25 1.400000
25 0.870000
25 2.640000
25 6.800000
25 1.360000
25 0.400000
25 0.640000
25 1.440000
25 1.670000
25 2.840000
25 1.980000
25 1.640000
25 5.510000
25 2.530000
25 0.900000
25 0.840000
25 0.890000
25 1.260000
25 1.240000
25 2.570000
25 3.220000
25 5.000000
25 2.020000
25 1.040000
25 1.130000
25 0.490000
25 1.090000
25 1.530000
25 0.710000
25 1.630000
25 1.530000
25 0.690000
25 1.700000
25 0.410000
25 1.660000
25 0.870000
25 1.620000
25 1.260000
25 2.020000
25 1.510000
25 0.750000
25 1.240000
26 2.010000
26 1.100000
26 1.670000
26 1.100000
26 0.970000
26 1.240000
26 1.910000
26 1.490000
26 0.930000
26 3.080000
26 1.020000
26 2.310000
26 1.230000
26 2.680000
26 1.990000
26 2.090000
26 1.350000
26 0.620000
26 1.840000
26 2.780000
26 1.960000
26 2.460000
26 0.700000
26 4.390000
26 2.000000
26 2.540000
26 2.140000
26 0.750000
26 0.680000
26 4.060000
26 2.120000
26 0.940000
26 2.700000
26 2.520000
26 0.670000
26 1.530000
26 1.280000
26 1.110000
26 1.270000
26 2.830000
26 4.850000
26 0.850000
26 3.380000
26 1.750000
26 1.830000
26 3.420000
26 1.930000
26 1.760000
26 1.950000
26 2.560000
26 0.890000
26 1.240000
26 0.750000
26 0.790000
26 0.790000
26 0.540000
26 1.750000
26 1.480000
26 1.410000
26 0.730000
26 1.900000
26 2.340000
26 2.780000
26 3.490000
26 0.850000
26 1.800000
26 0.610000
26 1.730000
26 1.950000
26 1.190000
26 1.570000
26 2.260000
26 1.640000
26 1.580000
26 0.970000
26 3.350000
26 1.200000
26 0.880000
26 2.200000
26 1.360000
26 1.800000
26 1.430000
26 5.440000
26 0.850000
26 1.800000
26 0.990000
26 1.520000
26 1.370000
26 1.470000
26 1.340000
26 3.790000
26 2.100000
26 1.280000
26 1.280000
26 1.330000
26 1.970000
26 0.910000
26 1.950000
26 1.330000
26 0.680000
26 0.230000
26 1.770000
26 1.790000
26 1.640000
26 1.740000
26 4.690000
26 4.740000
26 1.360000
26 1.310000
26 1.320000
26 2.920000
26 1.600000
26 2.360000
26 1.450000
26 0.820000
26 1.620000
26 1.480000
26 1.470000
26 5.230000
26 0.470000
26 2.310000
26 1.150000
26 0.680000
26 1.330000
26 1.030000
26 0.940000
26 1.540000
26 4.250000
26 2.230000
26 1.610000
26 4.580000
26 3.170000
26 1.690000
26 1.370000
26 1.550000
26 1.460000
26 3.730000
26 2.370000
26 0.830000
26 0.790000
26 3.130000
26 0.870000
26 4.950000
26 1.160000
26 0.920000
26 1.110000
26 0.700000
26 1.070000
26 1.220000
26 2.840000
26 1.750000
26 1.350000
26 2.070000
26 2.430000
26 5.290000
26 3.570000
26 0.800000
26 5.040000
26 1.580000
26 2.480000
26 3.650000
26 0.650000
26 1.430000
26 2.950000
26 1.970000
26 2.150000
26 1.320000
26 1.800000
26 2.440000
26 1.340000
26 1.300000
26 0.980000
26 1.430000
26 1.240000
26 1.270000
26 0.750000
26 2.340000
26 4.600000
26 1.320000
26 1.590000
26 0.720000
26 1.490000
26 4.160000
26 1.600000
26 1.950000
26 1.150000
26 0.770000
26 0.780000
26 0.910000
26 1.180000
26 1.240000
26 2.710000
26 2.130000
26 0.690000
26 2.300000
26 3.390000
26 1.990000
26 1.440000
26 1.230000
26 1.960000
26 1.170000
26 3.240000
26 1.440000
26 0.800000
26 0.930000
26 2.100000
26 6.850000
26 2.550000
26 2.040000
26 1.680000
26 4.330000
26 1.890000
26 1.170000
26 3.200000
26 0.700000
26 1.360000
26 3.340000
26 1.050000
26 0.900000
26 4.260000
26 1.270000
26 1.200000
26 1.020000
26 2.510000
26 1.010000
26 0.460000
26 1.870000
26 1.300000
26 0.680000
26 2.190000
26 1.860000
26 2.550000
26 2.950000
26 2.900000
26 0.760000
26 1.450000
26 1.340000
26 2.550000
26 4.600000
26 2.320000
26 6.950000
26 1.500000
26 0.670000
26 5.090000
26 4.160000
26 1.580000
26 1.060000
26 1.470000
26 1.120000
26 1.700000
26 1.450000
26 2.260000
26 1.780000
26 1.700000
26 1.150000
26 1.230000
26 4.320000
26 2.950000
26 1.950000
26 1.960000
26 1.590000
26 0.920000
26 0.930000
26 1.770000
26 1.110000
26 1.640000
26 3.260000
26 0.970000
26 3.260000
26 1.750000
26 1.520000
26 1.120000
26 0.870000
26 1.350000
26 2.420000
26 1.300000
26 1.370000
26 1.640000
26 1.500000
26 3.090000
26 1.900000
26 2.910000
26 1.630000
26 1.820000
26 2.090000
26 4.280000
26 1.550000
26 2.510000
26 1.980000
26 0.380000
26 0.900000
26 1.310000
26 1.300000
26 3.420000
26 3.560000
26 1.500000
26 1.460000
26 1.910000
26 2.270000
26 11.730000
26 1.690000
26 2.390000
26 4.960000
26 0.760000
26 2.700000
26 1.990000
26 1.450000
26 1.190000
26 2.860000
26 1.440000
26 2.510000
26 1.500000
26 1.360000
26 3.520000
26 1.240000
26 1.660000
26 1.080000
26 1.480000
26 4.300000
26 2.440000
26 2.430000
26 1.100000
26 1.790000
26 1.920000
26 0.740000
26 0.760000
26 2.160000
26 1.460000
26 2.460000
26 1.780000
26 1.730000
26 2.220000
26 1.370000
26 1.210000
26 1.820000
26 1.490000
26 1.780000
26 0.910000
26 4.050000
26 1.300000
26 1.500000
26 3.380000
26 1.890000
26 1.120000
26 2.140000
26 2.580000
26 2.050000
26 6.170000
26 1.820000
26 0.880000
26 1.330000
26 2.070000
26 0.680000
26 7.860000
26 1.120000
26 0.640000
26 1.210000
26 2.530000
26 2.980000
26 0.470000
26 0.890000
26 3.390000
26 4.600000
26 1.250000
26 0.970000
26 1.120000
26 5.020000
26 2.400000
26 1.710000
26 2.980000
26 2.490000
26 0.770000
26 0.400000
26 0.550000
26 1.800000
26 1.230000
26 3.900000
26 0.960000
26 9.250000
26 2.440000
26 3.480000
26 2.580000
26 0.920000
26 1.370000
26 1.290000
26 1.370000
26 0.870000
26 1.160000
26 1.090000
26 1.170000
26 2.330000
26 1.940000
26 3.270000
26 2.340000
26 1.800000
26 0.480000
26 4.630000
26 1.940000
26 1.670000
26 3.260000
26 1.840000
26 0.780000
26 1.990000
26 3.380000
26 2.530000
26 4.470000
26 2.250000
26 3.090000
26 1.460000
26 2.300000
26 2.830000
26 2.320000
26 1.320000
26 2.680000
26 0.890000
26 1.780000
26 2.240000
26 2.520000
26 2.830000
26 1.580000
26 0.700000
26 3.950000
26 1.310000
26 0.980000
26 0.610000
26 1.950000
26 1.400000
26 2.420000
26 1.370000
26 1.370000
26 2.950000
26 1.470000
26 1.470000
26 0.570000
26 1.590000
26 1.330000
26 1.340000
26 2.530000
26 1.880000
26 1.120000
26 3.170000
26 0.850000
26 1.430000
26 2.550000
26 0.770000
26 1.520000
26 1.560000
26 1.480000
26 1.840000
26 2.500000
27 1.900000
27 1.430000
27 1.770000
27 5.700000
27 0.760000
27 2.260000
27 8.660000
27 6.040000
27 1.120000
27 1.890000
27 1.530000
27 2.560000
27 3.510000
27 2.550000
27 1.420000
27 3.710000
27 2.180000
27 1.590000
27 1.980000
27 5.130000
27 2.000000
27 3.200000
27 10.900000
27 3.940000
27 3.230000
27 1.470000
27 3.710000
27 4.120000
27 1.820000
27 4.170000
27 6.920000
27 3.220000
27 1.410000
27 2.180000
27 1.080000
27 3.100000
27 4.160000
27 4.090000
27 2.710000
27 1.400000
27 1.510000
27 2.680000
27 0.880000
27 5.440000
27 1.230000
27 2.540000
27 2.470000
27 2.660000
27 2.070000
27 5.040000
27 2.070000
27 2.090000
27 7.540000
27 2.850000
27 5.260000
27 2.270000
27 1.350000
27 1.710000
27 0.870000
27 0.710000
27 1.000000
27 3.080000
27 1.810000
27 1.540000
27 3.970000
27 1.560000
27 1.520000
27 2.140000
27 1.480000
27 0.660000
27 3.400000
27 0.770000
27 1.680000
27 3.540000
27 4.230000
27 2.090000
27 3.650000
27 1.150000
27 1.220000
27 1.990000
27 3.270000
27 1.270000
27 1.680000
27 1.510000
27 1.240000
27 1.570000
27 3.130000
27 3.280000
27 1.430000
27 1.230000
27 2.170000
27 3.020000
27 1.970000
27 1.260000
27 3.190000
27 1.140000
27 2.510000
27 3.070000
27 2.340000
27 3.030000
27 0.820000
27 2.610000
27 1.270000
27 0.920000
27 5.680000
27 2.830000
27 2.100000
27 2.980000
27 1.570000
27 1.370000
27 4.370000
27 4.210000
27 3.760000
27 1.210000
27 2.800000
27 1.700000
27 4.160000
27 3.710000
27 1.890000
27 2.740000
27 1.120000
27 1.430000
27 2.640000
27 0.770000
27 1.540000
27 1.460000
27 1.650000
27 0.640000
27 1.180000
27 4.520000
27 3.680000
27 1.220000
27 6.980000
27 2.860000
27 1.970000
27 4.180000
27 4.000000
27 1.080000
27 3.600000
27 2.960000
27 3.120000
27 1.420000
27 2.150000
27 5.900000
27 0.970000
27 1.490000
27 2.170000
27 1.870000
27 1.290000
27 5.200000
27 1.970000
27 0.580000
27 1.660000
27 1.350000
27 1.870000
27 1.420000
27 1.560000
27 1.790000
27 1.750000
27 1.360000
27 1.520000
27 2.480000
27 1.830000
27 0.910000
27 2.850000
27 0.880000
27 2.230000
27 2.480000
27 2.720000
27 0.920000
27 2.460000
27 1.000000
27 4.040000
27 0.960000
27 3.270000
27 2.270000
27 1.150000
27 6.520000
27 2.070000
27 1.010000
27 3.710000
27 1.130000
27 2.320000
27 4.130000
27 4.100000
27 3.340000
27 2.760000
27 3.470000
27 2.360000
27 1.860000
27 5.360000
27 1.550000
27 1.000000
27 6.580000
27 4.680000
27 2.520000
27 1.340000
27 1.120000
27 3.220000
27 1.560000
27 4.210000
27 6.650000
27 1.480000
27 1.080000
27 3.620000
27 3.620000
27 1.710000
27 4.190000
27 1.500000
27 1.800000
27 1.520000
27 2.140000
27 1.660000
27 2.420000
27 3.260000
27 0.640000
27 3.400000
27 4.710000
27 2.750000
27 2.450000
27 1.760000
27 5.970000
27 4.060000
27 3.640000
27 1.820000
27 9.040000
27 3.150000
27 4.360000
27 1.460000
27 2.570000
27 4.400000
27 1.110000
27 0.900000
27 1.930000
27 3.920000
27 2.550000
27 2.870000
27 2.440000
27 2.340000
27 2.760000
27 1.440000
27 1.380000
27 1.120000
27 2.120000
27 1.220000
27 1.940000
27 2.940000
27 2.980000
27 2.330000
27 2.120000
27 1.320000
27 6.400000
27 3.790000
27 1.620000
27 1.240000
27 2.120000
27 1.250000
27 8.660000
27 3.700000
27 4.810000
27 2.560000
27 3.110000
27 0.500000
27 4.980000
27 2.800000
27 1.230000
27 4.410000
27 4.450000
27 2.440000
27 2.230000
27 6.380000
27 1.990000
27 2.010000
27 1.680000
27 4.140000
27 1.360000
27 3.920000
27 1.460000
27 6.790000
27 3.520000
27 3.790000
27 1.740000
27 0.830000
27 1.610000
27 1.000000
27 2.360000
27 2.640000
27 1.830000
27 1.900000
27 3.660000
27 3.050000
27 4.140000
27 2.300000
27 5.410000
27 1.820000
27 1.140000
27 1.900000
27 1.320000
27 1.080000
27 4.910000
27 1.940000
27 3.680000
27 1.390000
27 2.040000
27 1.830000
27 1.400000
27 2.260000
27 1.420000
27 1.900000
27 4.480000
27 1.000000
27 0.870000
27 2.750000
27 2.040000
27 6.230000
27 3.230000
27 3.300000
27 2.250000
27 2.150000
27 1.780000
27 6.320000
27 4.300000
27 3.470000
27 3.190000
27 0.730000
27 1.130000
27 8.300000
27 1.390000
27 2.240000
27 2.440000
27 2.980000
27 2.130000
27 2.640000
27 4.310000
27 1.440000
27 4.110000
27 1.220000
27 1.650000
27 2.360000
27 0.530000
27 8.390000
27 4.570000
27 3.810000
27 1.290000
27 5.350000
27 3.620000
27 2.870000
27 1.110000
27 1.830000
27 6.780000
27 1.400000
27 4.290000
27 0.670000
27 1.080000
27 2.120000
27 1.920000
27 2.330000
27 0.520000
27 0.700000
27 0.890000
27 3.770000
27 1.470000
27 2.630000
27 5.980000
27 0.990000
27 4.330000
27 2.960000
27 2.760000
27 1.770000
27 1.560000
27 5.660000
27 3.440000
27 3.710000
27 2.840000
27 1.210000
27 5.380000
27 1.190000
27 2.570000
27 3.190000
27 2.330000
27 2.250000
27 8.070000
27 1.760000
27 1.800000
27 3.010000
27 1.680000
27 1.490000
27 0.940000
27 1.690000
27 10.200000
27 4.400000
27 2.290000
27 1.210000
27 2.650000
27 3.740000
27 1.580000
27 2.680000
27 3.200000
27 0.910000
27 3.090000
27 1.490000
27 2.100000
27 1.710000
27 0.560000
27 3.180000
27 4.580000
27 0.860000
27 1.390000
27 1.740000
27 1.050000
27 2.230000
27 4.130000
27 1.420000
27 1.680000
27 1.270000
27 4.160000
27 1.570000
27 1.540000
27 0.870000
27 3.100000
27 4.780000
27 3.070000
27 0.990000
27 3.170000
27 6.420000
27 2.020000
27 2.470000
27 1.320000
27 2.140000
27 2.290000
27 4.920000
27 0.330000
27 2.410000
27 1.390000
27 2.150000
27 1.700000
27 0.750000
27 0.860000
27 1.860000
27 2.340000
27 2.270000
27 1.010000
27 4.120000
27 3.670000
27 1.620000
27 3.650000
27 1.790000
27 1.380000
27 1.290000
27 0.690000
27 1.670000
27 1.450000
27 1.530000
27 4.320000
27 1.580000
27 1.030000
27 0.810000
27 1.770000
27 3.000000
27 2.520000
27 1.940000
