#n running-time
19 0.850000
19 1.060000
19 3.110000
19 1.360000
19 1.020000
20 1.730000
20 2.210000
20 1.680000
20 0.880000
20 4.030000
20 2.250000
20 1.850000
20 1.780000
20 1.530000
20 2.470000
20 2.430000
20 3.550000
21 10.490000
21 3.070000
21 1.630000
21 1.630000
21 3.640000
21 1.650000
21 2.450000
21 2.100000
21 1.970000
21 1.620000
21 1.460000
21 1.010000
21 4.420000
21 3.470000
21 3.540000
21 2.930000
21 1.650000
21 2.980000
21 4.100000
21 3.970000
21 1.800000
21 3.090000
21 1.350000
21 5.590000
21 1.020000
21 2.340000
21 3.260000
21 4.010000
21 3.430000
21 1.580000
21 1.850000
21 1.140000
21 3.750000
21 2.520000
21 2.380000
21 1.330000
21 3.010000
21 1.770000
21 6.930000
21 1.850000
21 1.190000
21 6.080000
21 2.090000
21 2.920000
22 1.190000
22 2.540000
22 2.630000
22 3.340000
22 6.270000
22 3.450000
22 5.800000
22 2.510000
22 1.590000
22 2.480000
22 3.360000
22 1.670000
22 5.870000
22 4.030000
22 2.300000
22 2.330000
22 2.220000
22 4.070000
22 4.600000
22 2.710000
22 3.250000
22 2.800000
22 3.320000
22 3.370000
22 1.980000
22 4.340000
22 2.120000
22 2.400000
22 2.020000
22 3.990000
22 4.630000
22 2.730000
22 3.620000
22 1.800000
22 1.220000
22 1.000000
22 2.690000
22 10.740000
22 1.960000
22 1.860000
22 1.700000
22 4.590000
22 1.670000
22 4.480000
22 3.220000
22 4.780000
22 5.050000
22 6.850000
22 3.770000
22 2.300000
22 3.770000
22 1.170000
22 1.030000
22 10.720000
22 3.060000
22 2.460000
22 3.200000
22 4.640000
22 3.150000
22 2.140000
22 1.740000
22 3.610000
22 2.430000
22 2.550000
22 1.500000
22 3.240000
22 2.000000
22 2.620000
22 6.790000
22 4.920000
22 4.080000
22 2.600000
22 1.740000
22 3.240000
22 2.440000
22 1.090000
22 2.630000
22 2.490000
22 1.380000
22 1.620000
22 1.130000
22 2.760000
22 3.490000
22 3.610000
22 1.800000
22 1.690000
22 3.670000
22 4.140000
22 3.870000
22 2.000000
22 1.990000
22 1.280000
22 1.300000
22 1.190000
22 5.590000
22 4.330000
22 2.100000
22 2.780000
22 1.830000
22 3.020000
22 2.090000
22 1.140000
22 2.790000
22 3.920000
22 3.600000
22 1.350000
22 1.910000
22 2.140000
22 5.080000
23 6.520000
23 7.670000
23 3.730000
23 2.360000
23 2.540000
23 1.730000
23 4.190000
23 4.620000
23 8.630000
23 3.460000
23 2.120000
23 3.130000
23 4.410000
23 20.880000
23 2.040000
23 3.670000
23 2.860000
23 3.640000
23 7.460000
23 3.160000
23 2.880000
23 2.490000
23 2.320000
23 3.570000
23 2.560000
23 10.230000
23 4.460000
23 2.640000
23 2.530000
23 4.750000
23 1.680000
23 3.590000
23 4.190000
23 1.990000
23 8.540000
23 4.320000
23 1.250000
23 4.480000
23 3.860000
23 3.720000
23 4.110000
23 4.460000
23 3.710000
23 2.920000
23 2.130000
23 3.000000
23 4.520000
23 4.520000
23 3.120000
23 3.670000
23 3.580000
23 4.220000
23 5.940000
23 3.330000
23 3.210000
23 7.280000
23 5.890000
23 6.630000
23 2.860000
23 5.970000
23 8.960000
23 3.800000
23 5.920000
23 4.700000
23 3.560000
23 1.280000
23 2.580000
23 1.690000
23 2.030000
23 2.650000
23 11.970000
23 6.090000
23 5.060000
23 5.420000
23 2.760000
23 1.840000
23 4.210000
23 5.110000
23 3.780000
23 5.890000
23 4.830000
23 5.290000
23 7.340000
23 2.400000
23 5.380000
23 3.340000
23 5.240000
23 3.490000
23 1.400000
23 1.640000
23 4.150000
23 4.120000
23 1.970000
23 1.700000
23 2.310000
23 4.370000
23 2.420000
23 3.680000
23 5.730000
23 3.690000
23 4.500000
23 2.890000
23 3.210000
23 3.500000
23 2.670000
23 8.700000
23 2.870000
23 3.670000
23 3.360000
23 9.580000
23 1.570000
23 1.360000
23 10.430000
23 2.620000
23 4.380000
23 3.310000
23 10.860000
23 4.270000
23 6.160000
23 3.870000
23 6.330000
23 2.340000
23 11.070000
23 3.700000
23 9.960000
23 2.580000
23 4.480000
23 8.750000
23 3.800000
23 4.200000
23 3.270000
23 5.230000
23 4.140000
23 4.890000
23 6.720000
23 2.980000
23 6.510000
23 5.020000
23 1.930000
23 2.760000
23 3.810000
23 2.990000
23 5.880000
23 6.090000
23 2.820000
23 5.280000
23 6.640000
23 2.720000
23 6.230000
23 1.890000
23 1.260000
23 3.570000
23 2.550000
23 1.970000
23 4.270000
23 3.310000
23 1.930000
23 7.700000
23 2.380000
23 2.920000
23 5.390000
23 1.410000
23 4.900000
23 2.280000
23 2.290000
23 9.140000
23 2.390000
23 7.960000
23 5.290000
23 3.480000
23 1.570000
23 5.470000
23 3.580000
23 13.240000
23 3.380000
23 5.640000
23 4.740000
23 4.130000
23 2.330000
23 1.950000
23 1.600000
23 1.290000
23 1.870000
23 1.110000
23 2.440000
23 3.530000
23 2.570000
23 8.710000
23 4.990000
23 6.660000
23 10.570000
23 5.070000
23 3.320000
23 6.880000
23 2.920000
23 6.960000
24 2.740000
24 4.880000
24 6.990000
24 2.060000
24 5.080000
24 11.000000
24 2.890000
24 10.010000
24 6.130000
24 5.470000
24 2.360000
24 7.690000
24 7.180000
24 3.860000
24 3.580000
24 11.060000
24 3.550000
24 4.860000
24 6.300000
24 6.020000
24 6.510000
24 3.730000
24 6.790000
24 5.580000
24 2.160000
24 3.270000
24 6.070000
24 5.860000
24 2.370000
24 2.500000
24 3.400000
24 2.330000
24 4.130000
24 5.220000
24 9.360000
24 9.680000
24 4.390000
24 9.150000
24 3.430000
24 3.370000
24 10.340000
24 2.370000
24 13.570000
24 3.930000
24 1.990000
24 4.500000
24 5.490000
24 1.480000
24 4.290000
24 6.480000
24 20.540000
24 15.310000
24 3.370000
24 2.660000
24 10.700000
24 9.660000
24 7.000000
24 7.130000
24 3.490000
24 4.180000
24 6.540000
24 6.110000
24 20.930000
24 5.720000
24 5.070000
24 7.950000
24 4.280000
24 5.230000
24 8.550000
24 7.860000
24 3.590000
24 9.570000
24 5.250000
24 10.220000
24 4.260000
24 7.600000
24 3.170000
24 11.250000
24 6.460000
24 3.740000
24 2.710000
24 7.260000
24 3.720000
24 6.130000
24 5.090000
24 3.930000
24 4.550000
24 13.620000
24 4.080000
24 3.180000
24 4.040000
24 7.100000
24 1.670000
24 9.930000
24 6.160000
24 17.890000
24 11.490000
24 4.520000
24 4.300000
24 6.990000
24 3.060000
24 8.200000
24 7.110000
24 2.980000
24 7.550000
24 5.900000
24 5.020000
24 4.230000
24 1.860000
24 7.280000
24 3.180000
24 6.500000
24 9.090000
24 3.800000
24 5.860000
24 3.320000
24 6.870000
24 4.860000
24 4.140000
24 2.330000
24 5.360000
24 3.950000
24 11.620000
24 4.190000
24 3.580000
24 8.300000
24 5.330000
24 4.810000
24 2.180000
24 3.600000
24 11.840000
24 4.380000
24 6.060000
24 6.570000
24 11.680000
24 1.630000
24 4.210000
24 7.450000
24 6.530000
24 2.970000
24 4.670000
24 4.480000
24 6.170000
24 2.780000
24 3.020000
24 3.740000
24 4.520000
24 6.360000
24 1.940000
24 8.170000
24 2.580000
24 5.570000
24 4.520000
24 1.360000
24 4.960000
24 6.520000
24 2.790000
24 3.270000
24 2.240000
24 2.730000
24 7.770000
24 7.700000
24 3.990000
24 2.070000
24 1.810000
24 9.500000
24 9.160000
24 2.730000
24 4.370000
24 3.080000
24 7.050000
24 6.850000
24 11.960000
24 7.400000
24 6.070000
24 3.810000
24 4.560000
24 10.990000
24 4.430000
24 3.640000
24 3.050000
24 9.500000
24 3.100000
24 9.910000
24 2.070000
24 19.020000
24 2.610000
24 10.690000
24 5.750000
24 7.250000
24 4.070000
24 3.780000
24 9.480000
24 4.610000
24 4.390000
24 9.420000
24 2.350000
24 3.810000
24 6.070000
24 11.310000
24 3.850000
24 8.010000
24 12.500000
24 4.920000
24 16.250000
24 4.440000
24 5.180000
24 5.050000
24 4.280000
24 4.660000
24 3.000000
24 4.490000
24 5.130000
24 1.630000
24 5.560000
24 5.270000
24 6.660000
24 24.250000
24 13.820000
24 3.300000
24 1.990000
24 4.710000
24 2.460000
24 3.570000
24 9.200000
24 15.300000
24 7.670000
24 4.020000
24 6.470000
24 13.630000
24 11.720000
24 10.360000
24 4.610000
24 10.900000
24 2.250000
24 4.750000
24 3.270000
24 5.480000
24 5.970000
24 2.920000
24 10.750000
24 5.470000
24 2.120000
24 6.510000
24 4.630000
24 4.520000
24 5.250000
24 3.590000
24 3.520000
24 4.020000
24 4.040000
24 2.820000
24 6.620000
24 6.340000
24 3.020000
24 7.590000
24 6.200000
24 16.170000
24 3.580000
24 5.200000
24 8.820000
24 2.780000
24 2.380000
24 3.270000
24 7.500000
24 1.330000
24 19.310000
24 1.530000
24 3.910000
24 5.850000
24 13.510000
24 15.280000
24 3.180000
24 9.580000
24 6.850000
24 2.110000
24 4.210000
24 3.660000
24 7.150000
24 1.150000
24 3.820000
24 2.520000
24 8.740000
24 5.700000
24 4.690000
24 1.270000
24 3.670000
24 6.210000
24 6.170000
24 3.720000
24 9.310000
24 3.370000
24 6.090000
24 18.610000
24 4.780000
24 3.570000
24 5.440000
24 5.700000
24 6.560000
24 4.530000
24 5.100000
24 2.450000
24 6.560000
24 2.070000
24 2.390000
24 4.650000
25 7.760000
25 12.380000
25 4.630000
25 7.850000
25 9.330000
25 4.570000
25 11.190000
25 5.190000
25 20.120000
25 8.350000
25 5.340000
25 2.900000
25 8.410000
25 7.730000
25 3.900000
25 10.620000
25 6.610000
25 5.610000
25 3.420000
25 4.880000
25 8.980000
25 3.660000
25 5.310000
25 14.220000
25 6.340000
25 9.860000
25 4.430000
25 2.960000
25 18.350000
25 23.730000
25 7.190000
25 9.040000
25 16.550000
25 12.150000
25 4.710000
25 9.010000
25 10.510000
25 3.090000
25 5.260000
25 16.760000
25 3.490000
25 7.850000
25 7.890000
25 7.060000
25 3.500000
25 5.770000
25 9.200000
25 5.550000
25 6.660000
25 7.770000
25 5.240000
25 6.540000
25 11.440000
25 8.030000
25 37.730000
25 6.100000
25 7.360000
25 5.650000
25 5.600000
25 5.980000
25 8.060000
25 12.280000
25 6.580000
25 2.780000
25 2.750000
25 9.930000
25 12.460000
25 12.170000
25 1.380000
25 5.430000
25 5.610000
25 4.700000
25 1.390000
25 8.900000
25 12.390000
25 12.340000
25 6.940000
25 5.210000
25 3.300000
25 13.650000
25 3.550000
25 6.930000
25 3.010000
25 10.990000
25 13.240000
25 3.910000
25 22.280000
25 15.360000
25 7.680000
25 11.580000
25 4.570000
25 11.360000
25 3.450000
25 3.550000
25 9.490000
25 8.220000
25 11.660000
25 2.460000
25 15.490000
25 20.200000
25 5.690000
25 5.710000
25 8.160000
25 8.130000
25 2.860000
25 5.450000
25 5.640000
25 9.810000
25 5.720000
25 2.530000
25 9.650000
25 14.550000
25 5.730000
25 12.080000
25 7.880000
25 8.240000
25 13.620000
25 8.390000
25 7.000000
25 7.190000
25 4.480000
25 13.780000
25 4.510000
25 22.980000
25 3.720000
25 13.050000
25 3.070000
25 4.540000
25 13.240000
25 12.180000
25 8.440000
25 16.610000
25 8.250000
25 10.920000
25 4.320000
25 6.690000
25 4.510000
25 3.860000
25 6.040000
25 4.690000
25 4.970000
25 7.480000
25 3.990000
25 5.310000
25 2.100000
25 6.840000
25 4.970000
25 5.950000
25 7.960000
25 7.570000
25 9.650000
25 44.300000
25 5.130000
25 4.740000
25 6.160000
25 4.780000
25 10.220000
25 9.090000
25 6.680000
25 13.300000
25 5.610000
25 10.810000
25 5.020000
25 5.240000
25 3.010000
25 5.770000
25 4.710000
25 4.960000
25 4.620000
25 17.680000
25 9.540000
25 16.560000
25 9.380000
25 12.800000
25 11.190000
25 13.440000
25 7.050000
25 7.770000
25 2.600000
25 7.630000
25 7.500000
25 6.130000
25 6.030000
25 5.320000
25 5.640000
25 6.860000
25 13.330000
25 4.290000
25 5.610000
25 2.650000
25 10.440000
25 8.970000
25 9.160000
25 5.110000
25 2.100000
25 5.160000
25 5.340000
25 5.750000
25 11.220000
25 5.060000
25 6.580000
25 4.280000
25 7.420000
25 13.010000
25 2.840000
25 4.940000
25 5.890000
25 9.530000
25 7.870000
25 5.080000
25 7.180000
25 8.140000
25 14.010000
25 5.460000
25 9.630000
25 20.480000
25 2.740000
25 12.430000
25 6.320000
25 4.080000
25 3.770000
25 4.240000
25 5.880000
25 9.260000
25 7.400000
25 8.020000
25 8.730000
25 17.760000
25 2.570000
25 6.690000
25 5.630000
25 15.450000
25 5.580000
25 5.840000
25 19.090000
25 9.040000
25 20.950000
25 8.470000
25 5.340000
25 1.930000
25 9.230000
25 10.120000
25 9.920000
25 4.420000
25 13.330000
25 9.980000
25 9.080000
25 13.040000
25 3.500000
25 12.390000
25 14.260000
25 7.030000
25 13.610000
25 12.000000
25 8.710000
25 12.080000
25 3.340000
25 19.890000
25 7.690000
25 1.940000
25 9.100000
25 5.220000
25 7.230000
25 5.180000
25 3.240000
25 11.770000
25 13.100000
25 16.970000
25 3.570000
25 4.750000
25 8.340000
25 10.160000
25 9.960000
25 9.050000
25 7.610000
25 1.350000
25 2.760000
25 5.230000
25 3.880000
25 4.260000
25 21.310000
25 6.020000
25 11.900000
25 40.730000
25 12.310000
25 9.030000
25 16.040000
25 6.460000
25 9.230000
25 6.280000
25 10.560000
25 11.170000
25 6.210000
25 2.350000
25 7.040000
25 6.230000
25 9.570000
25 6.230000
25 5.370000
25 12.680000
25 9.990000
25 15.720000
25 19.900000
25 5.080000
25 6.590000
25 1.930000
25 5.140000
25 3.090000
25 6.330000
25 4.390000
25 4.510000
25 4.980000
25 8.750000
25 7.570000
25 1.590000
25 3.670000
25 21.450000
25 9.920000
25 3.470000
25 10.100000
25 9.990000
25 11.210000
25 9.700000
25 9.590000
25 4.250000
25 11.880000
25 23.220000
25 3.020000
25 5.010000
25 16.000000
25 7.940000
25 9.960000
25 3.010000
25 11.430000
25 8.890000
25 7.980000
25 5.410000
25 4.770000
25 8.420000
25 3.960000
25 18.350000
25 28.060000
25 4.620000
25 17.820000
25 10.560000
25 14.710000
25 5.470000
25 2.560000
25 7.470000
25 7.180000
25 1.710000
25 7.020000
25 8.760000
25 17.440000
25 6.500000
25 13.940000
25 15.560000
25 15.040000
25 5.390000
25 20.650000
25 6.920000
25 5.210000
25 18.090000
25 17.970000
25 4.850000
25 7.870000
25 5.630000
25 6.970000
25 6.680000
25 3.820000
25 5.470000
25 5.860000
25 4.270000
25 7.680000
25 8.690000
25 11.330000
25 8.080000
25 4.710000
25 9.810000
25 6.320000
25 7.980000
25 3.990000
25 8.410000
25 5.090000
25 8.040000
25 3.330000
25 2.560000
25 7.470000
25 11.550000
25 7.290000
25 5.820000
25 10.220000
25 12.700000
25 4.400000
25 8.150000
25 7.510000
25 3.140000
26 8.890000
26 12.460000
26 8.410000
26 24.790000
26 5.630000
26 14.830000
26 26.500000
26 6.630000
26 9.700000
26 5.540000
26 9.980000
26 6.670000
26 15.850000
26 3.330000
26 9.690000
26 7.340000
26 4.210000
26 11.480000
26 19.310000
26 12.520000
26 8.000000
26 15.440000
26 21.230000
26 12.460000
26 22.740000
26 3.930000
26 11.730000
26 24.800000
26 7.210000
26 21.050000
26 8.990000
26 11.400000
26 8.630000
26 5.500000
26 3.710000
26 10.360000
26 17.560000
26 4.180000
26 28.130000
26 8.950000
26 10.470000
26 11.030000
26 19.550000
26 19.510000
26 22.800000
26 4.360000
26 8.470000
26 9.480000
26 40.220000
26 5.590000
26 22.990000
26 15.080000
26 12.760000
26 7.360000
26 12.470000
26 5.690000
26 6.370000
26 6.830000
26 12.960000
26 15.720000
26 6.340000
26 6.750000
26 8.980000
26 12.400000
26 7.480000
26 12.030000
26 19.210000
26 11.970000
26 40.950000
26 13.210000
26 6.850000
26 5.810000
26 7.860000
26 13.810000
26 8.940000
26 10.040000
26 8.820000
26 18.510000
26 9.340000
26 5.440000
26 10.060000
26 10.800000
26 17.590000
26 15.760000
26 12.330000
26 6.850000
26 11.070000
26 11.570000
26 7.040000
26 23.150000
26 13.810000
26 3.880000
26 9.190000
26 4.910000
26 2.560000
26 4.000000
26 5.800000
26 11.430000
26 17.880000
26 11.140000
26 7.770000
26 7.750000
26 3.980000
26 11.600000
26 7.510000
26 7.670000
26 9.690000
26 10.320000
26 18.060000
26 15.730000
26 6.680000
26 5.210000
26 5.370000
26 17.410000
26 9.380000
26 18.770000
26 13.510000
26 6.830000
26 6.430000
26 16.000000
26 10.100000
26 23.230000
26 16.520000
26 10.070000
26 7.430000
26 5.550000
26 6.980000
26 6.900000
26 13.740000
26 51.660000
26 6.680000
26 15.640000
26 5.300000
26 14.460000
26 8.250000
26 4.310000
26 10.790000
26 8.990000
26 18.270000
26 7.960000
26 13.260000
26 7.000000
26 4.360000
26 7.970000
26 9.820000
26 4.290000
26 9.020000
26 36.290000
26 16.030000
26 3.740000
26 14.510000
26 12.470000
26 7.060000
26 21.070000
26 7.540000
26 13.770000
26 11.680000
26 6.610000
26 8.490000
26 10.010000
26 10.690000
26 6.470000
26 7.750000
26 13.430000
26 6.590000
26 37.600000
26 8.800000
26 7.620000
26 5.880000
26 10.730000
26 4.570000
26 7.950000
26 13.470000
26 13.860000
26 9.100000
26 8.990000
26 24.880000
26 11.290000
26 7.680000
26 6.320000
26 10.310000
26 11.790000
26 8.480000
26 18.530000
26 8.860000
26 5.920000
26 4.080000
26 12.000000
26 30.670000
26 6.440000
26 12.730000
26 21.740000
26 19.140000
26 26.570000
26 12.270000
26 3.160000
26 16.310000
26 5.200000
26 8.190000
26 9.940000
26 4.080000
26 4.460000
26 11.820000
26 9.070000
26 12.170000
26 7.800000
26 21.310000
26 11.180000
26 5.650000
26 7.540000
26 23.370000
26 29.560000
26 5.120000
26 23.190000
26 17.230000
26 14.940000
26 3.480000
26 4.070000
26 6.560000
26 10.360000
26 7.090000
26 11.610000
26 9.960000
26 9.040000
26 13.250000
26 17.220000
26 7.710000
26 9.160000
26 10.120000
26 14.070000
26 19.380000
26 8.330000
26 5.970000
26 9.440000
26 16.920000
26 12.440000
26 26.410000
26 12.620000
26 11.060000
26 14.780000
26 4.050000
26 11.590000
26 4.870000
26 17.660000
26 22.700000
26 26.050000
26 13.580000
26 18.500000
26 17.560000
26 5.300000
26 9.410000
26 8.310000
26 6.550000
26 9.560000
26 23.580000
26 7.570000
26 8.430000
26 5.410000
26 19.030000
26 8.230000
26 7.930000
26 8.760000
26 5.360000
26 16.230000
26 7.130000
26 6.980000
26 11.550000
26 13.440000
26 25.530000
26 11.540000
26 7.390000
26 28.800000
26 10.290000
26 11.080000
26 14.640000
26 12.110000
26 4.420000
26 9.460000
26 8.170000
26 4.170000
26 7.300000
26 3.730000
26 7.620000
26 19.480000
26 8.730000
26 11.690000
26 13.840000
26 12.980000
26 12.440000
26 28.140000
26 10.790000
26 13.930000
26 12.740000
26 38.090000
26 23.740000
26 3.700000
26 4.060000
26 5.700000
26 4.380000
26 37.240000
26 13.110000
26 12.300000
26 20.020000
26 37.820000
26 19.940000
26 18.440000
26 19.590000
26 18.710000
26 17.100000
26 6.050000
26 9.570000
26 14.950000
26 7.300000
26 9.350000
26 7.940000
26 4.060000
26 8.120000
26 29.290000
26 7.510000
26 10.230000
26 25.360000
26 5.460000
26 6.530000
26 6.580000
26 21.100000
26 8.880000
26 16.300000
26 9.570000
26 11.870000
26 8.700000
26 5.080000
26 18.560000
26 12.630000
26 3.400000
26 5.810000
26 9.920000
26 18.140000
26 4.680000
26 21.140000
26 19.390000
26 13.730000
26 22.390000
26 7.770000
26 10.240000
26 6.620000
26 4.520000
26 12.600000
26 17.250000
26 21.770000
26 4.070000
26 9.560000
26 23.020000
26 5.310000
26 15.360000
26 9.400000
26 18.290000
26 4.470000
26 5.800000
26 26.110000
26 17.610000
26 14.690000
26 22.890000
26 4.140000
26 14.230000
26 5.190000
26 9.420000
26 14.110000
26 13.600000
26 7.810000
26 5.620000
26 9.650000
26 9.460000
26 14.600000
26 5.420000
26 8.760000
26 9.930000
26 43.830000
26 7.390000
26 8.730000
26 8.530000
26 5.060000
26 6.790000
26 8.100000
26 12.100000
26 5.750000
26 10.450000
26 30.270000
26 9.940000
26 5.820000
26 10.430000
26 6.670000
26 6.680000
26 14.840000
26 6.540000
26 14.130000
26 15.700000
26 8.920000
26 2.450000
26 7.460000
26 4.250000
26 11.430000
26 7.350000
26 9.880000
26 4.350000
26 16.280000
26 5.810000
26 15.610000
26 20.150000
26 16.330000
26 4.950000
26 10.460000
26 8.810000
26 14.240000
26 13.090000
26 19.660000
26 14.290000
26 4.790000
26 3.580000
26 3.240000
26 9.100000
26 12.270000
26 25.960000
26 9.020000
26 11.030000
26 8.810000
26 9.020000
26 4.480000
26 22.610000
26 7.260000
26 7.750000
26 11.510000
26 8.330000
26 8.230000
26 10.430000
26 13.340000
26 1.780000
26 3.220000
26 7.490000
26 12.560000
26 8.670000
26 6.430000
26 8.700000
26 8.740000
26 6.650000
26 14.030000
26 8.800000
26 11.410000
26 6.670000
26 9.010000
26 9.380000
