#n running-time
11 0.330000
11 0.370000
11 0.350000
11 0.320000
12 0.410000
12 0.440000
12 0.340000
12 0.330000
12 0.340000
12 0.400000
12 0.340000
12 0.350000
12 0.340000
12 0.380000
12 0.370000
12 0.290000
12 0.350000
12 0.360000
12 0.330000
13 0.410000
13 0.370000
13 0.370000
13 0.380000
13 0.340000
13 0.330000
13 0.340000
13 0.350000
13 0.370000
13 0.370000
13 0.370000
13 0.330000
13 0.360000
13 0.310000
13 0.360000
13 0.410000
13 0.350000
13 0.360000
13 0.450000
13 0.400000
13 0.360000
13 0.330000
13 0.310000
13 0.410000
13 0.340000
13 0.320000
13 0.350000
13 0.350000
13 0.330000
13 0.360000
13 0.410000
13 0.370000
13 0.360000
13 0.370000
13 0.300000
13 0.390000
13 0.510000
13 0.370000
13 0.360000
13 0.340000
13 0.390000
13 0.390000
13 0.370000
13 0.380000
13 0.370000
13 0.360000
13 0.350000
13 0.350000
13 0.380000
13 0.330000
14 0.370000
14 0.360000
14 0.350000
14 0.340000
14 0.370000
14 0.420000
14 0.380000
14 0.340000
14 0.350000
14 0.330000
14 0.480000
14 0.360000
14 0.360000
14 0.360000
14 0.370000
14 0.380000
14 0.410000
14 0.350000
14 0.390000
14 0.390000
14 0.410000
14 0.340000
14 0.330000
14 0.360000
14 0.400000
14 0.370000
14 0.390000
14 0.390000
14 0.340000
14 0.390000
14 0.390000
14 0.430000
14 0.330000
14 0.370000
14 0.400000
14 0.350000
14 0.430000
14 0.440000
14 0.570000
14 0.330000
14 0.340000
14 0.330000
14 0.370000
14 0.360000
14 0.380000
14 0.330000
14 0.390000
14 0.400000
14 0.350000
14 0.380000
14 0.370000
14 0.380000
14 0.370000
14 0.380000
14 0.340000
14 0.310000
14 0.430000
14 0.380000
14 0.340000
14 0.310000
14 0.340000
14 0.350000
14 0.390000
14 0.390000
14 0.450000
14 0.390000
14 0.390000
14 0.390000
14 0.360000
14 0.440000
14 0.340000
14 0.370000
14 0.370000
14 0.330000
14 0.300000
14 0.350000
14 0.390000
14 0.360000
14 0.350000
14 0.420000
14 0.370000
14 0.380000
14 0.410000
14 0.370000
14 0.410000
14 0.370000
14 0.340000
14 0.460000
14 0.410000
14 0.350000
14 0.400000
14 0.350000
14 0.440000
14 0.310000
14 0.330000
14 0.370000
14 0.360000
14 0.360000
14 0.370000
14 0.370000
14 0.380000
14 0.390000
14 0.360000
14 0.390000
14 0.410000
14 0.350000
14 0.350000
14 0.390000
14 0.400000
14 0.350000
14 0.360000
14 0.320000
14 0.440000
14 0.330000
14 0.440000
14 0.350000
14 0.360000
14 0.360000
14 0.390000
14 0.360000
14 0.330000
14 0.380000
15 0.390000
15 0.390000
15 0.380000
15 0.410000
15 0.320000
15 0.400000
15 0.370000
15 0.380000
15 0.400000
15 0.390000
15 0.360000
15 0.370000
15 0.430000
15 0.420000
15 0.370000
15 0.360000
15 0.440000
15 0.440000
15 0.330000
15 0.450000
15 0.390000
15 0.350000
15 0.390000
15 0.420000
15 0.530000
15 0.370000
15 0.400000
15 0.360000
15 0.370000
15 0.390000
15 0.420000
15 0.390000
15 0.460000
15 0.380000
15 0.370000
15 0.390000
15 0.420000
15 0.400000
15 0.400000
15 0.490000
15 0.460000
15 0.340000
15 0.370000
15 0.360000
15 0.390000
15 0.430000
15 0.390000
15 0.380000
15 0.410000
15 0.370000
15 0.410000
15 0.400000
15 0.400000
15 0.390000
15 0.380000
15 0.360000
15 0.390000
15 0.360000
15 0.400000
15 0.400000
15 0.380000
15 0.510000
15 0.420000
15 0.420000
15 0.380000
15 0.350000
15 0.440000
15 0.360000
15 0.410000
15 0.410000
15 0.370000
15 0.420000
15 0.400000
15 0.330000
15 0.410000
15 0.390000
15 0.350000
15 0.470000
15 0.390000
15 0.400000
15 0.350000
15 0.320000
15 0.460000
15 0.410000
15 0.410000
15 0.480000
15 0.340000
15 0.380000
15 0.370000
15 0.350000
15 0.410000
15 0.390000
15 0.390000
15 0.350000
15 0.360000
15 0.430000
15 0.350000
15 0.380000
15 0.430000
15 0.400000
15 0.340000
15 0.370000
15 0.410000
15 0.360000
15 0.360000
15 0.410000
15 0.390000
15 0.440000
15 0.390000
15 0.360000
15 0.370000
15 0.430000
15 0.480000
15 0.380000
15 0.440000
15 0.380000
15 0.390000
15 0.380000
15 0.380000
15 0.380000
15 0.440000
15 0.400000
15 0.400000
15 0.360000
15 0.490000
15 0.430000
15 0.430000
15 0.360000
15 0.400000
15 0.370000
15 0.430000
15 0.410000
15 0.360000
15 0.480000
15 0.420000
15 0.360000
15 0.430000
15 0.370000
15 0.380000
15 0.470000
15 0.470000
15 0.420000
15 0.420000
15 0.380000
15 0.420000
15 0.430000
15 0.360000
15 0.360000
15 0.440000
15 0.400000
15 0.350000
15 0.350000
15 0.360000
15 0.610000
15 0.350000
15 0.390000
15 0.430000
15 0.360000
15 0.330000
15 0.370000
15 0.430000
15 0.390000
15 0.340000
15 0.410000
15 0.350000
15 0.360000
15 0.530000
15 0.420000
15 0.430000
15 0.340000
15 0.420000
15 0.430000
15 0.410000
15 0.380000
15 0.400000
15 0.340000
15 0.350000
15 0.430000
15 0.360000
15 0.420000
15 0.430000
15 0.400000
15 0.440000
15 0.440000
15 0.320000
15 0.350000
15 0.370000
15 0.380000
15 0.380000
15 0.380000
15 0.360000
15 0.380000
15 0.360000
15 0.400000
15 0.370000
15 0.360000
15 0.310000
15 0.370000
15 0.470000
15 0.440000
15 0.370000
16 0.480000
16 0.420000
16 0.490000
16 0.380000
16 0.360000
16 0.450000
16 0.410000
16 0.350000
16 0.400000
16 0.440000
16 0.430000
16 0.480000
16 0.440000
16 0.390000
16 0.380000
16 0.450000
16 0.440000
16 0.390000
16 0.390000
16 0.380000
16 0.430000
16 0.390000
16 0.410000
16 0.460000
16 0.500000
16 0.440000
16 0.430000
16 0.420000
16 0.430000
16 0.390000
16 0.440000
16 0.420000
16 0.390000
16 0.360000
16 0.450000
16 0.430000
16 0.460000
16 0.420000
16 0.330000
16 0.410000
16 0.390000
16 0.400000
16 0.410000
16 0.430000
16 0.390000
16 0.460000
16 0.440000
16 0.370000
16 0.390000
16 0.430000
16 0.430000
16 0.400000
16 0.370000
16 0.430000
16 0.420000
16 0.430000
16 0.480000
16 0.430000
16 0.420000
16 0.380000
16 0.500000
16 0.470000
16 0.370000
16 0.400000
16 0.340000
16 0.470000
16 0.460000
16 0.430000
16 0.460000
16 0.370000
16 0.510000
16 0.410000
16 0.430000
16 0.480000
16 0.440000
16 0.380000
16 0.490000
16 0.410000
16 0.410000
16 0.480000
16 0.430000
16 0.490000
16 0.460000
16 0.440000
16 0.470000
16 0.380000
16 0.370000
16 0.380000
16 0.560000
16 0.420000
16 0.360000
16 0.470000
16 0.390000
16 0.450000
16 0.350000
16 0.410000
16 0.640000
16 0.450000
16 0.480000
16 0.420000
16 0.390000
16 0.520000
16 0.390000
16 0.530000
16 0.410000
16 0.420000
16 0.470000
16 0.340000
16 0.370000
16 0.380000
16 0.390000
16 0.400000
16 0.420000
16 0.440000
16 0.390000
16 0.390000
16 0.390000
16 0.430000
16 0.420000
16 0.410000
16 0.450000
16 0.440000
16 0.330000
16 0.400000
16 0.500000
16 0.400000
16 0.420000
16 0.490000
16 0.390000
16 0.480000
16 0.400000
16 0.370000
16 0.450000
16 0.380000
16 0.390000
16 0.470000
16 0.360000
16 0.410000
16 0.410000
16 0.410000
16 0.410000
16 0.380000
16 0.500000
16 0.440000
16 0.430000
16 0.380000
16 0.400000
16 0.420000
16 0.370000
16 0.420000
16 0.390000
16 0.490000
16 0.360000
16 0.440000
16 0.350000
16 0.380000
16 0.420000
16 0.400000
16 0.530000
16 0.530000
16 0.400000
16 0.460000
16 0.400000
16 0.460000
16 0.430000
16 0.420000
16 0.380000
16 0.510000
16 0.450000
16 0.410000
16 0.400000
16 0.400000
16 0.370000
16 0.500000
16 0.390000
16 0.440000
16 0.500000
16 0.440000
16 0.390000
16 0.350000
16 0.410000
16 0.390000
16 0.440000
16 0.620000
16 0.400000
16 0.450000
16 0.450000
16 0.480000
16 0.400000
16 0.440000
16 0.420000
16 0.640000
16 0.510000
16 0.410000
16 0.390000
16 0.460000
16 0.430000
16 0.760000
16 0.400000
16 0.400000
16 0.410000
16 0.460000
16 0.490000
16 0.430000
16 0.390000
16 0.430000
16 0.390000
16 0.490000
16 0.380000
16 0.440000
16 0.390000
16 0.430000
16 0.370000
16 0.470000
16 0.500000
16 0.400000
16 0.380000
16 0.460000
16 0.380000
16 0.460000
16 0.400000
16 0.400000
16 0.410000
16 0.350000
16 0.390000
16 0.430000
16 0.400000
16 0.380000
16 0.400000
16 0.460000
16 0.580000
16 0.460000
16 0.420000
16 0.430000
16 0.380000
16 0.490000
16 0.410000
16 0.410000
16 0.510000
16 0.400000
16 0.440000
16 0.460000
16 0.390000
16 0.450000
16 0.410000
16 0.390000
16 0.430000
16 0.400000
16 0.530000
16 0.470000
16 0.360000
16 0.420000
16 0.480000
16 0.400000
16 0.440000
16 0.400000
16 0.420000
16 0.490000
16 0.380000
16 0.480000
16 0.430000
16 0.450000
16 0.500000
16 0.350000
16 0.420000
16 0.460000
16 0.350000
16 0.390000
16 0.550000
16 0.430000
16 0.390000
16 0.390000
16 0.400000
16 0.480000
16 0.460000
16 0.510000
16 0.350000
16 0.440000
16 0.410000
16 0.430000
16 0.420000
16 0.400000
16 0.390000
16 0.370000
16 0.480000
16 0.510000
16 0.510000
16 0.430000
16 0.410000
16 0.490000
16 0.430000
16 0.410000
16 0.400000
16 0.410000
16 0.360000
16 0.490000
16 0.380000
16 0.380000
16 0.430000
16 0.380000
16 0.490000
16 0.400000
16 0.420000
16 0.410000
16 0.400000
16 0.520000
16 0.450000
16 0.360000
16 0.390000
16 0.450000
16 0.410000
16 0.420000
16 0.380000
16 0.380000
16 0.460000
16 0.440000
16 0.450000
16 0.470000
16 0.420000
16 0.410000
16 0.370000
16 0.410000
16 0.410000
16 0.460000
16 0.400000
16 0.410000
16 0.430000
16 0.440000
16 0.360000
16 0.370000
16 0.370000
16 0.370000
16 0.500000
16 0.460000
16 0.520000
16 0.430000
16 0.410000
16 0.490000
16 0.420000
16 0.410000
16 0.410000
16 0.430000
16 0.400000
16 0.460000
16 0.470000
16 0.480000
16 0.390000
16 0.400000
16 0.470000
16 0.470000
16 0.440000
16 0.470000
16 0.460000
16 0.480000
16 0.480000
16 0.520000
16 0.420000
16 0.420000
16 0.460000
16 0.410000
16 0.400000
16 0.430000
16 0.420000
16 0.540000
16 0.380000
17 0.390000
17 0.460000
17 0.380000
17 0.490000
17 0.410000
17 0.410000
17 0.580000
17 0.460000
17 0.400000
17 0.760000
17 0.540000
17 0.540000
17 0.430000
17 0.490000
17 0.550000
17 0.550000
17 0.510000
17 0.540000
17 0.460000
17 0.490000
17 0.420000
17 0.580000
17 0.410000
17 0.520000
17 0.430000
17 0.450000
17 0.550000
17 0.450000
17 0.500000
17 0.500000
17 0.600000
17 0.380000
17 0.430000
17 0.440000
17 0.490000
17 0.540000
17 0.420000
17 0.440000
17 0.650000
17 0.480000
17 0.410000
17 0.490000
17 0.620000
17 0.480000
17 0.470000
17 0.520000
17 0.480000
17 0.490000
17 0.520000
17 0.510000
17 0.420000
17 0.440000
17 0.480000
17 0.450000
17 0.460000
17 0.410000
17 0.450000
17 0.420000
17 0.430000
17 0.430000
17 0.430000
17 0.430000
17 0.420000
17 0.380000
17 0.530000
17 0.490000
17 0.430000
17 0.490000
17 0.710000
17 0.440000
17 0.470000
17 0.570000
17 0.480000
17 0.460000
17 0.550000
17 0.610000
17 0.480000
17 0.610000
17 0.490000
17 0.620000
17 0.390000
17 0.530000
17 0.560000
17 0.510000
17 0.450000
17 0.740000
17 0.470000
17 0.540000
17 0.520000
17 0.380000
17 0.560000
17 0.510000
17 0.450000
17 0.470000
17 0.490000
17 0.480000
17 0.500000
17 0.520000
17 0.360000
17 0.560000
17 0.450000
17 0.410000
17 0.500000
17 0.380000
17 0.390000
17 0.460000
17 0.440000
17 0.570000
17 0.410000
17 0.460000
17 0.500000
17 0.460000
17 0.470000
17 0.470000
17 0.370000
17 0.540000
17 0.620000
17 0.470000
17 0.580000
17 0.380000
17 0.490000
17 0.410000
17 0.460000
17 0.540000
17 0.370000
17 0.490000
17 0.510000
17 0.480000
17 0.560000
17 0.490000
17 0.400000
17 0.550000
17 0.450000
17 0.460000
17 0.540000
17 0.410000
17 0.410000
17 0.480000
17 0.420000
17 0.760000
17 0.430000
17 0.430000
17 0.440000
17 0.410000
17 0.500000
17 0.560000
17 0.640000
17 0.530000
17 0.620000
17 0.430000
17 0.400000
17 0.580000
17 0.460000
17 0.460000
17 0.640000
17 0.670000
17 0.510000
17 0.470000
17 0.490000
17 0.380000
17 0.510000
17 0.430000
17 0.700000
17 0.550000
17 0.470000
17 0.610000
17 0.620000
17 0.430000
17 0.480000
17 0.390000
17 0.530000
17 0.510000
17 0.590000
17 0.440000
17 0.680000
17 0.480000
17 0.530000
17 0.460000
17 0.520000
17 0.460000
17 0.510000
17 0.560000
17 0.450000
17 0.410000
17 0.410000
17 0.480000
17 0.430000
17 0.620000
17 0.430000
17 0.460000
17 0.420000
17 0.470000
17 0.410000
17 0.540000
17 0.540000
17 0.450000
17 0.460000
17 0.470000
17 0.410000
17 0.590000
17 0.380000
17 0.720000
17 0.430000
17 0.540000
17 0.490000
17 0.450000
17 0.530000
17 0.490000
17 0.610000
17 0.500000
17 0.430000
17 0.450000
17 0.410000
17 0.510000
17 0.400000
17 0.410000
17 0.470000
17 0.460000
17 0.490000
17 0.440000
17 0.450000
17 0.550000
17 0.400000
17 0.490000
17 0.490000
17 0.620000
17 0.470000
17 0.530000
17 0.450000
17 0.370000
17 0.570000
17 0.500000
17 0.490000
17 0.480000
17 0.490000
17 0.440000
17 0.540000
17 0.530000
17 0.510000
17 0.500000
17 0.450000
17 0.450000
17 0.500000
17 0.420000
17 0.420000
17 0.560000
17 0.450000
17 0.530000
17 0.490000
17 0.520000
17 0.490000
17 0.450000
17 0.660000
17 0.400000
17 0.450000
17 0.410000
17 0.410000
17 0.550000
17 0.440000
17 0.420000
17 0.430000
17 0.390000
17 0.410000
17 0.390000
17 0.400000
17 0.490000
17 0.460000
17 0.560000
17 0.370000
17 0.510000
17 0.490000
17 0.520000
17 0.560000
17 0.440000
17 0.710000
17 0.510000
17 0.510000
17 0.440000
17 0.530000
17 0.380000
17 0.510000
17 0.400000
17 0.500000
17 0.550000
17 0.540000
17 0.490000
17 0.430000
17 0.480000
17 0.470000
17 0.370000
17 0.420000
17 0.430000
17 0.540000
17 0.480000
17 0.460000
17 0.400000
17 0.470000
17 0.470000
17 0.360000
17 0.390000
17 0.460000
17 0.480000
17 0.400000
17 0.380000
17 0.470000
17 0.420000
17 0.500000
17 0.530000
17 0.470000
17 0.450000
17 0.750000
17 0.590000
17 0.420000
17 7.780000
17 0.510000
17 0.490000
17 0.440000
17 0.460000
17 0.450000
17 0.460000
17 0.460000
17 0.480000
17 0.460000
17 0.470000
17 0.440000
17 0.420000
17 0.490000
17 0.410000
17 0.420000
17 0.710000
17 0.490000
17 0.520000
17 0.480000
17 0.440000
17 0.530000
17 0.410000
17 0.510000
17 0.700000
17 0.420000
17 0.540000
17 0.450000
17 0.410000
17 0.400000
17 0.420000
17 0.460000
17 0.550000
17 0.490000
17 0.510000
17 0.490000
17 0.500000
17 0.610000
17 0.480000
17 0.560000
17 0.510000
17 0.530000
17 0.770000
17 0.460000
17 0.420000
17 0.550000
17 0.430000
17 0.550000
17 0.420000
17 0.450000
17 0.460000
17 0.440000
17 0.420000
17 0.560000
17 0.530000
17 0.440000
17 0.460000
17 0.460000
17 0.400000
17 0.550000
17 0.490000
17 0.520000
17 0.550000
17 0.540000
17 0.420000
17 0.410000
17 0.460000
17 0.610000
17 0.440000
17 0.730000
17 0.390000
17 0.370000
17 0.380000
17 0.470000
17 1.960000
17 0.460000
17 0.410000
17 0.470000
17 0.470000
17 0.530000
17 0.470000
17 0.400000
17 0.420000
17 0.520000
17 0.560000
17 0.410000
17 0.440000
17 0.380000
17 0.370000
17 0.440000
17 0.410000
17 0.490000
17 0.490000
17 0.440000
17 0.360000
17 0.510000
17 0.540000
17 0.450000
17 0.510000
17 0.550000
17 0.530000
17 0.390000
17 0.470000
17 0.470000
17 0.420000
17 0.550000
17 0.610000
17 0.410000
17 0.380000
17 0.520000
17 0.420000
17 0.470000
17 0.460000
17 0.440000
17 0.540000
17 0.490000
17 0.600000
17 0.380000
17 0.420000
17 0.520000
17 0.440000
17 0.500000
17 0.490000
17 0.780000
17 0.410000
17 0.630000
17 0.570000
17 0.400000
18 0.540000
18 0.520000
18 0.520000
18 0.400000
18 0.520000
18 0.650000
18 0.570000
18 0.440000
18 0.650000
18 0.620000
18 0.560000
18 0.520000
18 0.570000
18 0.560000
18 0.610000
18 0.540000
18 0.650000
18 0.560000
18 0.660000
18 0.530000
18 0.490000
18 0.500000
18 0.560000
18 0.540000
18 0.680000
18 0.520000
18 0.550000
18 0.500000
18 0.690000
18 0.790000
18 0.640000
18 0.490000
18 0.640000
18 0.510000
18 0.540000
18 0.490000
18 0.600000
18 0.630000
18 0.570000
18 0.580000
18 0.480000
18 0.620000
18 0.680000
18 0.520000
18 0.510000
18 0.680000
18 0.530000
18 0.540000
18 0.500000
18 0.530000
18 0.500000
18 0.510000
18 0.580000
18 0.470000
18 0.530000
18 0.560000
18 0.380000
18 0.740000
18 0.750000
18 0.780000
18 0.500000
18 0.520000
18 0.570000
18 0.610000
18 0.640000
18 0.450000
18 0.490000
18 0.590000
18 0.650000
18 0.470000
18 0.590000
18 0.530000
18 0.480000
18 0.560000
18 0.470000
18 0.440000
18 0.450000
18 0.510000
18 0.470000
18 0.540000
18 0.440000
18 0.450000
18 0.500000
18 0.550000
18 0.460000
18 0.540000
18 0.460000
18 6.620000
18 0.510000
18 0.460000
18 0.610000
18 0.480000
18 0.570000
18 0.460000
18 0.680000
18 0.500000
18 0.430000
18 0.560000
18 0.430000
18 0.710000
18 0.450000
18 0.530000
18 0.530000
18 0.660000
18 0.790000
18 0.860000
18 0.380000
18 0.570000
18 0.630000
18 0.490000
18 0.460000
18 0.700000
18 0.730000
18 0.500000
18 0.490000
18 0.560000
18 0.630000
18 0.510000
18 0.520000
18 0.560000
18 0.490000
18 1.000000
18 0.630000
18 0.390000
18 0.670000
18 0.580000
18 0.660000
18 0.610000
18 0.540000
18 0.520000
18 0.480000
18 0.490000
18 0.520000
18 0.690000
18 0.640000
18 0.580000
18 0.490000
18 0.510000
18 0.880000
18 0.670000
18 0.500000
18 0.490000
18 0.640000
18 0.390000
18 0.470000
18 0.690000
18 0.530000
18 0.490000
18 0.710000
18 0.720000
18 0.560000
18 0.470000
18 0.510000
18 0.460000
18 0.850000
18 0.580000
18 0.500000
18 0.690000
18 0.630000
18 0.580000
18 0.560000
18 0.570000
18 0.580000
18 0.620000
18 0.530000
18 0.440000
18 0.520000
18 0.490000
18 0.610000
18 0.550000
18 0.550000
18 0.560000
18 0.540000
18 0.540000
18 0.530000
18 0.510000
18 0.650000
18 0.530000
18 0.510000
18 0.530000
18 0.580000
18 0.630000
18 0.630000
18 0.500000
18 1.000000
18 0.460000
18 0.630000
18 0.610000
18 0.430000
18 0.500000
18 0.550000
18 0.770000
18 0.600000
18 0.540000
18 0.480000
18 0.840000
18 0.460000
18 0.440000
18 0.440000
18 0.510000
18 0.500000
18 0.660000
18 0.470000
18 0.500000
18 0.600000
18 0.500000
18 0.530000
18 0.540000
18 0.450000
18 0.510000
18 0.750000
18 0.520000
18 0.430000
18 0.660000
18 0.520000
18 0.900000
18 0.420000
18 0.560000
18 0.500000
18 0.690000
18 0.500000
18 0.470000
18 0.660000
18 0.550000
18 0.510000
18 0.500000
18 0.640000
18 0.420000
18 0.410000
18 0.550000
18 0.620000
18 0.560000
18 0.510000
18 0.640000
18 0.480000
18 0.720000
18 0.510000
18 0.520000
18 0.470000
18 0.390000
18 0.570000
18 0.540000
18 0.630000
18 0.500000
18 0.460000
18 0.490000
18 0.450000
18 0.460000
18 0.550000
18 0.450000
18 0.600000
18 0.740000
18 0.520000
18 0.500000
18 0.560000
18 0.470000
18 0.560000
18 0.540000
18 0.700000
18 0.560000
18 0.540000
18 0.720000
18 0.620000
18 0.740000
18 0.540000
18 0.550000
18 0.580000
18 0.750000
18 0.660000
18 0.690000
18 0.560000
18 0.470000
18 0.500000
18 0.550000
18 0.440000
18 0.480000
18 0.450000
18 0.600000
18 0.510000
18 0.490000
18 0.490000
18 0.540000
18 0.520000
18 0.510000
18 0.730000
18 0.520000
18 0.710000
18 0.470000
18 0.640000
18 0.600000
18 0.440000
18 0.530000
18 0.580000
18 0.440000
18 0.590000
18 0.570000
18 0.600000
18 0.630000
18 0.630000
18 0.500000
18 0.390000
18 0.390000
18 0.540000
18 0.650000
18 0.570000
18 0.710000
18 0.470000
18 0.560000
18 0.460000
18 0.500000
18 0.540000
18 0.620000
18 0.540000
18 0.480000
18 0.570000
18 0.590000
18 0.490000
18 0.380000
18 0.630000
18 0.520000
18 0.680000
18 0.540000
18 0.500000
18 0.500000
18 0.640000
18 0.720000
18 0.480000
18 0.720000
18 0.460000
18 0.680000
18 0.470000
18 0.540000
18 0.520000
18 0.530000
18 0.520000
18 0.420000
18 0.510000
18 0.800000
18 0.600000
18 0.720000
18 0.560000
18 0.500000
18 0.630000
18 0.460000
18 0.500000
18 0.530000
18 0.480000
18 0.730000
18 0.550000
18 0.550000
18 0.560000
18 0.490000
18 0.470000
18 0.740000
18 0.430000
18 0.530000
18 0.450000
18 0.540000
18 0.580000
18 0.470000
18 0.510000
18 0.540000
18 0.670000
18 0.650000
18 0.470000
18 0.500000
18 0.720000
18 0.450000
18 0.500000
18 0.490000
18 0.650000
18 0.680000
18 0.450000
18 0.610000
18 0.560000
18 0.670000
18 0.610000
18 0.530000
18 0.590000
18 0.490000
18 0.520000
18 0.570000
18 0.540000
18 0.400000
18 0.600000
18 0.510000
18 0.400000
18 0.470000
18 0.620000
18 0.480000
18 0.510000
18 0.520000
18 0.410000
18 0.630000
18 0.540000
18 0.600000
18 0.610000
18 0.460000
18 0.390000
18 0.600000
18 0.630000
18 0.450000
18 0.580000
18 0.560000
18 1.040000
18 0.450000
18 0.470000
18 0.570000
18 0.600000
18 0.530000
18 0.470000
18 0.480000
18 0.570000
18 0.730000
18 0.510000
18 0.520000
18 0.500000
18 0.650000
18 0.660000
18 0.550000
18 0.450000
18 0.510000
18 0.470000
18 0.490000
18 0.580000
18 0.500000
18 0.510000
18 0.550000
18 0.610000
18 7.010000
18 0.410000
18 0.540000
18 0.540000
18 0.540000
18 0.580000
18 0.450000
18 0.590000
18 0.720000
18 0.740000
18 0.460000
18 0.470000
18 0.500000
18 0.640000
18 0.690000
18 0.550000
18 0.520000
18 0.750000
18 0.500000
18 0.480000
18 0.570000
18 0.480000
18 0.930000
18 0.540000
18 0.890000
18 0.560000
18 0.550000
18 0.460000
18 0.640000
18 0.540000
18 0.550000
18 0.580000
18 0.560000
18 0.570000
18 0.560000
18 0.580000
18 0.470000
18 0.460000
18 0.450000
18 0.600000
18 0.480000
18 0.700000
18 0.580000
18 0.730000
18 0.520000
18 0.610000
18 0.590000
18 0.570000
18 0.600000
18 0.640000
18 0.550000
18 0.680000
18 0.470000
18 0.810000
18 0.490000
18 0.540000
18 0.550000
18 0.680000
18 0.600000
18 1.580000
18 0.700000
18 0.540000
18 0.500000
18 0.590000
18 0.410000
18 0.580000
18 0.490000
18 0.560000
18 0.850000
18 0.430000
18 0.530000
18 0.550000
18 0.580000
18 0.450000
18 0.700000
18 0.490000
18 0.570000
18 0.510000
18 0.590000
