#n running-time
7 0.040000
7 0.030000
8 0.060000
8 0.040000
8 0.050000
8 0.040000
8 0.060000
8 0.040000
8 0.140000
8 0.020000
8 0.040000
8 0.060000
8 0.070000
8 0.050000
8 0.020000
8 0.030000
8 0.030000
8 0.020000
8 0.080000
8 0.030000
8 0.030000
8 0.030000
8 0.030000
8 0.040000
8 0.030000
8 0.020000
8 0.030000
8 0.020000
8 0.040000
8 0.050000
8 0.020000
8 0.070000
8 0.050000
8 0.030000
8 0.040000
8 0.040000
8 0.050000
8 0.030000
9 0.050000
9 0.030000
9 0.050000
9 0.020000
9 0.080000
9 0.040000
9 0.060000
9 0.030000
9 0.040000
9 0.090000
9 0.080000
9 0.060000
9 0.030000
9 0.140000
9 0.010000
9 0.040000
9 0.050000
9 0.040000
9 0.080000
9 0.050000
9 0.060000
9 0.040000
9 0.080000
9 0.050000
9 0.040000
9 0.060000
9 0.100000
9 0.030000
9 0.050000
9 0.050000
9 0.030000
9 0.070000
9 0.100000
9 0.060000
9 0.050000
9 0.040000
9 0.040000
9 0.040000
9 0.030000
9 0.060000
9 0.050000
9 0.060000
9 0.030000
9 0.030000
9 0.050000
9 0.050000
9 0.110000
9 0.040000
9 0.030000
9 0.060000
9 0.060000
9 0.050000
9 0.030000
9 0.030000
9 0.030000
9 0.030000
9 0.060000
9 0.060000
9 0.040000
9 0.060000
9 0.060000
9 0.030000
9 0.030000
9 0.020000
9 0.040000
9 0.070000
9 0.040000
9 0.030000
9 0.040000
9 0.050000
9 0.030000
9 0.050000
9 0.040000
9 0.040000
9 0.030000
9 0.060000
9 0.110000
9 0.070000
9 0.070000
9 0.100000
9 0.030000
9 0.100000
9 0.050000
9 0.060000
9 0.030000
9 0.040000
9 0.070000
9 0.050000
9 0.050000
9 0.070000
9 0.030000
9 0.070000
9 0.040000
9 0.020000
9 0.040000
9 0.030000
9 0.040000
9 0.030000
9 0.040000
9 0.030000
9 0.040000
9 0.070000
9 0.030000
9 0.070000
10 0.120000
10 0.200000
10 0.050000
10 0.050000
10 0.030000
10 0.110000
10 0.080000
10 0.110000
10 0.040000
10 0.080000
10 0.070000
10 0.060000
10 0.040000
10 0.060000
10 0.030000
10 0.070000
10 0.160000
10 0.060000
10 0.070000
10 0.070000
10 0.080000
10 0.110000
10 0.050000
10 0.070000
10 0.040000
10 0.070000
10 0.040000
10 0.180000
10 0.040000
10 0.050000
10 0.070000
10 0.150000
10 0.060000
10 0.030000
10 0.030000
10 0.040000
10 0.080000
10 0.050000
10 0.050000
10 0.060000
10 0.060000
10 0.060000
10 0.080000
10 0.030000
10 0.050000
10 0.060000
10 0.030000
10 0.040000
10 0.030000
10 0.070000
10 0.040000
10 0.100000
10 0.030000
10 0.120000
10 0.090000
10 0.090000
10 0.040000
10 0.020000
10 0.030000
10 0.050000
10 0.030000
10 0.070000
10 0.110000
10 0.070000
10 0.030000
10 0.040000
10 0.040000
10 0.140000
10 0.060000
10 0.090000
10 0.050000
10 0.060000
10 0.120000
10 0.100000
10 0.040000
10 0.040000
10 0.040000
10 0.060000
10 0.060000
10 0.100000
10 0.050000
10 0.020000
10 0.030000
10 0.060000
10 0.090000
10 0.060000
10 0.040000
10 0.090000
10 0.120000
10 0.050000
10 0.040000
10 0.060000
10 0.030000
10 0.030000
10 0.050000
10 0.040000
10 0.070000
10 0.060000
10 0.040000
10 0.060000
10 0.040000
10 0.060000
10 0.080000
10 0.070000
10 0.070000
10 0.040000
10 0.100000
10 0.080000
10 0.040000
10 0.040000
10 0.050000
10 0.100000
10 0.030000
10 0.070000
10 0.030000
10 0.170000
10 0.040000
10 0.070000
10 0.060000
10 0.030000
10 0.050000
10 0.080000
10 0.080000
10 0.060000
10 0.030000
10 0.070000
10 0.030000
10 0.050000
10 0.070000
10 0.050000
10 0.060000
10 0.050000
10 0.140000
10 0.050000
10 0.070000
10 0.070000
10 0.050000
10 0.050000
10 0.080000
10 0.040000
10 0.050000
10 0.060000
10 0.020000
10 0.050000
10 0.040000
10 0.050000
10 0.080000
10 0.020000
10 0.020000
10 0.070000
10 0.030000
10 0.030000
10 0.100000
10 0.040000
10 0.070000
10 0.030000
10 0.170000
10 0.080000
10 0.140000
10 0.050000
10 0.070000
10 0.040000
10 0.070000
10 0.100000
10 0.050000
10 0.030000
10 0.060000
10 0.070000
10 0.030000
10 0.100000
10 0.070000
10 0.060000
10 0.060000
10 0.050000
10 0.030000
10 0.090000
10 0.140000
10 0.050000
10 0.130000
10 0.040000
10 0.050000
10 0.040000
10 0.100000
10 0.120000
10 0.080000
10 0.060000
10 0.050000
10 0.030000
10 0.110000
10 0.080000
10 0.040000
10 0.100000
10 0.260000
10 0.050000
10 0.040000
10 0.040000
10 0.220000
10 0.020000
10 0.060000
10 0.030000
10 0.040000
10 0.060000
10 0.060000
10 0.030000
10 0.030000
10 0.030000
10 0.110000
10 0.070000
10 0.050000
10 0.060000
10 0.030000
10 0.040000
10 0.040000
11 0.060000
11 0.110000
11 0.050000
11 0.060000
11 0.060000
11 0.060000
11 0.130000
11 0.260000
11 0.040000
11 0.090000
11 0.100000
11 0.240000
11 0.060000
11 0.060000
11 0.070000
11 0.090000
11 0.080000
11 0.050000
11 0.070000
11 0.090000
11 0.100000
11 0.070000
11 0.050000
11 0.020000
11 0.090000
11 0.140000
11 0.070000
11 0.050000
11 0.070000
11 0.060000
11 0.040000
11 0.080000
11 0.070000
11 0.050000
11 0.070000
11 0.080000
11 0.040000
11 0.080000
11 0.050000
11 0.060000
11 0.060000
11 0.050000
11 0.130000
11 0.030000
11 0.060000
11 0.160000
11 0.070000
11 0.040000
11 0.120000
11 0.080000
11 0.050000
11 0.020000
11 0.040000
11 0.050000
11 0.060000
11 0.090000
11 0.090000
11 0.100000
11 0.070000
11 0.050000
11 0.050000
11 0.080000
11 0.070000
11 0.090000
11 0.040000
11 0.160000
11 0.060000
11 0.090000
11 0.050000
11 0.050000
11 0.070000
11 0.040000
11 0.160000
11 0.090000
11 0.070000
11 0.040000
11 0.070000
11 0.090000
11 0.040000
11 0.060000
11 0.150000
11 0.070000
11 0.110000
11 0.110000
11 0.070000
11 0.050000
11 0.050000
11 0.060000
11 0.070000
11 0.080000
11 0.050000
11 0.090000
11 0.040000
11 0.050000
11 0.060000
11 0.050000
11 0.130000
11 0.100000
11 0.090000
11 0.090000
11 0.090000
11 0.040000
11 0.050000
11 0.160000
11 0.080000
11 0.060000
11 0.100000
11 0.080000
11 0.090000
11 0.090000
11 0.030000
11 0.090000
11 0.030000
11 0.040000
11 0.050000
11 0.100000
11 0.060000
11 0.080000
11 0.140000
11 0.050000
11 0.070000
11 0.050000
11 0.050000
11 0.050000
11 0.080000
11 0.110000
11 0.040000
11 0.200000
11 0.070000
11 0.050000
11 0.050000
11 0.040000
11 0.120000
11 0.080000
11 0.100000
11 0.050000
11 0.150000
11 0.050000
11 0.060000
11 0.110000
11 0.040000
11 0.040000
11 0.050000
11 0.040000
11 0.080000
11 0.060000
11 0.070000
11 0.180000
11 0.040000
11 0.050000
11 0.090000
11 0.050000
11 0.080000
11 0.060000
11 0.110000
11 0.040000
11 0.180000
11 0.060000
11 0.090000
11 0.070000
11 0.080000
11 0.110000
11 0.070000
11 0.070000
11 0.050000
11 0.220000
11 0.080000
11 0.040000
11 0.130000
11 0.110000
11 0.060000
11 0.220000
11 0.060000
11 0.100000
11 0.120000
11 0.050000
11 0.060000
11 0.130000
11 0.120000
11 0.060000
11 0.080000
11 0.070000
11 0.070000
11 0.060000
11 0.080000
11 0.150000
11 0.060000
11 0.040000
11 0.060000
11 0.050000
11 0.080000
11 0.040000
11 0.030000
11 0.070000
11 0.060000
11 0.100000
11 0.210000
11 0.050000
11 0.050000
11 0.220000
11 0.140000
11 0.080000
11 0.060000
11 0.070000
11 0.090000
11 0.070000
11 0.090000
11 0.050000
11 0.070000
11 0.080000
11 0.090000
11 0.120000
11 0.080000
11 0.030000
11 0.070000
11 0.030000
11 0.080000
11 0.070000
11 0.100000
11 0.030000
11 0.050000
11 0.060000
11 0.070000
11 0.060000
11 0.100000
11 0.040000
11 0.040000
11 0.100000
11 0.050000
11 0.070000
11 0.130000
11 0.030000
11 0.060000
11 0.050000
11 0.060000
11 0.050000
11 0.050000
11 0.040000
11 0.090000
11 0.080000
11 0.180000
11 0.060000
11 0.150000
11 0.050000
11 0.040000
11 0.020000
11 0.050000
11 0.030000
11 0.050000
11 0.020000
11 0.040000
11 0.090000
11 0.060000
11 0.040000
11 0.040000
11 0.080000
11 0.030000
11 0.060000
11 0.030000
11 0.070000
11 0.090000
11 0.080000
11 0.060000
11 0.050000
11 0.100000
11 0.070000
11 0.110000
11 0.120000
11 0.040000
11 0.070000
11 0.050000
11 0.050000
11 0.050000
11 0.080000
11 0.110000
11 0.040000
11 0.210000
11 0.080000
11 0.100000
11 0.050000
11 0.070000
11 0.070000
11 0.130000
11 0.070000
11 0.100000
11 0.110000
11 0.090000
11 0.050000
11 0.100000
11 0.100000
11 0.150000
11 0.090000
11 0.060000
11 0.070000
11 0.030000
11 0.050000
11 0.050000
11 0.050000
11 0.080000
11 0.150000
11 0.060000
11 0.150000
11 0.060000
11 0.070000
11 0.080000
11 0.050000
11 0.100000
11 0.050000
11 0.150000
11 0.070000
11 0.030000
11 0.100000
11 0.030000
11 0.050000
11 0.080000
11 0.050000
11 0.050000
11 0.110000
11 0.280000
11 0.080000
11 0.070000
11 0.120000
11 0.060000
11 0.050000
11 0.090000
11 0.060000
11 0.120000
11 0.100000
11 0.190000
11 0.130000
11 0.070000
11 0.090000
11 0.070000
11 0.050000
11 0.060000
11 0.090000
11 0.090000
11 0.050000
11 0.080000
11 0.100000
11 0.060000
11 0.080000
11 0.120000
11 0.050000
11 0.090000
11 0.090000
11 0.170000
11 0.090000
11 0.050000
11 0.060000
11 0.040000
11 0.100000
11 0.090000
11 0.100000
11 0.060000
11 0.040000
11 0.030000
11 0.090000
11 0.050000
11 0.040000
11 0.050000
11 0.040000
11 0.050000
11 0.140000
11 0.060000
11 0.060000
11 0.080000
11 0.070000
12 0.140000
12 0.070000
12 0.320000
12 0.080000
12 0.080000
12 0.040000
12 0.270000
12 0.120000
12 0.120000
12 0.110000
12 0.140000
12 0.070000
12 0.380000
12 0.150000
12 0.040000
12 0.130000
12 0.110000
12 0.080000
12 0.070000
12 0.080000
12 0.050000
12 0.080000
12 0.090000
12 0.130000
12 0.110000
12 0.110000
12 0.150000
12 0.060000
12 0.070000
12 0.110000
12 0.070000
12 0.110000
12 0.120000
12 0.090000
12 0.200000
12 0.070000
12 0.070000
12 0.040000
12 0.170000
12 0.050000
12 0.120000
12 0.190000
12 0.060000
12 0.040000
12 0.100000
12 0.130000
12 0.040000
12 0.060000
12 0.100000
12 0.060000
12 0.050000
12 0.070000
12 0.180000
12 0.130000
12 0.130000
12 0.170000
12 0.140000
12 0.150000
12 0.190000
12 0.100000
12 0.060000
12 0.060000
12 0.110000
12 0.150000
12 0.100000
12 0.060000
12 0.070000
12 0.070000
12 0.120000
12 0.040000
12 0.060000
12 0.110000
12 0.050000
12 0.080000
12 0.080000
12 0.160000
12 0.130000
12 0.070000
12 0.120000
12 0.130000
12 0.070000
12 0.100000
12 0.120000
12 0.100000
12 0.200000
12 0.150000
12 0.120000
12 0.080000
12 0.050000
12 0.120000
12 0.070000
12 0.110000
12 0.100000
12 0.130000
12 0.190000
12 0.060000
12 0.180000
12 0.210000
12 0.040000
12 0.160000
12 0.130000
12 0.260000
12 0.390000
12 0.050000
12 0.040000
12 0.080000
12 0.090000
12 0.100000
12 0.100000
12 0.090000
12 0.430000
12 0.100000
12 0.110000
12 0.070000
12 0.100000
12 0.150000
12 0.270000
12 0.060000
12 0.130000
12 0.130000
12 0.160000
12 0.050000
12 0.150000
12 0.100000
12 0.070000
12 0.080000
12 0.140000
12 0.080000
12 0.070000
12 0.090000
12 0.110000
12 0.240000
12 0.070000
12 0.080000
12 0.050000
12 0.080000
12 0.090000
12 0.150000
12 0.080000
12 0.120000
12 0.090000
12 0.050000
12 0.120000
12 0.050000
12 0.170000
12 0.130000
12 0.070000
12 0.050000
12 0.160000
12 0.090000
12 0.050000
12 0.120000
12 0.100000
12 0.100000
12 0.090000
12 0.070000
12 0.060000
12 0.050000
12 0.150000
12 0.070000
12 0.090000
12 0.150000
12 0.120000
12 0.130000
12 0.130000
12 0.110000
12 0.100000
12 0.050000
12 0.070000
12 0.140000
12 0.100000
12 0.070000
12 0.070000
12 0.080000
12 0.140000
12 0.170000
12 0.050000
12 0.190000
12 0.120000
12 0.100000
12 0.090000
12 0.240000
12 0.080000
12 0.050000
12 0.030000
12 0.070000
12 0.080000
12 0.070000
12 0.110000
12 0.060000
12 0.060000
12 0.060000
12 0.070000
12 0.080000
12 0.050000
12 0.170000
12 0.110000
12 0.110000
12 0.120000
12 0.090000
12 0.270000
12 0.050000
12 0.090000
12 0.080000
12 0.120000
12 0.110000
12 0.080000
12 0.100000
12 0.050000
12 0.060000
12 0.130000
12 0.060000
12 0.090000
12 0.190000
12 0.110000
12 0.110000
12 0.090000
12 0.070000
12 0.060000
12 0.100000
12 0.050000
12 0.080000
12 0.050000
12 0.330000
12 0.120000
12 0.050000
12 0.150000
12 0.160000
12 0.130000
12 0.050000
12 0.050000
12 0.260000
12 0.060000
12 0.060000
12 0.250000
12 0.090000
12 0.090000
12 0.190000
12 0.100000
12 0.070000
12 0.160000
12 0.150000
12 0.130000
12 0.060000
12 0.110000
12 0.280000
12 0.070000
12 0.160000
12 0.060000
12 0.090000
12 0.100000
12 0.110000
12 0.130000
12 0.160000
12 0.060000
12 0.380000
12 0.060000
12 0.060000
12 0.110000
12 0.060000
12 0.130000
12 0.120000
12 0.060000
12 0.150000
12 0.070000
12 0.070000
12 0.110000
12 0.080000
12 0.180000
12 0.080000
12 0.240000
12 0.130000
12 0.100000
12 0.090000
12 0.120000
12 0.040000
12 0.090000
12 0.120000
12 0.040000
12 0.060000
12 0.250000
12 0.120000
12 0.070000
12 0.030000
12 0.090000
12 0.110000
12 0.240000
12 0.140000
12 0.050000
12 0.170000
12 0.090000
12 0.080000
12 0.130000
12 0.060000
12 0.070000
12 0.120000
12 0.180000
12 0.050000
12 0.090000
12 0.080000
12 0.090000
12 0.070000
12 0.120000
12 0.060000
12 0.200000
12 0.220000
12 0.090000
12 0.030000
12 0.070000
12 0.090000
12 0.160000
12 0.080000
12 0.090000
12 0.160000
12 0.180000
12 0.120000
12 0.080000
12 0.150000
12 0.080000
12 0.040000
12 0.080000
12 0.080000
12 0.110000
12 0.180000
12 0.080000
12 0.120000
12 0.080000
12 0.070000
12 0.100000
12 0.060000
12 0.110000
12 0.060000
12 0.050000
12 0.090000
12 0.080000
12 0.040000
12 0.100000
12 0.140000
12 0.050000
12 0.130000
12 0.140000
12 0.060000
12 0.080000
12 0.050000
12 0.100000
12 0.110000
12 0.240000
12 0.060000
12 0.080000
12 0.080000
12 0.140000
12 0.100000
12 0.080000
12 0.100000
12 0.140000
12 0.060000
12 0.100000
12 0.090000
12 0.090000
12 0.170000
12 0.050000
12 0.060000
12 0.070000
12 0.030000
12 0.160000
12 0.110000
12 0.090000
12 0.200000
12 0.090000
12 0.050000
12 0.050000
12 0.120000
12 0.100000
12 0.170000
12 0.090000
12 0.120000
12 0.060000
12 0.040000
12 0.040000
12 0.170000
12 0.060000
12 0.130000
12 0.050000
12 0.070000
12 0.080000
12 0.070000
12 0.070000
12 0.070000
12 0.060000
12 0.110000
12 0.130000
12 0.060000
12 0.090000
12 0.070000
12 0.240000
12 0.050000
12 0.050000
12 0.060000
12 0.040000
12 0.050000
12 0.110000
12 0.130000
12 0.050000
12 0.070000
12 0.030000
12 0.330000
12 0.310000
12 0.090000
12 0.100000
12 0.120000
12 0.210000
12 0.150000
12 0.160000
12 0.070000
12 0.070000
12 0.060000
12 0.150000
12 0.040000
12 0.050000
12 0.090000
12 0.100000
12 0.210000
12 0.060000
12 0.110000
12 0.100000
12 0.160000
12 0.110000
12 0.240000
12 0.060000
12 0.050000
12 0.180000
12 0.080000
12 0.130000
12 0.050000
12 0.110000
12 0.080000
12 0.080000
12 0.120000
12 0.040000
12 0.170000
12 0.060000
12 0.120000
12 0.090000
12 0.070000
12 0.040000
12 0.120000
12 0.050000
12 0.090000
12 0.050000
12 0.220000
12 0.200000
12 0.130000
12 0.110000
12 0.140000
12 0.080000
12 0.100000
12 0.150000
12 0.060000
12 0.090000
12 0.130000
12 0.080000
12 0.100000
12 0.070000
12 0.050000
12 0.060000
12 0.090000
12 0.090000
12 0.070000
12 0.080000
12 0.070000
12 0.060000
12 0.070000
12 0.160000
12 0.130000
12 0.070000
12 0.160000
12 0.100000
12 0.070000
12 0.270000
12 0.170000
12 0.050000
12 0.090000
12 0.140000
12 0.350000
12 0.180000
12 0.120000
12 0.060000
12 0.070000
12 0.050000
12 0.250000
12 0.070000
12 0.080000
12 0.070000
12 0.070000
12 0.120000
12 0.090000
12 0.100000
12 0.060000
12 0.090000
13 0.080000
13 0.180000
13 0.110000
13 0.130000
13 0.180000
13 0.200000
13 0.090000
13 0.260000
13 0.100000
13 0.080000
13 0.130000
13 0.220000
13 0.050000
13 0.180000
13 0.060000
13 0.150000
13 0.080000
13 0.090000
13 0.090000
13 0.110000
13 0.130000
13 0.200000
13 0.140000
13 0.150000
13 0.120000
13 0.130000
13 0.210000
13 0.190000
13 0.100000
13 0.150000
13 0.150000
13 0.230000
13 0.100000
13 0.190000
13 0.170000
13 0.120000
13 0.160000
13 0.100000
13 0.040000
13 0.220000
13 0.170000
13 0.080000
13 0.140000
13 0.100000
13 0.090000
13 0.130000
13 0.290000
13 0.150000
13 0.070000
13 0.120000
13 0.080000
13 0.090000
13 0.250000
13 0.080000
13 0.100000
13 0.110000
13 0.130000
13 0.200000
13 0.140000
13 0.080000
13 0.090000
13 0.070000
13 0.150000
13 0.160000
13 0.110000
13 0.200000
13 0.130000
13 0.100000
13 0.100000
13 0.150000
13 0.250000
13 0.130000
13 0.140000
13 0.060000
13 0.060000
13 0.040000
13 0.130000
13 0.110000
13 0.290000
13 0.230000
13 0.080000
13 0.100000
13 0.090000
13 0.220000
13 0.230000
13 0.130000
13 0.120000
13 0.080000
13 0.090000
13 0.170000
13 0.140000
13 0.050000
13 0.170000
13 0.150000
13 0.170000
13 0.470000
13 0.250000
13 0.130000
13 0.110000
13 0.090000
13 0.140000
13 0.060000
13 0.100000
13 0.150000
13 0.110000
13 0.170000
13 0.090000
13 0.070000
13 0.150000
13 0.090000
13 0.070000
13 0.120000
13 0.150000
13 0.150000
13 0.230000
13 0.170000
13 0.090000
13 0.210000
13 0.270000
13 0.070000
13 0.190000
13 0.210000
13 0.080000
13 0.040000
13 0.080000
13 0.150000
13 0.150000
13 0.400000
13 0.090000
13 0.230000
13 0.070000
13 0.240000
13 0.440000
13 0.180000
13 0.190000
13 0.280000
13 0.140000
13 0.120000
13 0.260000
13 0.100000
13 0.030000
13 0.060000
13 0.040000
13 0.100000
13 0.140000
13 0.180000
13 0.250000
13 0.400000
13 0.180000
13 0.100000
13 0.130000
13 0.060000
13 0.100000
13 0.110000
13 0.220000
13 0.130000
13 0.150000
13 0.080000
13 0.070000
13 0.140000
13 0.080000
13 0.060000
13 0.300000
13 0.090000
13 0.210000
13 0.070000
13 0.180000
13 0.060000
13 0.130000
13 0.160000
13 0.120000
13 0.200000
13 0.080000
13 0.140000
13 0.110000
13 0.050000
13 0.150000
13 0.090000
13 0.110000
13 0.130000
13 0.070000
13 0.090000
13 0.340000
13 0.150000
13 0.130000
13 0.230000
13 0.380000
13 0.160000
13 0.170000
13 0.140000
13 0.090000
13 0.190000
13 0.070000
13 0.070000
13 0.160000
13 0.140000
13 0.120000
13 0.200000
13 0.070000
13 0.120000
13 0.100000
13 0.220000
13 0.080000
13 0.070000
13 0.100000
13 0.130000
13 0.100000
13 0.090000
13 0.150000
13 0.320000
13 0.140000
13 0.130000
13 0.070000
13 0.080000
13 0.070000
13 0.100000
13 0.120000
13 0.110000
13 0.130000
13 0.180000
13 0.230000
13 0.310000
13 0.050000
13 0.210000
13 0.150000
13 0.100000
13 0.110000
13 0.070000
13 0.070000
13 0.160000
13 0.100000
13 0.120000
13 0.080000
13 0.160000
13 0.070000
13 0.180000
13 0.210000
13 0.090000
13 0.140000
13 0.090000
13 0.150000
13 0.090000
13 0.120000
13 0.300000
13 0.070000
13 0.190000
13 0.130000
13 0.320000
13 0.110000
13 0.100000
13 0.210000
13 0.160000
13 0.120000
13 0.040000
13 0.120000
13 0.110000
13 0.320000
13 0.100000
13 0.190000
13 0.190000
13 0.080000
13 0.070000
13 0.220000
13 0.040000
13 0.230000
13 0.050000
13 0.130000
13 0.110000
13 0.120000
13 0.260000
13 0.160000
13 0.140000
13 0.320000
13 0.240000
13 0.080000
13 0.070000
13 0.120000
13 0.150000
13 0.090000
13 0.200000
13 0.160000
13 0.050000
13 0.140000
13 0.040000
13 0.310000
13 0.070000
13 0.130000
13 0.180000
13 0.070000
13 0.170000
13 0.110000
13 0.110000
13 0.150000
13 0.080000
13 0.060000
13 0.050000
13 0.090000
13 0.130000
13 0.240000
13 0.060000
13 0.100000
13 0.060000
13 0.090000
13 0.150000
13 0.170000
13 0.170000
13 0.090000
13 0.130000
13 0.120000
13 0.210000
13 0.070000
13 0.120000
13 0.150000
13 0.270000
13 0.090000
13 0.240000
13 0.100000
13 0.210000
13 0.160000
13 0.080000
13 0.190000
13 0.110000
13 0.100000
13 0.540000
13 0.120000
13 0.050000
13 0.180000
13 0.120000
13 0.220000
13 0.110000
13 0.080000
13 0.100000
13 0.080000
13 0.120000
13 0.080000
13 0.070000
13 0.060000
13 0.150000
13 0.120000
13 0.140000
13 0.270000
13 0.210000
13 0.140000
13 0.160000
13 0.050000
13 0.140000
13 0.180000
13 0.160000
13 0.210000
13 0.110000
13 0.080000
13 0.090000
13 0.160000
13 0.090000
13 0.090000
13 0.120000
13 0.120000
13 0.300000
13 0.120000
13 0.070000
13 0.160000
13 0.120000
13 0.120000
13 0.130000
13 0.080000
13 0.240000
13 0.070000
13 0.100000
13 0.120000
13 0.160000
13 0.120000
13 0.200000
13 0.160000
13 0.110000
13 0.120000
13 0.060000
13 0.120000
13 0.080000
13 0.120000
13 0.360000
13 0.340000
13 0.080000
13 0.200000
13 0.190000
13 0.290000
13 0.170000
13 0.230000
13 0.160000
13 0.070000
13 0.170000
13 0.100000
13 0.090000
13 0.070000
13 0.100000
13 0.130000
13 0.130000
13 0.120000
13 0.150000
13 0.120000
13 0.190000
13 0.160000
13 0.180000
13 0.200000
13 0.080000
13 0.120000
13 0.140000
13 0.090000
13 0.330000
13 0.080000
13 0.120000
13 0.220000
13 0.090000
13 0.120000
13 0.240000
13 0.100000
13 0.100000
13 0.080000
13 0.060000
13 0.070000
13 0.130000
13 0.080000
13 0.160000
13 0.060000
13 0.060000
13 0.130000
13 0.210000
13 0.280000
13 0.100000
13 0.070000
13 0.070000
13 0.190000
13 0.150000
13 0.080000
13 0.110000
13 0.100000
13 0.120000
13 0.220000
13 0.110000
13 0.110000
13 0.090000
13 0.170000
13 0.140000
13 0.120000
13 0.230000
13 0.110000
13 0.140000
13 0.130000
13 0.100000
13 0.090000
13 0.090000
13 0.110000
13 0.150000
13 0.070000
13 0.190000
13 0.110000
13 0.460000
13 0.170000
13 0.090000
13 0.050000
13 0.110000
13 0.250000
13 0.220000
13 0.140000
13 0.350000
13 0.110000
13 0.110000
13 0.070000
13 0.080000
13 0.150000
13 0.190000
13 0.260000
13 0.100000
13 0.130000
13 0.160000
13 0.070000
13 0.130000
13 0.060000
13 0.290000
13 0.190000
13 0.060000
13 0.150000
13 0.230000
13 0.130000
13 0.120000
13 0.110000
13 0.100000
13 0.120000
13 0.220000
13 0.100000
13 0.120000
13 0.100000
13 0.120000
13 0.180000
13 0.200000
13 0.160000
13 0.140000
13 0.080000
13 0.120000
13 0.080000
13 0.070000
13 0.280000
13 0.130000
13 0.110000
13 0.130000
13 0.360000
13 0.090000
13 0.050000
13 0.090000
13 0.140000
13 0.070000
13 0.110000
13 0.230000
13 0.110000
13 0.100000
13 0.170000
13 0.110000
13 0.180000
13 0.060000
13 0.050000
13 0.090000
13 0.070000
13 0.260000
13 0.390000
13 0.090000
13 0.170000
13 0.130000
13 0.130000
13 0.130000
13 0.120000
13 0.040000
13 0.310000
13 0.080000
13 0.070000
13 0.150000
13 0.110000
13 0.230000
13 0.180000
13 0.210000
13 0.080000
13 0.090000
13 0.090000
13 0.160000
13 0.110000
13 0.190000
13 0.150000
13 0.060000
13 0.150000
13 0.120000
13 0.130000
13 0.180000
13 0.310000
13 0.210000
13 0.080000
13 0.090000
13 0.290000
13 0.140000
13 0.080000
13 0.050000
13 0.260000
13 0.070000
13 0.080000
13 0.190000
13 0.170000
13 0.040000
13 0.040000
13 0.210000
13 0.260000
13 0.140000
13 0.130000
13 0.190000
13 0.080000
13 0.120000
13 0.100000
13 0.190000
13 0.200000
13 0.160000
13 0.100000
13 0.040000
13 0.140000
