#n running-time
32 0.080000
32 0.090000
33 0.430000
33 0.490000
33 0.550000
33 0.100000
33 0.150000
33 0.100000
33 0.120000
33 0.100000
33 0.090000
33 0.090000
34 0.210000
34 0.410000
34 0.100000
34 0.120000
34 0.100000
34 0.100000
34 0.250000
34 0.190000
34 0.190000
34 0.090000
34 0.120000
34 0.090000
34 0.180000
34 0.220000
34 0.200000
34 0.110000
34 0.630000
34 0.130000
34 0.100000
34 0.500000
34 0.090000
34 0.180000
34 0.240000
34 0.100000
34 0.160000
34 0.110000
34 0.080000
34 0.200000
34 0.080000
34 0.140000
34 0.080000
34 0.130000
34 0.140000
34 0.280000
34 0.110000
34 0.390000
34 0.120000
34 0.120000
35 0.140000
35 0.080000
35 0.100000
35 0.090000
35 0.100000
35 0.160000
35 0.140000
35 0.180000
35 0.550000
35 0.160000
35 0.120000
35 0.150000
35 0.150000
35 0.130000
35 0.080000
35 0.090000
35 0.180000
35 0.090000
35 0.170000
35 0.080000
35 0.110000
35 0.190000
35 0.120000
35 0.110000
35 0.150000
35 0.120000
35 0.280000
35 0.100000
35 0.090000
35 0.150000
35 0.110000
35 0.220000
35 0.090000
35 0.180000
35 0.240000
35 0.140000
35 0.150000
35 0.100000
35 0.110000
35 0.090000
35 0.090000
35 0.100000
35 0.090000
35 0.250000
35 0.080000
35 0.090000
35 0.310000
35 0.190000
35 0.230000
35 0.120000
35 0.180000
35 0.120000
35 0.120000
35 0.220000
35 0.130000
35 0.310000
35 0.080000
35 0.110000
35 0.300000
35 0.130000
35 0.380000
35 0.100000
35 0.340000
35 0.690000
35 0.400000
35 0.100000
35 0.160000
35 0.110000
35 0.290000
35 0.460000
35 0.090000
35 0.090000
35 0.110000
35 0.140000
35 0.090000
35 0.080000
35 0.260000
35 0.200000
35 0.090000
35 0.080000
35 0.100000
35 0.280000
35 0.200000
35 0.340000
35 0.100000
35 0.370000
35 0.140000
35 0.130000
35 0.400000
35 0.110000
35 0.100000
35 0.090000
35 0.200000
35 0.130000
35 0.130000
35 0.120000
35 0.110000
35 0.130000
35 0.210000
35 0.130000
35 0.090000
35 0.340000
35 0.250000
35 0.110000
35 0.430000
35 0.570000
35 0.250000
35 0.130000
36 0.120000
36 0.160000
36 0.320000
36 0.230000
36 0.430000
36 0.140000
36 0.150000
36 0.150000
36 0.140000
36 0.080000
36 0.330000
36 0.130000
36 0.160000
36 0.080000
36 0.540000
36 0.120000
36 0.100000
36 0.100000
36 0.240000
36 0.230000
36 0.450000
36 0.140000
36 0.090000
36 1.800000
36 0.130000
36 0.120000
36 0.160000
36 0.140000
36 0.100000
36 0.160000
36 0.240000
36 0.270000
36 0.120000
36 0.200000
36 0.390000
36 0.090000
36 0.250000
36 0.110000
36 0.170000
36 0.120000
36 0.580000
36 0.210000
36 0.130000
36 0.170000
36 0.090000
36 0.200000
36 0.160000
36 0.090000
36 0.140000
36 0.130000
36 0.240000
36 0.080000
36 0.080000
36 0.290000
36 0.110000
36 0.170000
36 0.220000
36 0.170000
36 0.280000
36 0.210000
36 0.130000
36 0.130000
36 0.300000
36 0.190000
36 0.140000
36 0.110000
36 0.090000
36 0.170000
36 0.140000
36 0.130000
36 0.110000
36 0.160000
36 0.130000
36 0.130000
36 0.110000
36 0.170000
36 0.110000
36 0.270000
36 0.230000
36 1.150000
36 0.120000
36 0.170000
36 0.290000
36 0.180000
36 0.290000
36 0.110000
36 0.200000
36 0.160000
36 0.090000
36 0.140000
36 0.260000
36 0.090000
36 0.110000
36 0.100000
36 0.090000
36 0.090000
36 0.350000
36 0.120000
36 0.090000
36 0.100000
36 0.390000
36 0.300000
36 0.150000
36 0.310000
36 0.150000
36 0.080000
36 0.490000
36 0.110000
36 0.200000
36 0.580000
36 0.150000
36 0.210000
36 0.230000
36 0.210000
36 0.120000
36 0.150000
36 0.120000
36 0.310000
36 0.160000
36 0.330000
36 0.110000
36 0.820000
36 0.530000
36 0.150000
36 0.130000
36 0.160000
36 0.720000
36 0.310000
36 0.190000
36 0.270000
36 0.110000
36 0.110000
36 0.170000
36 0.200000
36 0.320000
36 0.180000
36 0.450000
36 0.090000
36 0.090000
36 0.480000
36 0.100000
36 0.090000
36 0.110000
36 0.230000
36 0.110000
36 0.090000
36 0.100000
36 0.240000
36 0.370000
36 0.310000
36 0.200000
36 0.080000
36 0.130000
36 0.080000
36 0.110000
36 0.110000
36 0.100000
36 0.340000
36 0.140000
36 0.080000
36 0.090000
36 0.110000
36 0.170000
36 1.050000
36 0.110000
36 0.150000
36 0.120000
36 0.100000
36 0.110000
36 0.110000
36 0.130000
36 0.120000
36 0.080000
36 0.080000
36 0.180000
36 0.110000
36 0.160000
36 0.130000
36 0.130000
36 0.080000
36 0.110000
36 0.130000
36 0.110000
36 0.130000
36 0.430000
36 0.100000
36 0.780000
36 0.090000
36 0.090000
36 0.080000
36 0.320000
36 0.540000
36 0.180000
36 0.200000
36 0.300000
36 0.090000
36 0.100000
36 0.190000
36 0.080000
36 0.090000
36 0.510000
36 0.570000
36 0.210000
36 0.760000
36 0.120000
36 0.270000
36 0.260000
36 0.290000
36 0.220000
36 0.270000
36 0.100000
36 0.130000
36 0.960000
36 0.100000
36 0.240000
36 0.180000
36 0.070000
36 0.260000
36 0.100000
36 0.090000
36 0.100000
36 0.430000
36 0.090000
36 0.230000
36 0.080000
36 0.310000
36 0.080000
36 0.200000
36 0.120000
36 0.140000
36 0.130000
36 0.110000
36 0.440000
36 0.160000
36 0.120000
36 0.370000
36 0.480000
36 0.130000
36 0.240000
36 0.170000
36 0.320000
36 0.210000
37 0.130000
37 0.920000
37 0.100000
37 0.130000
37 0.190000
37 0.090000
37 0.320000
37 0.170000
37 0.550000
37 0.120000
37 0.250000
37 0.180000
37 0.380000
37 0.370000
37 0.090000
37 0.140000
37 0.080000
37 0.150000
37 0.080000
37 0.340000
37 0.140000
37 0.150000
37 0.110000
37 0.080000
37 0.090000
37 0.130000
37 0.090000
37 0.130000
37 0.130000
37 0.090000
37 0.170000
37 0.120000
37 0.160000
37 0.220000
37 0.080000
37 0.130000
37 0.130000
37 0.420000
37 0.190000
37 0.720000
37 0.490000
37 0.350000
37 0.670000
37 0.090000
37 0.250000
37 0.170000
37 0.380000
37 0.130000
37 0.150000
37 0.370000
37 0.090000
37 0.090000
37 0.100000
37 0.100000
37 0.820000
37 0.200000
37 0.200000
37 0.510000
37 0.100000
37 0.380000
37 0.180000
37 0.290000
37 0.310000
37 0.130000
37 0.360000
37 1.340000
37 0.120000
37 0.310000
37 0.120000
37 0.290000
37 0.090000
37 0.200000
37 0.130000
37 0.080000
37 0.150000
37 0.090000
37 0.290000
37 0.290000
37 0.260000
37 0.110000
37 0.150000
37 0.130000
37 0.120000
37 0.540000
37 0.170000
37 0.090000
37 0.090000
37 0.140000
37 0.110000
37 2.320000
37 0.150000
37 0.280000
37 0.120000
37 0.120000
37 0.100000
37 0.890000
37 0.230000
37 0.110000
37 0.080000
37 0.220000
37 0.240000
37 0.430000
37 0.310000
37 0.510000
37 0.120000
37 0.090000
37 0.080000
37 0.080000
37 0.130000
37 0.160000
37 0.120000
37 0.530000
37 0.300000
37 0.780000
37 0.160000
37 0.160000
37 0.820000
37 0.200000
37 1.150000
37 0.190000
37 0.110000
37 0.560000
37 0.460000
37 0.100000
37 0.120000
37 0.090000
37 0.100000
37 0.160000
37 0.420000
37 0.210000
37 0.390000
37 0.090000
37 0.110000
37 0.100000
37 0.330000
37 0.090000
37 0.110000
37 0.110000
37 0.140000
37 0.140000
37 0.100000
37 0.180000
37 0.310000
37 0.100000
37 0.170000
37 0.100000
37 0.170000
37 0.310000
37 0.100000
37 0.170000
37 0.110000
37 0.910000
37 0.320000
37 0.190000
37 0.720000
37 0.110000
37 0.120000
37 0.090000
37 0.300000
37 0.090000
37 0.120000
37 0.860000
37 1.470000
37 0.100000
37 0.340000
37 0.190000
37 0.090000
37 0.110000
37 0.190000
37 0.110000
37 0.110000
37 0.310000
37 0.560000
37 0.120000
37 0.090000
37 0.160000
37 0.110000
37 0.140000
37 0.130000
37 0.250000
37 0.090000
37 0.130000
37 0.120000
37 0.230000
37 0.400000
37 0.230000
37 0.110000
37 0.430000
37 0.440000
37 0.120000
37 0.090000
37 0.230000
37 0.180000
37 0.190000
37 0.230000
37 0.130000
37 0.100000
37 0.210000
37 0.110000
37 0.510000
37 0.090000
37 0.140000
37 0.110000
37 0.890000
37 0.130000
37 0.150000
37 0.080000
37 0.090000
37 0.090000
37 0.160000
37 0.140000
37 0.530000
37 0.090000
37 0.140000
37 1.080000
37 0.360000
37 0.240000
37 0.120000
37 0.100000
37 0.480000
37 0.490000
37 0.230000
37 0.400000
37 0.160000
37 0.110000
37 0.490000
37 0.390000
37 0.130000
37 0.410000
37 0.720000
37 0.100000
37 0.300000
37 0.090000
37 0.090000
37 0.310000
37 1.290000
37 0.340000
37 0.190000
37 0.180000
37 0.130000
37 0.100000
37 0.430000
37 0.130000
37 0.120000
37 0.230000
37 2.300000
37 0.540000
37 0.470000
37 0.200000
37 0.080000
37 0.570000
37 1.020000
37 0.100000
37 0.350000
37 0.100000
37 0.180000
37 0.360000
37 0.270000
37 0.160000
37 0.210000
37 0.090000
37 0.090000
37 0.160000
37 0.090000
37 0.180000
37 0.310000
37 0.120000
37 0.190000
37 0.180000
37 0.720000
37 0.120000
37 0.150000
37 0.500000
37 0.110000
37 0.090000
37 0.210000
37 0.690000
37 0.110000
37 0.130000
37 0.100000
37 0.120000
37 0.300000
37 0.100000
37 0.220000
37 0.270000
37 0.180000
37 0.350000
37 0.170000
37 0.120000
37 0.280000
37 0.220000
37 0.120000
37 0.190000
37 0.110000
37 0.160000
37 0.130000
37 0.390000
37 0.430000
37 0.370000
37 0.200000
37 0.110000
37 0.250000
37 0.120000
37 0.200000
37 0.200000
37 0.190000
37 0.080000
37 0.530000
37 0.380000
37 0.170000
37 0.870000
37 0.300000
37 0.240000
37 0.140000
37 0.170000
37 0.260000
37 0.200000
37 0.080000
37 0.110000
37 0.290000
37 0.260000
37 0.100000
37 0.210000
37 0.400000
37 0.100000
37 0.570000
37 0.510000
37 0.110000
37 0.500000
37 0.210000
37 0.160000
37 0.110000
37 0.230000
37 0.100000
37 0.150000
37 0.260000
37 0.120000
37 0.140000
37 0.220000
37 0.180000
37 0.340000
37 0.110000
37 0.200000
37 0.090000
37 0.150000
37 0.140000
37 0.120000
37 0.120000
37 0.130000
37 0.230000
37 0.210000
37 0.100000
37 0.380000
37 0.090000
37 0.630000
37 0.470000
37 0.150000
37 0.080000
37 0.120000
37 0.090000
37 0.180000
37 0.160000
37 0.280000
37 0.140000
38 0.190000
38 0.220000
38 0.380000
38 0.230000
38 0.490000
38 0.150000
38 0.300000
38 0.080000
38 0.140000
38 0.090000
38 0.090000
38 0.090000
38 0.290000
38 0.110000
38 0.190000
38 0.930000
38 0.160000
38 0.180000
38 0.440000
38 0.190000
38 0.150000
38 0.330000
38 0.930000
38 0.620000
38 0.090000
38 0.090000
38 0.120000
38 0.790000
38 0.500000
38 0.390000
38 0.620000
38 0.330000
38 0.140000
38 0.130000
38 0.230000
38 0.340000
38 0.130000
38 0.180000
38 0.470000
38 0.080000
38 0.360000
38 0.130000
38 0.560000
38 0.180000
38 0.110000
38 0.250000
38 0.090000
38 0.090000
38 0.130000
38 0.090000
38 0.120000
38 0.140000
38 0.220000
38 0.190000
38 0.410000
38 0.650000
38 0.510000
38 0.110000
38 2.330000
38 0.120000
38 0.150000
38 0.210000
38 0.180000
38 0.120000
38 0.800000
38 0.130000
38 0.180000
38 1.150000
38 0.280000
38 0.070000
38 0.630000
38 0.190000
38 0.090000
38 0.270000
38 0.920000
38 0.800000
38 0.240000
38 0.090000
38 0.250000
38 0.090000
38 0.110000
38 0.320000
38 0.270000
38 0.330000
38 0.420000
38 0.250000
38 0.250000
38 0.200000
38 0.090000
38 0.270000
38 0.110000
38 0.610000
38 0.670000
38 0.090000
38 0.310000
38 0.100000
38 0.190000
38 0.080000
38 0.170000
38 0.180000
38 0.220000
38 0.400000
38 0.130000
38 2.700000
38 0.140000
38 0.210000
38 0.120000
38 0.180000
38 0.220000
38 0.190000
38 0.500000
38 0.150000
38 0.220000
38 0.080000
38 0.100000
38 0.100000
38 0.310000
38 0.120000
38 0.100000
38 0.120000
38 0.180000
38 0.170000
38 0.230000
38 0.300000
38 0.130000
38 0.120000
38 0.130000
38 0.400000
38 0.420000
38 0.800000
38 0.340000
38 0.120000
38 0.180000
38 0.160000
38 0.140000
38 0.130000
38 0.260000
38 0.080000
38 0.140000
38 0.210000
38 0.120000
38 0.140000
38 0.130000
38 0.290000
38 0.130000
38 0.500000
38 0.100000
38 0.090000
38 0.770000
38 0.100000
38 0.140000
38 0.170000
38 0.460000
38 0.270000
38 0.160000
38 0.160000
38 0.130000
38 0.120000
38 0.550000
38 0.350000
38 0.160000
38 0.130000
38 0.170000
38 0.160000
38 0.100000
38 0.330000
38 0.110000
38 0.150000
38 0.110000
38 0.300000
38 0.100000
38 0.270000
38 0.080000
38 0.160000
38 0.140000
38 0.420000
38 0.400000
38 0.350000
38 0.380000
38 0.460000
38 0.590000
38 1.450000
38 0.300000
38 0.650000
38 0.130000
38 0.230000
38 0.180000
38 0.080000
38 0.280000
38 0.730000
38 0.150000
38 0.280000
38 1.530000
38 0.320000
38 0.140000
38 0.810000
38 1.290000
38 1.000000
38 0.110000
38 0.590000
38 0.700000
38 0.200000
38 0.130000
38 0.110000
38 0.610000
38 0.130000
38 0.090000
38 0.200000
38 0.150000
38 0.130000
38 0.100000
38 0.120000
38 0.200000
38 0.210000
38 0.100000
38 0.090000
38 0.150000
38 0.170000
38 0.100000
38 0.110000
38 0.110000
38 0.130000
38 0.330000
38 0.120000
38 0.310000
38 0.100000
38 0.270000
38 0.130000
38 0.270000
38 0.120000
38 0.860000
38 0.130000
38 0.080000
38 0.880000
38 0.200000
38 0.110000
38 0.200000
38 0.170000
38 0.100000
38 0.130000
38 0.150000
38 0.230000
38 0.090000
38 0.110000
38 0.250000
38 0.450000
38 0.190000
38 0.130000
38 0.110000
38 0.370000
38 0.100000
38 0.170000
38 0.110000
38 0.350000
38 0.070000
38 0.220000
38 0.450000
38 0.160000
38 2.540000
38 0.190000
38 0.140000
38 0.200000
38 0.420000
38 0.230000
38 0.140000
38 0.540000
38 0.110000
38 0.870000
38 0.100000
38 0.140000
38 0.290000
38 0.510000
38 0.290000
38 0.080000
38 0.320000
38 0.890000
38 0.080000
38 0.130000
38 0.550000
38 0.110000
38 0.260000
38 0.160000
38 0.670000
38 0.080000
38 0.120000
38 0.100000
38 0.120000
38 0.150000
38 0.110000
38 0.240000
38 0.240000
38 0.110000
38 0.410000
38 0.140000
38 0.620000
38 0.140000
38 0.120000
38 0.310000
38 0.150000
38 0.120000
38 0.240000
38 0.830000
38 0.770000
38 0.220000
38 0.090000
38 0.310000
38 0.100000
38 0.210000
38 0.080000
38 0.470000
38 0.540000
38 0.190000
38 0.110000
38 0.180000
38 0.090000
38 0.190000
38 0.150000
38 0.190000
38 0.230000
38 0.120000
38 0.110000
38 0.280000
38 0.300000
38 0.330000
38 0.540000
38 0.120000
38 0.260000
38 0.130000
38 0.160000
38 0.090000
38 0.180000
38 0.270000
38 0.400000
38 0.300000
38 0.220000
38 0.720000
38 0.080000
38 0.130000
38 0.250000
38 0.360000
38 0.190000
38 0.270000
38 0.700000
38 0.100000
38 0.180000
38 0.090000
38 2.660000
38 0.310000
38 0.220000
38 0.250000
38 1.840000
38 0.110000
38 0.090000
38 0.110000
38 0.470000
38 0.290000
38 0.120000
38 0.150000
38 0.550000
38 0.330000
38 0.210000
38 0.140000
38 0.290000
38 0.560000
38 0.330000
38 0.080000
38 0.160000
38 0.220000
38 0.190000
38 0.500000
38 0.090000
38 0.310000
38 0.350000
38 0.370000
38 0.300000
38 0.390000
38 0.620000
38 0.210000
38 0.600000
38 0.630000
38 0.260000
38 0.190000
38 0.160000
38 0.300000
38 0.100000
38 0.080000
38 0.290000
38 0.130000
38 0.220000
38 0.080000
38 0.280000
38 1.790000
38 0.290000
38 0.210000
38 0.110000
38 0.750000
38 0.130000
38 0.110000
38 0.450000
38 0.120000
38 0.330000
38 0.140000
38 0.270000
38 2.730000
38 0.130000
38 0.610000
38 0.170000
38 0.110000
38 0.090000
38 0.140000
38 0.100000
38 0.410000
38 0.250000
38 1.440000
38 0.240000
38 0.200000
38 0.140000
38 2.380000
38 0.120000
38 0.150000
38 0.240000
38 0.090000
38 0.200000
38 0.370000
38 0.090000
38 0.160000
38 1.420000
38 0.150000
38 0.180000
38 0.250000
38 0.270000
38 0.110000
38 0.100000
38 0.530000
38 0.080000
38 0.340000
38 0.180000
38 0.160000
38 0.130000
38 1.000000
38 0.680000
38 0.690000
38 0.100000
38 0.350000
38 0.140000
38 0.100000
38 0.190000
38 0.290000
38 0.120000
38 0.190000
38 0.110000
38 0.260000
38 0.830000
38 0.560000
38 0.120000
38 0.110000
38 0.120000
38 0.110000
38 0.350000
38 0.160000
38 0.420000
38 0.090000
38 0.280000
38 0.440000
38 0.510000
38 0.500000
38 0.110000
38 0.160000
38 0.170000
38 0.200000
38 0.340000
38 3.530000
38 0.340000
38 0.260000
38 1.190000
38 0.390000
38 0.500000
38 0.240000
38 0.700000
38 0.100000
38 0.260000
38 0.170000
39 0.110000
39 0.360000
39 0.080000
39 0.100000
39 1.110000
39 0.440000
39 0.120000
39 2.500000
39 0.260000
39 0.230000
39 0.160000
39 1.260000
39 0.080000
39 0.540000
39 0.150000
39 0.250000
39 0.260000
39 0.240000
39 0.360000
39 0.200000
39 0.420000
39 1.190000
39 0.100000
39 0.190000
39 0.300000
39 0.230000
39 0.260000
39 0.130000
39 0.090000
39 0.250000
39 0.130000
39 0.090000
39 0.110000
39 0.270000
39 0.110000
39 0.170000
39 0.120000
39 0.130000
39 0.140000
39 0.100000
39 0.080000
39 0.130000
39 0.100000
39 0.100000
39 0.130000
39 0.090000
39 0.420000
39 0.110000
39 0.680000
39 0.200000
39 1.440000
39 0.230000
39 0.290000
39 0.110000
39 0.140000
39 0.500000
39 1.000000
39 0.130000
39 0.510000
39 0.180000
39 0.140000
39 0.150000
39 0.130000
39 0.190000
39 0.710000
39 0.330000
39 0.160000
39 0.590000
39 0.170000
39 0.120000
39 0.110000
39 0.150000
39 0.170000
39 0.240000
39 0.250000
39 0.100000
39 0.160000
39 1.210000
39 0.090000
39 0.490000
39 0.100000
39 0.120000
39 0.440000
39 0.230000
39 0.090000
39 0.410000
39 0.160000
39 0.080000
39 0.170000
39 0.080000
39 3.410000
39 0.230000
39 0.350000
39 0.110000
39 0.120000
39 0.320000
39 0.100000
39 2.270000
39 0.140000
39 0.140000
39 1.060000
39 0.310000
39 0.270000
39 0.850000
39 0.130000
39 0.120000
39 0.390000
39 0.330000
39 0.110000
39 0.150000
39 1.560000
39 0.120000
39 0.280000
39 0.100000
39 0.100000
39 0.240000
39 0.100000
39 0.080000
39 0.190000
39 1.270000
39 0.120000
39 0.120000
39 1.150000
39 0.110000
39 3.890000
39 0.220000
39 0.220000
39 0.130000
39 0.440000
39 1.850000
39 0.280000
39 0.380000
39 0.180000
39 0.110000
39 0.080000
39 0.910000
39 0.400000
39 0.260000
39 0.550000
39 0.080000
39 0.180000
39 0.120000
39 0.120000
39 0.140000
39 0.090000
39 0.160000
39 0.270000
39 0.090000
39 0.140000
39 0.300000
39 0.290000
39 0.450000
39 0.410000
39 0.320000
39 0.300000
39 0.340000
39 0.310000
39 0.260000
39 1.410000
39 0.120000
39 0.200000
39 0.200000
39 0.210000
39 0.100000
39 0.130000
39 0.090000
39 0.160000
39 0.140000
39 0.130000
39 0.450000
39 0.160000
39 0.100000
39 0.290000
39 0.140000
39 0.740000
39 0.100000
39 0.540000
39 0.350000
39 0.160000
39 0.170000
39 0.230000
39 0.150000
39 0.120000
39 0.310000
39 0.230000
39 0.270000
39 0.210000
39 0.530000
39 0.100000
39 0.290000
39 0.320000
39 0.310000
39 0.150000
39 1.270000
39 0.390000
39 0.560000
39 0.090000
39 0.300000
39 0.110000
39 0.140000
39 0.390000
39 0.180000
39 0.280000
39 0.370000
39 0.490000
39 0.150000
39 0.120000
39 0.330000
39 0.140000
39 0.460000
39 0.520000
39 0.140000
39 0.170000
39 0.190000
39 0.110000
39 0.090000
39 0.120000
39 1.540000
39 1.930000
39 0.380000
39 0.270000
39 0.260000
39 0.380000
39 0.100000
39 0.290000
39 0.490000
39 0.200000
39 0.190000
39 0.700000
39 0.110000
39 0.280000
39 0.110000
39 0.090000
39 0.210000
39 0.120000
39 0.110000
39 0.120000
39 0.620000
39 1.780000
39 0.120000
39 0.680000
39 0.390000
39 0.240000
39 0.290000
39 0.090000
39 0.110000
39 1.770000
39 0.240000
39 0.420000
39 0.150000
39 0.210000
39 0.160000
39 0.120000
39 0.210000
39 0.360000
39 0.120000
39 0.360000
39 0.300000
39 0.720000
39 1.130000
39 0.120000
39 0.400000
39 0.190000
39 0.170000
39 0.170000
39 0.470000
39 0.200000
39 0.140000
39 0.100000
39 0.290000
39 0.120000
39 0.260000
39 0.410000
39 1.560000
39 0.700000
39 1.240000
39 0.080000
39 0.110000
39 0.500000
39 0.130000
39 0.380000
39 0.220000
39 0.170000
39 0.130000
39 0.230000
39 0.200000
39 0.250000
39 0.480000
39 0.810000
39 0.140000
39 0.230000
39 0.350000
39 0.640000
39 0.290000
39 0.100000
39 0.180000
39 0.380000
39 0.370000
39 0.100000
39 0.270000
39 0.470000
39 0.120000
39 0.400000
39 0.170000
39 0.090000
39 0.120000
39 0.280000
39 1.340000
39 0.150000
39 0.380000
39 0.150000
39 0.200000
39 0.100000
39 0.350000
39 0.130000
39 0.170000
39 0.220000
39 0.440000
39 0.140000
39 1.000000
39 1.110000
39 0.140000
39 0.130000
39 0.120000
39 0.240000
39 0.100000
39 0.110000
39 0.100000
39 0.180000
39 0.940000
39 0.250000
39 0.220000
39 0.130000
39 0.990000
39 2.590000
39 0.100000
39 0.090000
39 0.180000
39 0.210000
39 0.200000
39 0.190000
39 0.130000
39 0.160000
39 0.110000
39 0.110000
39 0.260000
39 0.270000
39 0.530000
39 0.100000
39 0.100000
39 0.130000
39 0.450000
39 0.580000
39 0.110000
39 0.120000
39 0.460000
39 0.290000
39 2.700000
39 0.150000
39 0.230000
39 0.220000
39 1.420000
39 0.210000
39 0.250000
39 0.480000
39 0.190000
39 0.210000
39 1.520000
39 0.090000
39 0.160000
39 0.340000
39 0.730000
39 0.600000
39 0.090000
39 0.620000
39 0.270000
39 1.390000
39 0.220000
39 0.220000
39 0.460000
39 0.180000
39 0.410000
39 0.370000
39 0.090000
39 0.190000
39 0.130000
39 0.120000
39 0.120000
39 0.190000
39 0.080000
39 0.510000
39 1.300000
39 0.100000
39 0.190000
39 0.250000
39 0.260000
39 0.220000
39 0.150000
39 0.670000
39 0.140000
39 0.920000
39 0.110000
39 0.740000
39 0.090000
39 0.290000
39 0.120000
39 0.280000
39 0.100000
39 0.120000
39 0.140000
39 0.170000
39 0.950000
39 0.230000
39 0.130000
39 0.490000
39 0.160000
39 0.110000
39 0.090000
39 0.240000
39 0.210000
39 0.100000
39 8.640000
39 0.380000
39 0.130000
39 1.340000
39 0.350000
39 0.540000
39 0.120000
39 3.460000
39 0.190000
39 0.290000
39 0.350000
39 0.130000
39 0.530000
39 0.190000
39 0.240000
39 0.160000
39 0.130000
39 0.170000
39 1.160000
39 0.100000
39 0.870000
39 0.430000
39 0.110000
39 0.180000
39 0.250000
39 0.260000
39 0.440000
39 0.580000
39 0.790000
39 0.420000
39 0.080000
39 0.710000
39 0.160000
39 0.640000
39 1.460000
39 0.220000
39 0.270000
39 0.190000
39 0.230000
39 0.450000
39 0.080000
39 0.210000
39 0.410000
39 0.090000
39 0.330000
39 0.150000
39 0.140000
39 0.440000
39 0.090000
39 0.520000
39 0.160000
39 0.130000
39 0.160000
39 0.140000
39 0.090000
39 0.110000
39 0.300000
39 0.140000
39 0.160000
39 0.200000
39 0.080000
39 0.080000
39 0.710000
39 0.160000
39 0.130000
39 0.090000
39 0.300000
39 0.340000
39 0.100000
39 0.090000
39 0.090000
39 0.580000
39 0.170000
39 0.150000
39 0.190000
39 0.160000
